0.0000 	 1.0000 	 0.7500 	 1.0000 
0.0100 	 1.0000 	 0.7500 	 1.0000 
0.0200 	 1.0000 	 0.7500 	 1.0000 
0.0300 	 1.0000 	 0.7500 	 1.0000 
0.0400 	 1.0000 	 0.7500 	 1.0000 
0.0500 	 1.0000 	 0.7500 	 1.0000 
0.0600 	 1.0000 	 0.7500 	 1.0000 
0.0700 	 1.0000 	 0.7500 	 1.0000 
0.0800 	 1.0000 	 0.7500 	 1.0000 
0.0900 	 1.0000 	 0.7500 	 1.0000 
0.1000 	 1.0000 	 0.7500 	 1.0000 
0.1100 	 1.0000 	 0.7500 	 1.0000 
0.1200 	 1.0000 	 0.7500 	 1.0000 
0.1300 	 0.9999 	 0.7501 	 0.9999 
0.1400 	 0.9999 	 0.7502 	 0.9998 
0.1500 	 0.9996 	 0.7504 	 0.9995 
0.1600 	 0.9991 	 0.7510 	 0.9988 
0.1700 	 0.9981 	 0.7522 	 0.9974 
0.1800 	 0.9961 	 0.7546 	 0.9946 
0.1900 	 0.9926 	 0.7588 	 0.9897 
0.2000 	 0.9869 	 0.7655 	 0.9818 
0.2100 	 0.9785 	 0.7757 	 0.9700 
0.2200 	 0.9667 	 0.7898 	 0.9538 
0.2300 	 0.9515 	 0.8084 	 0.9330 
0.2400 	 0.9330 	 0.8313 	 0.9077 
0.2500 	 0.9113 	 0.8585 	 0.8784 
0.2600 	 0.8871 	 0.8897 	 0.8460 
0.2700 	 0.8607 	 0.9243 	 0.8111 
0.2800 	 0.8326 	 0.9621 	 0.7744 
0.2900 	 0.8033 	 1.0027 	 0.7366 
0.3000 	 0.7729 	 1.0461 	 0.6980 
0.3100 	 0.7407 	 1.0937 	 0.6576 
0.3200 	 0.6899 	 1.1721 	 0.5955 
0.3300 	 0.6590 	 1.2221 	 0.5586 
0.3400 	 0.6358 	 1.2608 	 0.5314 
0.3500 	 0.6172 	 1.2927 	 0.5099 
0.3600 	 0.6027 	 1.3181 	 0.4932 
0.3700 	 0.5919 	 1.3371 	 0.4811 
0.3800 	 0.5847 	 1.3500 	 0.4730 
0.3900 	 0.5804 	 1.3576 	 0.4683 
0.4000 	 0.5782 	 1.3614 	 0.4659 
0.4100 	 0.5771 	 1.3629 	 0.4650 
0.4200 	 0.5764 	 1.3631 	 0.4649 
0.4300 	 0.5756 	 1.3629 	 0.4650 
0.4400 	 0.5741 	 1.3626 	 0.4652 
0.4500 	 0.5715 	 1.3623 	 0.4654 
0.4600 	 0.5672 	 1.3621 	 0.4655 
0.4700 	 0.5605 	 1.3619 	 0.4656 
0.4800 	 0.5509 	 1.3618 	 0.4657 
0.4900 	 0.5380 	 1.3616 	 0.4658 
0.5000 	 0.5217 	 1.3615 	 0.4658 
0.5100 	 0.5023 	 1.3615 	 0.4659 
0.5200 	 0.4807 	 1.3614 	 0.4659 
0.5300 	 0.4578 	 1.3613 	 0.4660 
0.5400 	 0.4350 	 1.3613 	 0.4660 
0.5500 	 0.4136 	 1.3612 	 0.4660 
0.5600 	 0.3945 	 1.3611 	 0.4660 
0.5700 	 0.3785 	 1.3610 	 0.4660 
0.5800 	 0.3657 	 1.3607 	 0.4659 
0.5900 	 0.3560 	 1.3601 	 0.4656 
0.6000 	 0.3490 	 1.3590 	 0.4651 
0.6100 	 0.3439 	 1.3565 	 0.4639 
0.6200 	 0.3398 	 1.3509 	 0.4614 
0.6300 	 0.3353 	 1.3388 	 0.4558 
0.6400 	 0.3282 	 1.3126 	 0.4438 
0.6500 	 0.3150 	 1.2568 	 0.4194 
0.6600 	 0.2903 	 1.1424 	 0.3729 
0.6700 	 0.2492 	 0.9270 	 0.2973 
0.6800 	 0.1966 	 0.5909 	 0.2052 
0.6900 	 0.1527 	 0.2429 	 0.1360 
0.7000 	 0.1320 	 0.0602 	 0.1082 
0.7100 	 0.1263 	 0.0114 	 0.1015 
0.7200 	 0.1252 	 0.0020 	 0.1003 
0.7300 	 0.1250 	 0.0003 	 0.1000 
0.7400 	 0.1250 	 0.0001 	 0.1000 
0.7500 	 0.1250 	 0.0000 	 0.1000 
0.7600 	 0.1250 	 0.0000 	 0.1000 
0.7700 	 0.1250 	 0.0000 	 0.1000 
0.7800 	 0.1250 	 0.0000 	 0.1000 
0.7900 	 0.1250 	 0.0000 	 0.1000 
0.8000 	 0.1250 	 0.0000 	 0.1000 
0.8100 	 0.1250 	 0.0000 	 0.1000 
0.8200 	 0.1250 	 0.0000 	 0.1000 
0.8300 	 0.1250 	 0.0000 	 0.1000 
0.8400 	 0.1250 	 0.0000 	 0.1000 
0.8500 	 0.1250 	 0.0000 	 0.1000 
0.8600 	 0.1250 	 0.0000 	 0.1000 
0.8700 	 0.1250 	 0.0000 	 0.1000 
0.8800 	 0.1250 	 0.0000 	 0.1000 
0.8900 	 0.1250 	 0.0000 	 0.1000 
0.9000 	 0.1250 	 0.0000 	 0.1000 
0.9100 	 0.1250 	 0.0000 	 0.1000 
0.9200 	 0.1250 	 0.0000 	 0.1000 
0.9300 	 0.1250 	 0.0000 	 0.1000 
0.9400 	 0.1250 	 0.0000 	 0.1000 
0.9500 	 0.1250 	 0.0000 	 0.1000 
0.9600 	 0.1250 	 0.0000 	 0.1000 
0.9700 	 0.1250 	 0.0000 	 0.1000 
0.9800 	 0.1250 	 0.0000 	 0.1000 
0.9900 	 0.1250 	 0.0000 	 0.1000 
