0.0000 	 1.0000 	 0.7500 	 1.0000 
0.0100 	 1.0000 	 0.7500 	 1.0000 
0.0200 	 1.0000 	 0.7500 	 1.0000 
0.0300 	 1.0000 	 0.7500 	 1.0000 
0.0400 	 1.0000 	 0.7500 	 1.0000 
0.0500 	 1.0000 	 0.7500 	 1.0000 
0.0600 	 1.0000 	 0.7500 	 1.0000 
0.0700 	 1.0000 	 0.7500 	 1.0000 
0.0800 	 1.0000 	 0.7500 	 1.0000 
0.0900 	 1.0000 	 0.7500 	 1.0000 
0.1000 	 1.0000 	 0.7500 	 1.0000 
0.1100 	 1.0000 	 0.7500 	 1.0000 
0.1200 	 1.0000 	 0.7500 	 1.0000 
0.1300 	 1.0000 	 0.7500 	 1.0000 
0.1400 	 1.0000 	 0.7500 	 1.0000 
0.1500 	 1.0000 	 0.7500 	 1.0000 
0.1600 	 1.0000 	 0.7500 	 1.0000 
0.1700 	 0.9999 	 0.7501 	 0.9998 
0.1800 	 0.9997 	 0.7504 	 0.9995 
0.1900 	 0.9991 	 0.7511 	 0.9987 
0.2000 	 0.9977 	 0.7527 	 0.9968 
0.2100 	 0.9949 	 0.7561 	 0.9928 
0.2200 	 0.9895 	 0.7625 	 0.9853 
0.2300 	 0.9804 	 0.7734 	 0.9727 
0.2400 	 0.9665 	 0.7901 	 0.9536 
0.2500 	 0.9473 	 0.8136 	 0.9272 
0.2600 	 0.9226 	 0.8442 	 0.8937 
0.2700 	 0.8930 	 0.8819 	 0.8540 
0.2800 	 0.8592 	 0.9261 	 0.8093 
0.2900 	 0.8222 	 0.9762 	 0.7611 
0.3000 	 0.7826 	 1.0318 	 0.7105 
0.3100 	 0.7405 	 1.0935 	 0.6578 
0.3200 	 0.6751 	 1.1954 	 0.5781 
0.3300 	 0.6401 	 1.2530 	 0.5368 
0.3400 	 0.6154 	 1.2950 	 0.5083 
0.3500 	 0.5979 	 1.3256 	 0.4884 
0.3600 	 0.5865 	 1.3457 	 0.4756 
0.3700 	 0.5798 	 1.3570 	 0.4686 
0.3800 	 0.5761 	 1.3621 	 0.4655 
0.3900 	 0.5736 	 1.3637 	 0.4646 
0.4000 	 0.5703 	 1.3637 	 0.4646 
0.4100 	 0.5649 	 1.3633 	 0.4648 
0.4200 	 0.5560 	 1.3628 	 0.4651 
0.4300 	 0.5428 	 1.3625 	 0.4653 
0.4400 	 0.5247 	 1.3622 	 0.4655 
0.4500 	 0.5022 	 1.3620 	 0.4656 
0.4600 	 0.4764 	 1.3618 	 0.4656 
0.4700 	 0.4492 	 1.3616 	 0.4657 
0.4800 	 0.4226 	 1.3613 	 0.4656 
0.4900 	 0.3987 	 1.3608 	 0.4655 
0.5000 	 0.3786 	 1.3597 	 0.4650 
0.5100 	 0.3628 	 1.3573 	 0.4639 
0.5200 	 0.3508 	 1.3520 	 0.4615 
0.5300 	 0.3410 	 1.3402 	 0.4561 
0.5400 	 0.3308 	 1.3142 	 0.4442 
0.5500 	 0.3158 	 1.2577 	 0.4195 
0.5600 	 0.2898 	 1.1408 	 0.3720 
0.5700 	 0.2476 	 0.9193 	 0.2947 
0.5800 	 0.1944 	 0.5758 	 0.2017 
0.5900 	 0.1510 	 0.2289 	 0.1337 
0.6000 	 0.1313 	 0.0547 	 0.1074 
0.6100 	 0.1262 	 0.0100 	 0.1013 
0.6200 	 0.1252 	 0.0017 	 0.1002 
0.6300 	 0.1250 	 0.0003 	 0.1000 
0.6400 	 0.1250 	 0.0000 	 0.1000 
0.6500 	 0.1250 	 0.0000 	 0.1000 
0.6600 	 0.1250 	 0.0000 	 0.1000 
0.6700 	 0.1250 	 0.0000 	 0.1000 
0.6800 	 0.1250 	 0.0000 	 0.1000 
0.6900 	 0.1250 	 0.0000 	 0.1000 
0.7000 	 0.1250 	 0.0000 	 0.1000 
0.7100 	 0.1250 	 0.0000 	 0.1000 
0.7200 	 0.1250 	 0.0000 	 0.1000 
0.7300 	 0.1250 	 0.0000 	 0.1000 
0.7400 	 0.1250 	 0.0000 	 0.1000 
0.7500 	 0.1250 	 0.0000 	 0.1000 
0.7600 	 0.1250 	 0.0000 	 0.1000 
0.7700 	 0.1250 	 0.0000 	 0.1000 
0.7800 	 0.1250 	 0.0000 	 0.1000 
0.7900 	 0.1250 	 0.0000 	 0.1000 
0.8000 	 0.1250 	 0.0000 	 0.1000 
0.8100 	 0.1250 	 0.0000 	 0.1000 
0.8200 	 0.1250 	 0.0000 	 0.1000 
0.8300 	 0.1250 	 0.0000 	 0.1000 
0.8400 	 0.1250 	 0.0000 	 0.1000 
0.8500 	 0.1250 	 0.0000 	 0.1000 
0.8600 	 0.1250 	 0.0000 	 0.1000 
0.8700 	 0.1250 	 0.0000 	 0.1000 
0.8800 	 0.1250 	 0.0000 	 0.1000 
0.8900 	 0.1250 	 0.0000 	 0.1000 
0.9000 	 0.1250 	 0.0000 	 0.1000 
0.9100 	 0.1250 	 0.0000 	 0.1000 
0.9200 	 0.1250 	 0.0000 	 0.1000 
0.9300 	 0.1250 	 0.0000 	 0.1000 
0.9400 	 0.1250 	 0.0000 	 0.1000 
0.9500 	 0.1250 	 0.0000 	 0.1000 
0.9600 	 0.1250 	 0.0000 	 0.1000 
0.9700 	 0.1250 	 0.0000 	 0.1000 
0.9800 	 0.1250 	 0.0000 	 0.1000 
0.9900 	 0.1250 	 0.0000 	 0.1000 
