0.0000 	 1.0000 	 0.7500 	 1.0000 
0.0100 	 1.0000 	 0.7500 	 1.0000 
0.0200 	 1.0000 	 0.7500 	 1.0000 
0.0300 	 1.0000 	 0.7500 	 1.0000 
0.0400 	 1.0000 	 0.7500 	 1.0000 
0.0500 	 1.0000 	 0.7500 	 1.0000 
0.0600 	 1.0000 	 0.7500 	 1.0000 
0.0700 	 1.0000 	 0.7500 	 1.0000 
0.0800 	 1.0000 	 0.7500 	 1.0000 
0.0900 	 1.0000 	 0.7500 	 1.0000 
0.1000 	 1.0000 	 0.7500 	 1.0000 
0.1100 	 1.0000 	 0.7500 	 1.0000 
0.1200 	 1.0000 	 0.7500 	 1.0000 
0.1300 	 0.9999 	 0.7501 	 0.9999 
0.1400 	 0.9998 	 0.7503 	 0.9997 
0.1500 	 0.9995 	 0.7506 	 0.9992 
0.1600 	 0.9988 	 0.7514 	 0.9983 
0.1700 	 0.9974 	 0.7530 	 0.9964 
0.1800 	 0.9950 	 0.7560 	 0.9930 
0.1900 	 0.9908 	 0.7609 	 0.9872 
0.2000 	 0.9843 	 0.7686 	 0.9782 
0.2100 	 0.9751 	 0.7798 	 0.9653 
0.2200 	 0.9626 	 0.7949 	 0.9481 
0.2300 	 0.9469 	 0.8141 	 0.9266 
0.2400 	 0.9280 	 0.8375 	 0.9009 
0.2500 	 0.9064 	 0.8648 	 0.8718 
0.2600 	 0.8825 	 0.8956 	 0.8399 
0.2700 	 0.8567 	 0.9297 	 0.8058 
0.2800 	 0.8294 	 0.9665 	 0.7703 
0.2900 	 0.8011 	 1.0059 	 0.7337 
0.3000 	 0.7717 	 1.0479 	 0.6965 
0.3100 	 0.7406 	 1.0939 	 0.6575 
0.3200 	 0.6916 	 1.1694 	 0.5976 
0.3300 	 0.6613 	 1.2183 	 0.5613 
0.3400 	 0.6384 	 1.2564 	 0.5344 
0.3500 	 0.6199 	 1.2880 	 0.5129 
0.3600 	 0.6052 	 1.3137 	 0.4960 
0.3700 	 0.5940 	 1.3334 	 0.4834 
0.3800 	 0.5863 	 1.3473 	 0.4747 
0.3900 	 0.5814 	 1.3559 	 0.4693 
0.4000 	 0.5788 	 1.3606 	 0.4665 
0.4100 	 0.5775 	 1.3625 	 0.4652 
0.4200 	 0.5769 	 1.3631 	 0.4649 
0.4300 	 0.5764 	 1.3630 	 0.4650 
0.4400 	 0.5755 	 1.3627 	 0.4651 
0.4500 	 0.5738 	 1.3624 	 0.4653 
0.4600 	 0.5710 	 1.3621 	 0.4655 
0.4700 	 0.5663 	 1.3619 	 0.4656 
0.4800 	 0.5594 	 1.3618 	 0.4657 
0.4900 	 0.5495 	 1.3617 	 0.4658 
0.5000 	 0.5365 	 1.3616 	 0.4658 
0.5100 	 0.5203 	 1.3615 	 0.4659 
0.5200 	 0.5011 	 1.3614 	 0.4659 
0.5300 	 0.4798 	 1.3613 	 0.4660 
0.5400 	 0.4574 	 1.3613 	 0.4660 
0.5500 	 0.4352 	 1.3612 	 0.4660 
0.5600 	 0.4142 	 1.3612 	 0.4660 
0.5700 	 0.3955 	 1.3611 	 0.4660 
0.5800 	 0.3796 	 1.3610 	 0.4660 
0.5900 	 0.3669 	 1.3608 	 0.4660 
0.6000 	 0.3571 	 1.3604 	 0.4658 
0.6100 	 0.3501 	 1.3597 	 0.4655 
0.6200 	 0.3450 	 1.3581 	 0.4647 
0.6300 	 0.3412 	 1.3545 	 0.4631 
0.6400 	 0.3375 	 1.3466 	 0.4594 
0.6500 	 0.3325 	 1.3296 	 0.4516 
0.6600 	 0.3234 	 1.2928 	 0.4351 
0.6700 	 0.3059 	 1.2159 	 0.4022 
0.6800 	 0.2744 	 1.0628 	 0.3432 
0.6900 	 0.2267 	 0.7925 	 0.2570 
0.7000 	 0.1750 	 0.4276 	 0.1698 
0.7100 	 0.1409 	 0.1394 	 0.1196 
0.7200 	 0.1285 	 0.0297 	 0.1040 
0.7300 	 0.1256 	 0.0054 	 0.1007 
0.7400 	 0.1251 	 0.0009 	 0.1001 
0.7500 	 0.1250 	 0.0002 	 0.1000 
0.7600 	 0.1250 	 0.0000 	 0.1000 
0.7700 	 0.1250 	 0.0000 	 0.1000 
0.7800 	 0.1250 	 0.0000 	 0.1000 
0.7900 	 0.1250 	 0.0000 	 0.1000 
0.8000 	 0.1250 	 0.0000 	 0.1000 
0.8100 	 0.1250 	 0.0000 	 0.1000 
0.8200 	 0.1250 	 0.0000 	 0.1000 
0.8300 	 0.1250 	 0.0000 	 0.1000 
0.8400 	 0.1250 	 0.0000 	 0.1000 
0.8500 	 0.1250 	 0.0000 	 0.1000 
0.8600 	 0.1250 	 0.0000 	 0.1000 
0.8700 	 0.1250 	 0.0000 	 0.1000 
0.8800 	 0.1250 	 0.0000 	 0.1000 
0.8900 	 0.1250 	 0.0000 	 0.1000 
0.9000 	 0.1250 	 0.0000 	 0.1000 
0.9100 	 0.1250 	 0.0000 	 0.1000 
0.9200 	 0.1250 	 0.0000 	 0.1000 
0.9300 	 0.1250 	 0.0000 	 0.1000 
0.9400 	 0.1250 	 0.0000 	 0.1000 
0.9500 	 0.1250 	 0.0000 	 0.1000 
0.9600 	 0.1250 	 0.0000 	 0.1000 
0.9700 	 0.1250 	 0.0000 	 0.1000 
0.9800 	 0.1250 	 0.0000 	 0.1000 
0.9900 	 0.1250 	 0.0000 	 0.1000 
