0.0000 	 1.0000 	 0.7500 	 1.0000 
0.0100 	 1.0000 	 0.7500 	 1.0000 
0.0200 	 1.0000 	 0.7500 	 1.0000 
0.0300 	 1.0000 	 0.7500 	 1.0000 
0.0400 	 1.0000 	 0.7500 	 1.0000 
0.0500 	 1.0000 	 0.7500 	 1.0000 
0.0600 	 1.0000 	 0.7500 	 1.0000 
0.0700 	 1.0000 	 0.7500 	 1.0000 
0.0800 	 1.0000 	 0.7500 	 1.0000 
0.0900 	 1.0000 	 0.7500 	 1.0000 
0.1000 	 1.0000 	 0.7500 	 1.0000 
0.1100 	 1.0000 	 0.7500 	 1.0000 
0.1200 	 1.0000 	 0.7500 	 1.0000 
0.1300 	 1.0000 	 0.7500 	 1.0000 
0.1400 	 1.0000 	 0.7500 	 1.0000 
0.1500 	 1.0000 	 0.7500 	 1.0000 
0.1600 	 1.0000 	 0.7500 	 1.0000 
0.1700 	 1.0000 	 0.7500 	 1.0000 
0.1800 	 0.9999 	 0.7501 	 0.9998 
0.1900 	 0.9996 	 0.7504 	 0.9995 
0.2000 	 0.9989 	 0.7513 	 0.9985 
0.2100 	 0.9973 	 0.7532 	 0.9962 
0.2200 	 0.9937 	 0.7574 	 0.9913 
0.2300 	 0.9870 	 0.7654 	 0.9819 
0.2400 	 0.9756 	 0.7791 	 0.9661 
0.2500 	 0.9584 	 0.8000 	 0.9424 
0.2600 	 0.9347 	 0.8291 	 0.9101 
0.2700 	 0.9048 	 0.8667 	 0.8698 
0.2800 	 0.8694 	 0.9126 	 0.8228 
0.2900 	 0.8295 	 0.9660 	 0.7708 
0.3000 	 0.7863 	 1.0264 	 0.7154 
0.3100 	 0.7400 	 1.0941 	 0.6573 
0.3200 	 0.6692 	 1.2047 	 0.5712 
0.3300 	 0.6331 	 1.2644 	 0.5289 
0.3400 	 0.6085 	 1.3066 	 0.5007 
0.3500 	 0.5920 	 1.3353 	 0.4822 
0.3600 	 0.5820 	 1.3525 	 0.4714 
0.3700 	 0.5764 	 1.3608 	 0.4663 
0.3800 	 0.5725 	 1.3636 	 0.4646 
0.3900 	 0.5681 	 1.3640 	 0.4644 
0.4000 	 0.5608 	 1.3636 	 0.4646 
0.4100 	 0.5492 	 1.3631 	 0.4649 
0.4200 	 0.5323 	 1.3627 	 0.4652 
0.4300 	 0.5101 	 1.3624 	 0.4654 
0.4400 	 0.4836 	 1.3621 	 0.4655 
0.4500 	 0.4549 	 1.3618 	 0.4655 
0.4600 	 0.4263 	 1.3613 	 0.4654 
0.4700 	 0.4003 	 1.3603 	 0.4651 
0.4800 	 0.3784 	 1.3583 	 0.4642 
0.4900 	 0.3611 	 1.3538 	 0.4621 
0.5000 	 0.3474 	 1.3438 	 0.4575 
0.5100 	 0.3351 	 1.3212 	 0.4472 
0.5200 	 0.3199 	 1.2717 	 0.4253 
0.5300 	 0.2955 	 1.1673 	 0.3822 
0.5400 	 0.2556 	 0.9647 	 0.3093 
0.5500 	 0.2027 	 0.6355 	 0.2158 
0.5600 	 0.1561 	 0.2729 	 0.1411 
0.5700 	 0.1329 	 0.0690 	 0.1094 
0.5800 	 0.1265 	 0.0128 	 0.1017 
0.5900 	 0.1253 	 0.0022 	 0.1003 
0.6000 	 0.1250 	 0.0004 	 0.1000 
0.6100 	 0.1250 	 0.0001 	 0.1000 
0.6200 	 0.1250 	 0.0000 	 0.1000 
0.6300 	 0.1250 	 0.0000 	 0.1000 
0.6400 	 0.1250 	 0.0000 	 0.1000 
0.6500 	 0.1250 	 0.0000 	 0.1000 
0.6600 	 0.1250 	 0.0000 	 0.1000 
0.6700 	 0.1250 	 0.0000 	 0.1000 
0.6800 	 0.1250 	 0.0000 	 0.1000 
0.6900 	 0.1250 	 0.0000 	 0.1000 
0.7000 	 0.1250 	 0.0000 	 0.1000 
0.7100 	 0.1250 	 0.0000 	 0.1000 
0.7200 	 0.1250 	 0.0000 	 0.1000 
0.7300 	 0.1250 	 0.0000 	 0.1000 
0.7400 	 0.1250 	 0.0000 	 0.1000 
0.7500 	 0.1250 	 0.0000 	 0.1000 
0.7600 	 0.1250 	 0.0000 	 0.1000 
0.7700 	 0.1250 	 0.0000 	 0.1000 
0.7800 	 0.1250 	 0.0000 	 0.1000 
0.7900 	 0.1250 	 0.0000 	 0.1000 
0.8000 	 0.1250 	 0.0000 	 0.1000 
0.8100 	 0.1250 	 0.0000 	 0.1000 
0.8200 	 0.1250 	 0.0000 	 0.1000 
0.8300 	 0.1250 	 0.0000 	 0.1000 
0.8400 	 0.1250 	 0.0000 	 0.1000 
0.8500 	 0.1250 	 0.0000 	 0.1000 
0.8600 	 0.1250 	 0.0000 	 0.1000 
0.8700 	 0.1250 	 0.0000 	 0.1000 
0.8800 	 0.1250 	 0.0000 	 0.1000 
0.8900 	 0.1250 	 0.0000 	 0.1000 
0.9000 	 0.1250 	 0.0000 	 0.1000 
0.9100 	 0.1250 	 0.0000 	 0.1000 
0.9200 	 0.1250 	 0.0000 	 0.1000 
0.9300 	 0.1250 	 0.0000 	 0.1000 
0.9400 	 0.1250 	 0.0000 	 0.1000 
0.9500 	 0.1250 	 0.0000 	 0.1000 
0.9600 	 0.1250 	 0.0000 	 0.1000 
0.9700 	 0.1250 	 0.0000 	 0.1000 
0.9800 	 0.1250 	 0.0000 	 0.1000 
0.9900 	 0.1250 	 0.0000 	 0.1000 
