0.0000 	 1.0000 	 0.7500 	 1.0000 
0.0100 	 1.0000 	 0.7500 	 1.0000 
0.0200 	 1.0000 	 0.7500 	 1.0000 
0.0300 	 1.0000 	 0.7500 	 1.0000 
0.0400 	 1.0000 	 0.7500 	 1.0000 
0.0500 	 1.0000 	 0.7500 	 1.0000 
0.0600 	 1.0000 	 0.7500 	 1.0000 
0.0700 	 1.0000 	 0.7500 	 1.0000 
0.0800 	 1.0000 	 0.7500 	 1.0000 
0.0900 	 1.0000 	 0.7500 	 1.0000 
0.1000 	 1.0000 	 0.7500 	 1.0000 
0.1100 	 1.0000 	 0.7500 	 1.0000 
0.1200 	 1.0000 	 0.7500 	 1.0000 
0.1300 	 1.0000 	 0.7500 	 1.0000 
0.1400 	 1.0000 	 0.7500 	 1.0000 
0.1500 	 1.0000 	 0.7500 	 1.0000 
0.1600 	 1.0000 	 0.7500 	 1.0000 
0.1700 	 1.0000 	 0.7500 	 1.0000 
0.1800 	 0.9999 	 0.7501 	 0.9999 
0.1900 	 0.9998 	 0.7502 	 0.9997 
0.2000 	 0.9994 	 0.7508 	 0.9991 
0.2100 	 0.9982 	 0.7521 	 0.9975 
0.2200 	 0.9956 	 0.7552 	 0.9938 
0.2300 	 0.9902 	 0.7617 	 0.9863 
0.2400 	 0.9803 	 0.7734 	 0.9726 
0.2500 	 0.9645 	 0.7925 	 0.9508 
0.2600 	 0.9418 	 0.8203 	 0.9198 
0.2700 	 0.9120 	 0.8576 	 0.8795 
0.2800 	 0.8758 	 0.9042 	 0.8312 
0.2900 	 0.8342 	 0.9595 	 0.7769 
0.3000 	 0.7886 	 1.0229 	 0.7184 
0.3100 	 0.7395 	 1.0946 	 0.6568 
0.3200 	 0.6654 	 1.2106 	 0.5669 
0.3300 	 0.6288 	 1.2715 	 0.5241 
0.3400 	 0.6045 	 1.3134 	 0.4963 
0.3500 	 0.5887 	 1.3407 	 0.4788 
0.3600 	 0.5794 	 1.3558 	 0.4694 
0.3700 	 0.5739 	 1.3623 	 0.4654 
0.3800 	 0.5692 	 1.3641 	 0.4643 
0.3900 	 0.5623 	 1.3640 	 0.4644 
0.4000 	 0.5511 	 1.3635 	 0.4647 
0.4100 	 0.5344 	 1.3630 	 0.4650 
0.4200 	 0.5120 	 1.3626 	 0.4652 
0.4300 	 0.4848 	 1.3623 	 0.4654 
0.4400 	 0.4550 	 1.3618 	 0.4654 
0.4500 	 0.4253 	 1.3611 	 0.4652 
0.4600 	 0.3983 	 1.3597 	 0.4646 
0.4700 	 0.3757 	 1.3566 	 0.4632 
0.4800 	 0.3578 	 1.3495 	 0.4600 
0.4900 	 0.3431 	 1.3337 	 0.4527 
0.5000 	 0.3283 	 1.2982 	 0.4368 
0.5100 	 0.3079 	 1.2215 	 0.4040 
0.5200 	 0.2745 	 1.0654 	 0.3438 
0.5300 	 0.2254 	 0.7866 	 0.2552 
0.5400 	 0.1729 	 0.4129 	 0.1669 
0.5500 	 0.1396 	 0.1280 	 0.1179 
0.5600 	 0.1280 	 0.0258 	 0.1034 
0.5700 	 0.1255 	 0.0044 	 0.1006 
0.5800 	 0.1251 	 0.0007 	 0.1001 
0.5900 	 0.1250 	 0.0001 	 0.1000 
0.6000 	 0.1250 	 0.0000 	 0.1000 
0.6100 	 0.1250 	 0.0000 	 0.1000 
0.6200 	 0.1250 	 0.0000 	 0.1000 
0.6300 	 0.1250 	 0.0000 	 0.1000 
0.6400 	 0.1250 	 0.0000 	 0.1000 
0.6500 	 0.1250 	 0.0000 	 0.1000 
0.6600 	 0.1250 	 0.0000 	 0.1000 
0.6700 	 0.1250 	 0.0000 	 0.1000 
0.6800 	 0.1250 	 0.0000 	 0.1000 
0.6900 	 0.1250 	 0.0000 	 0.1000 
0.7000 	 0.1250 	 0.0000 	 0.1000 
0.7100 	 0.1250 	 0.0000 	 0.1000 
0.7200 	 0.1250 	 0.0000 	 0.1000 
0.7300 	 0.1250 	 0.0000 	 0.1000 
0.7400 	 0.1250 	 0.0000 	 0.1000 
0.7500 	 0.1250 	 0.0000 	 0.1000 
0.7600 	 0.1250 	 0.0000 	 0.1000 
0.7700 	 0.1250 	 0.0000 	 0.1000 
0.7800 	 0.1250 	 0.0000 	 0.1000 
0.7900 	 0.1250 	 0.0000 	 0.1000 
0.8000 	 0.1250 	 0.0000 	 0.1000 
0.8100 	 0.1250 	 0.0000 	 0.1000 
0.8200 	 0.1250 	 0.0000 	 0.1000 
0.8300 	 0.1250 	 0.0000 	 0.1000 
0.8400 	 0.1250 	 0.0000 	 0.1000 
0.8500 	 0.1250 	 0.0000 	 0.1000 
0.8600 	 0.1250 	 0.0000 	 0.1000 
0.8700 	 0.1250 	 0.0000 	 0.1000 
0.8800 	 0.1250 	 0.0000 	 0.1000 
0.8900 	 0.1250 	 0.0000 	 0.1000 
0.9000 	 0.1250 	 0.0000 	 0.1000 
0.9100 	 0.1250 	 0.0000 	 0.1000 
0.9200 	 0.1250 	 0.0000 	 0.1000 
0.9300 	 0.1250 	 0.0000 	 0.1000 
0.9400 	 0.1250 	 0.0000 	 0.1000 
0.9500 	 0.1250 	 0.0000 	 0.1000 
0.9600 	 0.1250 	 0.0000 	 0.1000 
0.9700 	 0.1250 	 0.0000 	 0.1000 
0.9800 	 0.1250 	 0.0000 	 0.1000 
0.9900 	 0.1250 	 0.0000 	 0.1000 
