0.0000 	 1.0000 	 0.7500 	 1.0000 
0.0100 	 1.0000 	 0.7500 	 1.0000 
0.0200 	 1.0000 	 0.7500 	 1.0000 
0.0300 	 1.0000 	 0.7500 	 1.0000 
0.0400 	 1.0000 	 0.7500 	 1.0000 
0.0500 	 1.0000 	 0.7500 	 1.0000 
0.0600 	 1.0000 	 0.7500 	 1.0000 
0.0700 	 1.0000 	 0.7500 	 1.0000 
0.0800 	 1.0000 	 0.7500 	 1.0000 
0.0900 	 1.0000 	 0.7500 	 1.0000 
0.1000 	 1.0000 	 0.7500 	 1.0000 
0.1100 	 1.0000 	 0.7500 	 1.0000 
0.1200 	 1.0000 	 0.7500 	 1.0000 
0.1300 	 1.0000 	 0.7500 	 1.0000 
0.1400 	 1.0000 	 0.7500 	 1.0000 
0.1500 	 1.0000 	 0.7500 	 1.0000 
0.1600 	 1.0000 	 0.7500 	 1.0000 
0.1700 	 1.0000 	 0.7500 	 1.0000 
0.1800 	 1.0000 	 0.7500 	 1.0000 
0.1900 	 0.9999 	 0.7501 	 0.9999 
0.2000 	 0.9998 	 0.7503 	 0.9997 
0.2100 	 0.9993 	 0.7508 	 0.9990 
0.2200 	 0.9979 	 0.7524 	 0.9971 
0.2300 	 0.9947 	 0.7563 	 0.9926 
0.2400 	 0.9878 	 0.7645 	 0.9830 
0.2500 	 0.9752 	 0.7796 	 0.9656 
0.2600 	 0.9550 	 0.8041 	 0.9378 
0.2700 	 0.9261 	 0.8397 	 0.8986 
0.2800 	 0.8888 	 0.8872 	 0.8486 
0.2900 	 0.8440 	 0.9461 	 0.7898 
0.3000 	 0.7934 	 1.0159 	 0.7247 
0.3100 	 0.7382 	 1.0963 	 0.6554 
0.3200 	 0.6575 	 1.2231 	 0.5579 
0.3300 	 0.6203 	 1.2855 	 0.5146 
0.3400 	 0.5966 	 1.3260 	 0.4881 
0.3500 	 0.5822 	 1.3498 	 0.4731 
0.3600 	 0.5736 	 1.3608 	 0.4664 
0.3700 	 0.5667 	 1.3643 	 0.4642 
0.3800 	 0.5572 	 1.3645 	 0.4641 
0.3900 	 0.5423 	 1.3639 	 0.4645 
0.4000 	 0.5208 	 1.3633 	 0.4648 
0.4100 	 0.4931 	 1.3627 	 0.4650 
0.4200 	 0.4614 	 1.3620 	 0.4650 
0.4300 	 0.4291 	 1.3607 	 0.4646 
0.4400 	 0.3992 	 1.3581 	 0.4635 
0.4500 	 0.3739 	 1.3521 	 0.4608 
0.4600 	 0.3533 	 1.3385 	 0.4545 
0.4700 	 0.3348 	 1.3075 	 0.4405 
0.4800 	 0.3132 	 1.2391 	 0.4110 
0.4900 	 0.2808 	 1.0967 	 0.3550 
0.5000 	 0.2328 	 0.8339 	 0.2686 
0.5100 	 0.1790 	 0.4614 	 0.1767 
0.5200 	 0.1422 	 0.1517 	 0.1214 
0.5300 	 0.1286 	 0.0312 	 0.1042 
0.5400 	 0.1256 	 0.0053 	 0.1007 
0.5500 	 0.1251 	 0.0009 	 0.1001 
0.5600 	 0.1250 	 0.0001 	 0.1000 
0.5700 	 0.1250 	 0.0000 	 0.1000 
0.5800 	 0.1250 	 0.0000 	 0.1000 
0.5900 	 0.1250 	 0.0000 	 0.1000 
0.6000 	 0.1250 	 0.0000 	 0.1000 
0.6100 	 0.1250 	 0.0000 	 0.1000 
0.6200 	 0.1250 	 0.0000 	 0.1000 
0.6300 	 0.1250 	 0.0000 	 0.1000 
0.6400 	 0.1250 	 0.0000 	 0.1000 
0.6500 	 0.1250 	 0.0000 	 0.1000 
0.6600 	 0.1250 	 0.0000 	 0.1000 
0.6700 	 0.1250 	 0.0000 	 0.1000 
0.6800 	 0.1250 	 0.0000 	 0.1000 
0.6900 	 0.1250 	 0.0000 	 0.1000 
0.7000 	 0.1250 	 0.0000 	 0.1000 
0.7100 	 0.1250 	 0.0000 	 0.1000 
0.7200 	 0.1250 	 0.0000 	 0.1000 
0.7300 	 0.1250 	 0.0000 	 0.1000 
0.7400 	 0.1250 	 0.0000 	 0.1000 
0.7500 	 0.1250 	 0.0000 	 0.1000 
0.7600 	 0.1250 	 0.0000 	 0.1000 
0.7700 	 0.1250 	 0.0000 	 0.1000 
0.7800 	 0.1250 	 0.0000 	 0.1000 
0.7900 	 0.1250 	 0.0000 	 0.1000 
0.8000 	 0.1250 	 0.0000 	 0.1000 
0.8100 	 0.1250 	 0.0000 	 0.1000 
0.8200 	 0.1250 	 0.0000 	 0.1000 
0.8300 	 0.1250 	 0.0000 	 0.1000 
0.8400 	 0.1250 	 0.0000 	 0.1000 
0.8500 	 0.1250 	 0.0000 	 0.1000 
0.8600 	 0.1250 	 0.0000 	 0.1000 
0.8700 	 0.1250 	 0.0000 	 0.1000 
0.8800 	 0.1250 	 0.0000 	 0.1000 
0.8900 	 0.1250 	 0.0000 	 0.1000 
0.9000 	 0.1250 	 0.0000 	 0.1000 
0.9100 	 0.1250 	 0.0000 	 0.1000 
0.9200 	 0.1250 	 0.0000 	 0.1000 
0.9300 	 0.1250 	 0.0000 	 0.1000 
0.9400 	 0.1250 	 0.0000 	 0.1000 
0.9500 	 0.1250 	 0.0000 	 0.1000 
0.9600 	 0.1250 	 0.0000 	 0.1000 
0.9700 	 0.1250 	 0.0000 	 0.1000 
0.9800 	 0.1250 	 0.0000 	 0.1000 
0.9900 	 0.1250 	 0.0000 	 0.1000 
