0.0000 	 1.0000 	 0.7500 	 1.0000 
0.0100 	 1.0000 	 0.7500 	 1.0000 
0.0200 	 1.0000 	 0.7500 	 1.0000 
0.0300 	 1.0000 	 0.7500 	 1.0000 
0.0400 	 1.0000 	 0.7500 	 1.0000 
0.0500 	 1.0000 	 0.7500 	 1.0000 
0.0600 	 1.0000 	 0.7500 	 1.0000 
0.0700 	 1.0000 	 0.7500 	 1.0000 
0.0800 	 1.0000 	 0.7500 	 1.0000 
0.0900 	 1.0000 	 0.7500 	 1.0000 
0.1000 	 1.0000 	 0.7500 	 1.0000 
0.1100 	 1.0000 	 0.7500 	 1.0000 
0.1200 	 1.0000 	 0.7500 	 1.0000 
0.1300 	 1.0000 	 0.7500 	 1.0000 
0.1400 	 1.0000 	 0.7500 	 1.0000 
0.1500 	 1.0000 	 0.7500 	 1.0000 
0.1600 	 1.0000 	 0.7500 	 1.0000 
0.1700 	 1.0000 	 0.7500 	 1.0000 
0.1800 	 1.0000 	 0.7500 	 0.9999 
0.1900 	 0.9999 	 0.7502 	 0.9998 
0.2000 	 0.9995 	 0.7505 	 0.9994 
0.2100 	 0.9987 	 0.7516 	 0.9981 
0.2200 	 0.9965 	 0.7541 	 0.9951 
0.2300 	 0.9918 	 0.7597 	 0.9886 
0.2400 	 0.9830 	 0.7703 	 0.9763 
0.2500 	 0.9682 	 0.7881 	 0.9558 
0.2600 	 0.9461 	 0.8149 	 0.9257 
0.2700 	 0.9165 	 0.8518 	 0.8856 
0.2800 	 0.8799 	 0.8988 	 0.8367 
0.2900 	 0.8373 	 0.9553 	 0.7809 
0.3000 	 0.7901 	 1.0207 	 0.7204 
0.3100 	 0.7392 	 1.0951 	 0.6565 
0.3200 	 0.6629 	 1.2145 	 0.5640 
0.3300 	 0.6261 	 1.2759 	 0.5210 
0.3400 	 0.6019 	 1.3175 	 0.4936 
0.3500 	 0.5866 	 1.3438 	 0.4769 
0.3600 	 0.5777 	 1.3576 	 0.4683 
0.3700 	 0.5721 	 1.3631 	 0.4649 
0.3800 	 0.5662 	 1.3643 	 0.4642 
0.3900 	 0.5573 	 1.3640 	 0.4644 
0.4000 	 0.5431 	 1.3635 	 0.4648 
0.4100 	 0.5229 	 1.3629 	 0.4650 
0.4200 	 0.4970 	 1.3625 	 0.4652 
0.4300 	 0.4673 	 1.3621 	 0.4653 
0.4400 	 0.4365 	 1.3614 	 0.4651 
0.4500 	 0.4075 	 1.3600 	 0.4646 
0.4600 	 0.3825 	 1.3571 	 0.4633 
0.4700 	 0.3623 	 1.3504 	 0.4603 
0.4800 	 0.3459 	 1.3353 	 0.4533 
0.4900 	 0.3302 	 1.3014 	 0.4381 
0.5000 	 0.3096 	 1.2276 	 0.4064 
0.5100 	 0.2767 	 1.0764 	 0.3477 
0.5200 	 0.2279 	 0.8032 	 0.2598 
0.5300 	 0.1750 	 0.4297 	 0.1702 
0.5400 	 0.1405 	 0.1360 	 0.1191 
0.5500 	 0.1282 	 0.0276 	 0.1037 
0.5600 	 0.1256 	 0.0047 	 0.1006 
0.5700 	 0.1251 	 0.0008 	 0.1001 
0.5800 	 0.1250 	 0.0001 	 0.1000 
0.5900 	 0.1250 	 0.0000 	 0.1000 
0.6000 	 0.1250 	 0.0000 	 0.1000 
0.6100 	 0.1250 	 0.0000 	 0.1000 
0.6200 	 0.1250 	 0.0000 	 0.1000 
0.6300 	 0.1250 	 0.0000 	 0.1000 
0.6400 	 0.1250 	 0.0000 	 0.1000 
0.6500 	 0.1250 	 0.0000 	 0.1000 
0.6600 	 0.1250 	 0.0000 	 0.1000 
0.6700 	 0.1250 	 0.0000 	 0.1000 
0.6800 	 0.1250 	 0.0000 	 0.1000 
0.6900 	 0.1250 	 0.0000 	 0.1000 
0.7000 	 0.1250 	 0.0000 	 0.1000 
0.7100 	 0.1250 	 0.0000 	 0.1000 
0.7200 	 0.1250 	 0.0000 	 0.1000 
0.7300 	 0.1250 	 0.0000 	 0.1000 
0.7400 	 0.1250 	 0.0000 	 0.1000 
0.7500 	 0.1250 	 0.0000 	 0.1000 
0.7600 	 0.1250 	 0.0000 	 0.1000 
0.7700 	 0.1250 	 0.0000 	 0.1000 
0.7800 	 0.1250 	 0.0000 	 0.1000 
0.7900 	 0.1250 	 0.0000 	 0.1000 
0.8000 	 0.1250 	 0.0000 	 0.1000 
0.8100 	 0.1250 	 0.0000 	 0.1000 
0.8200 	 0.1250 	 0.0000 	 0.1000 
0.8300 	 0.1250 	 0.0000 	 0.1000 
0.8400 	 0.1250 	 0.0000 	 0.1000 
0.8500 	 0.1250 	 0.0000 	 0.1000 
0.8600 	 0.1250 	 0.0000 	 0.1000 
0.8700 	 0.1250 	 0.0000 	 0.1000 
0.8800 	 0.1250 	 0.0000 	 0.1000 
0.8900 	 0.1250 	 0.0000 	 0.1000 
0.9000 	 0.1250 	 0.0000 	 0.1000 
0.9100 	 0.1250 	 0.0000 	 0.1000 
0.9200 	 0.1250 	 0.0000 	 0.1000 
0.9300 	 0.1250 	 0.0000 	 0.1000 
0.9400 	 0.1250 	 0.0000 	 0.1000 
0.9500 	 0.1250 	 0.0000 	 0.1000 
0.9600 	 0.1250 	 0.0000 	 0.1000 
0.9700 	 0.1250 	 0.0000 	 0.1000 
0.9800 	 0.1250 	 0.0000 	 0.1000 
0.9900 	 0.1250 	 0.0000 	 0.1000 
