0.0000 	 1.0000 	 0.7500 	 1.0000 
0.0100 	 1.0000 	 0.7500 	 1.0000 
0.0200 	 1.0000 	 0.7500 	 1.0000 
0.0300 	 1.0000 	 0.7500 	 1.0000 
0.0400 	 1.0000 	 0.7500 	 1.0000 
0.0500 	 1.0000 	 0.7500 	 1.0000 
0.0600 	 1.0000 	 0.7500 	 1.0000 
0.0700 	 1.0000 	 0.7500 	 1.0000 
0.0800 	 1.0000 	 0.7500 	 1.0000 
0.0900 	 1.0000 	 0.7500 	 1.0000 
0.1000 	 1.0000 	 0.7500 	 1.0000 
0.1100 	 1.0000 	 0.7500 	 1.0000 
0.1200 	 1.0000 	 0.7500 	 1.0000 
0.1300 	 0.9999 	 0.7501 	 0.9999 
0.1400 	 0.9998 	 0.7502 	 0.9998 
0.1500 	 0.9996 	 0.7505 	 0.9995 
0.1600 	 0.9991 	 0.7511 	 0.9987 
0.1700 	 0.9980 	 0.7524 	 0.9972 
0.1800 	 0.9959 	 0.7549 	 0.9943 
0.1900 	 0.9923 	 0.7592 	 0.9892 
0.2000 	 0.9864 	 0.7661 	 0.9811 
0.2100 	 0.9778 	 0.7765 	 0.9691 
0.2200 	 0.9659 	 0.7908 	 0.9527 
0.2300 	 0.9506 	 0.8095 	 0.9317 
0.2400 	 0.9320 	 0.8326 	 0.9063 
0.2500 	 0.9103 	 0.8598 	 0.8771 
0.2600 	 0.8861 	 0.8909 	 0.8447 
0.2700 	 0.8599 	 0.9254 	 0.8100 
0.2800 	 0.8320 	 0.9630 	 0.7736 
0.2900 	 0.8029 	 1.0034 	 0.7360 
0.3000 	 0.7727 	 1.0465 	 0.6977 
0.3100 	 0.7406 	 1.0937 	 0.6576 
0.3200 	 0.6903 	 1.1716 	 0.5959 
0.3300 	 0.6595 	 1.2213 	 0.5592 
0.3400 	 0.6363 	 1.2599 	 0.5320 
0.3500 	 0.6178 	 1.2917 	 0.5105 
0.3600 	 0.6032 	 1.3172 	 0.4938 
0.3700 	 0.5924 	 1.3364 	 0.4815 
0.3800 	 0.5850 	 1.3495 	 0.4733 
0.3900 	 0.5806 	 1.3573 	 0.4685 
0.4000 	 0.5783 	 1.3613 	 0.4660 
0.4100 	 0.5772 	 1.3628 	 0.4651 
0.4200 	 0.5765 	 1.3631 	 0.4649 
0.4300 	 0.5758 	 1.3629 	 0.4650 
0.4400 	 0.5745 	 1.3626 	 0.4652 
0.4500 	 0.5721 	 1.3623 	 0.4654 
0.4600 	 0.5681 	 1.3621 	 0.4655 
0.4700 	 0.5618 	 1.3619 	 0.4656 
0.4800 	 0.5528 	 1.3618 	 0.4657 
0.4900 	 0.5406 	 1.3616 	 0.4658 
0.5000 	 0.5249 	 1.3615 	 0.4658 
0.5100 	 0.5062 	 1.3615 	 0.4659 
0.5200 	 0.4849 	 1.3614 	 0.4659 
0.5300 	 0.4623 	 1.3613 	 0.4660 
0.5400 	 0.4395 	 1.3613 	 0.4660 
0.5500 	 0.4178 	 1.3612 	 0.4660 
0.5600 	 0.3983 	 1.3611 	 0.4660 
0.5700 	 0.3817 	 1.3610 	 0.4660 
0.5800 	 0.3682 	 1.3608 	 0.4659 
0.5900 	 0.3580 	 1.3604 	 0.4657 
0.6000 	 0.3504 	 1.3594 	 0.4653 
0.6100 	 0.3450 	 1.3575 	 0.4644 
0.6200 	 0.3409 	 1.3531 	 0.4624 
0.6300 	 0.3368 	 1.3436 	 0.4580 
0.6400 	 0.3309 	 1.3230 	 0.4485 
0.6500 	 0.3201 	 1.2788 	 0.4289 
0.6600 	 0.2996 	 1.1868 	 0.3903 
0.6700 	 0.2638 	 1.0077 	 0.3239 
0.6800 	 0.2133 	 0.7061 	 0.2336 
0.6900 	 0.1641 	 0.3399 	 0.1530 
0.7000 	 0.1362 	 0.0973 	 0.1134 
0.7100 	 0.1273 	 0.0194 	 0.1026 
0.7200 	 0.1254 	 0.0035 	 0.1005 
0.7300 	 0.1251 	 0.0006 	 0.1001 
0.7400 	 0.1250 	 0.0001 	 0.1000 
0.7500 	 0.1250 	 0.0000 	 0.1000 
0.7600 	 0.1250 	 0.0000 	 0.1000 
0.7700 	 0.1250 	 0.0000 	 0.1000 
0.7800 	 0.1250 	 0.0000 	 0.1000 
0.7900 	 0.1250 	 0.0000 	 0.1000 
0.8000 	 0.1250 	 0.0000 	 0.1000 
0.8100 	 0.1250 	 0.0000 	 0.1000 
0.8200 	 0.1250 	 0.0000 	 0.1000 
0.8300 	 0.1250 	 0.0000 	 0.1000 
0.8400 	 0.1250 	 0.0000 	 0.1000 
0.8500 	 0.1250 	 0.0000 	 0.1000 
0.8600 	 0.1250 	 0.0000 	 0.1000 
0.8700 	 0.1250 	 0.0000 	 0.1000 
0.8800 	 0.1250 	 0.0000 	 0.1000 
0.8900 	 0.1250 	 0.0000 	 0.1000 
0.9000 	 0.1250 	 0.0000 	 0.1000 
0.9100 	 0.1250 	 0.0000 	 0.1000 
0.9200 	 0.1250 	 0.0000 	 0.1000 
0.9300 	 0.1250 	 0.0000 	 0.1000 
0.9400 	 0.1250 	 0.0000 	 0.1000 
0.9500 	 0.1250 	 0.0000 	 0.1000 
0.9600 	 0.1250 	 0.0000 	 0.1000 
0.9700 	 0.1250 	 0.0000 	 0.1000 
0.9800 	 0.1250 	 0.0000 	 0.1000 
0.9900 	 0.1250 	 0.0000 	 0.1000 
