0.0000 	 1.0000 	 0.7500 	 1.0000 
0.0100 	 1.0000 	 0.7500 	 1.0000 
0.0200 	 1.0000 	 0.7500 	 1.0000 
0.0300 	 1.0000 	 0.7500 	 1.0000 
0.0400 	 1.0000 	 0.7500 	 1.0000 
0.0500 	 1.0000 	 0.7500 	 1.0000 
0.0600 	 1.0000 	 0.7500 	 1.0000 
0.0700 	 1.0000 	 0.7500 	 1.0000 
0.0800 	 1.0000 	 0.7500 	 1.0000 
0.0900 	 1.0000 	 0.7500 	 1.0000 
0.1000 	 1.0000 	 0.7500 	 1.0000 
0.1100 	 1.0000 	 0.7500 	 1.0000 
0.1200 	 1.0000 	 0.7500 	 1.0000 
0.1300 	 1.0000 	 0.7500 	 1.0000 
0.1400 	 1.0000 	 0.7500 	 1.0000 
0.1500 	 1.0000 	 0.7500 	 0.9999 
0.1600 	 0.9999 	 0.7501 	 0.9998 
0.1700 	 0.9997 	 0.7504 	 0.9995 
0.1800 	 0.9991 	 0.7510 	 0.9988 
0.1900 	 0.9979 	 0.7524 	 0.9971 
0.2000 	 0.9955 	 0.7553 	 0.9937 
0.2100 	 0.9910 	 0.7607 	 0.9874 
0.2200 	 0.9834 	 0.7697 	 0.9769 
0.2300 	 0.9719 	 0.7835 	 0.9610 
0.2400 	 0.9559 	 0.8030 	 0.9390 
0.2500 	 0.9353 	 0.8284 	 0.9109 
0.2600 	 0.9103 	 0.8599 	 0.8771 
0.2700 	 0.8814 	 0.8969 	 0.8386 
0.2800 	 0.8495 	 0.9391 	 0.7966 
0.2900 	 0.8152 	 0.9859 	 0.7521 
0.3000 	 0.7791 	 1.0370 	 0.7060 
0.3100 	 0.7407 	 1.0933 	 0.6579 
0.3200 	 0.6806 	 1.1867 	 0.5846 
0.3300 	 0.6469 	 1.2419 	 0.5446 
0.3400 	 0.6225 	 1.2832 	 0.5162 
0.3500 	 0.6043 	 1.3148 	 0.4953 
0.3600 	 0.5914 	 1.3374 	 0.4809 
0.3700 	 0.5833 	 1.3517 	 0.4719 
0.3800 	 0.5788 	 1.3594 	 0.4671 
0.3900 	 0.5764 	 1.3627 	 0.4652 
0.4000 	 0.5747 	 1.3635 	 0.4646 
0.4100 	 0.5725 	 1.3634 	 0.4647 
0.4200 	 0.5688 	 1.3630 	 0.4650 
0.4300 	 0.5625 	 1.3626 	 0.4652 
0.4400 	 0.5528 	 1.3623 	 0.4654 
0.4500 	 0.5391 	 1.3621 	 0.4655 
0.4600 	 0.5211 	 1.3619 	 0.4656 
0.4700 	 0.4993 	 1.3618 	 0.4657 
0.4800 	 0.4747 	 1.3616 	 0.4658 
0.4900 	 0.4491 	 1.3615 	 0.4658 
0.5000 	 0.4241 	 1.3614 	 0.4658 
0.5100 	 0.4014 	 1.3611 	 0.4658 
0.5200 	 0.3821 	 1.3606 	 0.4656 
0.5300 	 0.3667 	 1.3596 	 0.4651 
0.5400 	 0.3551 	 1.3574 	 0.4641 
0.5500 	 0.3464 	 1.3525 	 0.4619 
0.5600 	 0.3391 	 1.3418 	 0.4569 
0.5700 	 0.3308 	 1.3182 	 0.4462 
0.5800 	 0.3177 	 1.2672 	 0.4237 
0.5900 	 0.2941 	 1.1614 	 0.3801 
0.6000 	 0.2546 	 0.9583 	 0.3073 
0.6100 	 0.2022 	 0.6312 	 0.2148 
0.6200 	 0.1561 	 0.2726 	 0.1410 
0.6300 	 0.1331 	 0.0700 	 0.1095 
0.6400 	 0.1266 	 0.0133 	 0.1018 
0.6500 	 0.1253 	 0.0023 	 0.1003 
0.6600 	 0.1250 	 0.0004 	 0.1001 
0.6700 	 0.1250 	 0.0001 	 0.1000 
0.6800 	 0.1250 	 0.0000 	 0.1000 
0.6900 	 0.1250 	 0.0000 	 0.1000 
0.7000 	 0.1250 	 0.0000 	 0.1000 
0.7100 	 0.1250 	 0.0000 	 0.1000 
0.7200 	 0.1250 	 0.0000 	 0.1000 
0.7300 	 0.1250 	 0.0000 	 0.1000 
0.7400 	 0.1250 	 0.0000 	 0.1000 
0.7500 	 0.1250 	 0.0000 	 0.1000 
0.7600 	 0.1250 	 0.0000 	 0.1000 
0.7700 	 0.1250 	 0.0000 	 0.1000 
0.7800 	 0.1250 	 0.0000 	 0.1000 
0.7900 	 0.1250 	 0.0000 	 0.1000 
0.8000 	 0.1250 	 0.0000 	 0.1000 
0.8100 	 0.1250 	 0.0000 	 0.1000 
0.8200 	 0.1250 	 0.0000 	 0.1000 
0.8300 	 0.1250 	 0.0000 	 0.1000 
0.8400 	 0.1250 	 0.0000 	 0.1000 
0.8500 	 0.1250 	 0.0000 	 0.1000 
0.8600 	 0.1250 	 0.0000 	 0.1000 
0.8700 	 0.1250 	 0.0000 	 0.1000 
0.8800 	 0.1250 	 0.0000 	 0.1000 
0.8900 	 0.1250 	 0.0000 	 0.1000 
0.9000 	 0.1250 	 0.0000 	 0.1000 
0.9100 	 0.1250 	 0.0000 	 0.1000 
0.9200 	 0.1250 	 0.0000 	 0.1000 
0.9300 	 0.1250 	 0.0000 	 0.1000 
0.9400 	 0.1250 	 0.0000 	 0.1000 
0.9500 	 0.1250 	 0.0000 	 0.1000 
0.9600 	 0.1250 	 0.0000 	 0.1000 
0.9700 	 0.1250 	 0.0000 	 0.1000 
0.9800 	 0.1250 	 0.0000 	 0.1000 
0.9900 	 0.1250 	 0.0000 	 0.1000 
