0.0000 	 1.0000 	 0.7500 	 1.0000 
0.0100 	 1.0000 	 0.7500 	 1.0000 
0.0200 	 1.0000 	 0.7500 	 1.0000 
0.0300 	 1.0000 	 0.7500 	 1.0000 
0.0400 	 1.0000 	 0.7500 	 1.0000 
0.0500 	 1.0000 	 0.7500 	 1.0000 
0.0600 	 1.0000 	 0.7500 	 1.0000 
0.0700 	 1.0000 	 0.7500 	 1.0000 
0.0800 	 1.0000 	 0.7500 	 1.0000 
0.0900 	 1.0000 	 0.7500 	 1.0000 
0.1000 	 1.0000 	 0.7500 	 1.0000 
0.1100 	 1.0000 	 0.7500 	 1.0000 
0.1200 	 0.9999 	 0.7501 	 0.9999 
0.1300 	 0.9998 	 0.7502 	 0.9997 
0.1400 	 0.9995 	 0.7506 	 0.9993 
0.1500 	 0.9989 	 0.7513 	 0.9985 
0.1600 	 0.9977 	 0.7527 	 0.9968 
0.1700 	 0.9956 	 0.7552 	 0.9939 
0.1800 	 0.9921 	 0.7594 	 0.9889 
0.1900 	 0.9865 	 0.7660 	 0.9812 
0.2000 	 0.9786 	 0.7756 	 0.9702 
0.2100 	 0.9678 	 0.7885 	 0.9553 
0.2200 	 0.9541 	 0.8052 	 0.9365 
0.2300 	 0.9376 	 0.8255 	 0.9140 
0.2400 	 0.9185 	 0.8494 	 0.8881 
0.2500 	 0.8972 	 0.8766 	 0.8595 
0.2600 	 0.8740 	 0.9067 	 0.8286 
0.2700 	 0.8494 	 0.9395 	 0.7962 
0.2800 	 0.8236 	 0.9745 	 0.7627 
0.2900 	 0.7970 	 1.0117 	 0.7285 
0.3000 	 0.7696 	 1.0511 	 0.6937 
0.3100 	 0.7404 	 1.0942 	 0.6572 
0.3200 	 0.6947 	 1.1647 	 0.6012 
0.3300 	 0.6656 	 1.2114 	 0.5663 
0.3400 	 0.6434 	 1.2482 	 0.5401 
0.3500 	 0.6251 	 1.2793 	 0.5188 
0.3600 	 0.6101 	 1.3052 	 0.5016 
0.3700 	 0.5983 	 1.3260 	 0.4881 
0.3800 	 0.5896 	 1.3415 	 0.4783 
0.3900 	 0.5838 	 1.3520 	 0.4718 
0.4000 	 0.5802 	 1.3583 	 0.4679 
0.4100 	 0.5784 	 1.3614 	 0.4659 
0.4200 	 0.5776 	 1.3627 	 0.4651 
0.4300 	 0.5772 	 1.3629 	 0.4650 
0.4400 	 0.5768 	 1.3628 	 0.4651 
0.4500 	 0.5762 	 1.3625 	 0.4652 
0.4600 	 0.5751 	 1.3623 	 0.4654 
0.4700 	 0.5730 	 1.3620 	 0.4655 
0.4800 	 0.5697 	 1.3619 	 0.4656 
0.4900 	 0.5645 	 1.3617 	 0.4657 
0.5000 	 0.5571 	 1.3616 	 0.4658 
0.5100 	 0.5469 	 1.3615 	 0.4659 
0.5200 	 0.5337 	 1.3614 	 0.4659 
0.5300 	 0.5175 	 1.3614 	 0.4659 
0.5400 	 0.4988 	 1.3613 	 0.4660 
0.5500 	 0.4783 	 1.3612 	 0.4660 
0.5600 	 0.4568 	 1.3612 	 0.4660 
0.5700 	 0.4354 	 1.3612 	 0.4661 
0.5800 	 0.4152 	 1.3611 	 0.4661 
0.5900 	 0.3971 	 1.3611 	 0.4661 
0.6000 	 0.3816 	 1.3610 	 0.4661 
0.6100 	 0.3690 	 1.3609 	 0.4661 
0.6200 	 0.3592 	 1.3608 	 0.4660 
0.6300 	 0.3519 	 1.3604 	 0.4659 
0.6400 	 0.3467 	 1.3597 	 0.4655 
0.6500 	 0.3431 	 1.3582 	 0.4648 
0.6600 	 0.3402 	 1.3549 	 0.4633 
0.6700 	 0.3373 	 1.3477 	 0.4600 
0.6800 	 0.3329 	 1.3321 	 0.4527 
0.6900 	 0.3247 	 1.2984 	 0.4376 
0.7000 	 0.3086 	 1.2278 	 0.4072 
0.7100 	 0.2790 	 1.0864 	 0.3518 
0.7200 	 0.2331 	 0.8318 	 0.2683 
0.7300 	 0.1807 	 0.4726 	 0.1790 
0.7400 	 0.1437 	 0.1647 	 0.1234 
0.7500 	 0.1292 	 0.0365 	 0.1049 
0.7600 	 0.1258 	 0.0067 	 0.1009 
0.7700 	 0.1251 	 0.0012 	 0.1002 
0.7800 	 0.1250 	 0.0002 	 0.1000 
0.7900 	 0.1250 	 0.0000 	 0.1000 
0.8000 	 0.1250 	 0.0000 	 0.1000 
0.8100 	 0.1250 	 0.0000 	 0.1000 
0.8200 	 0.1250 	 0.0000 	 0.1000 
0.8300 	 0.1250 	 0.0000 	 0.1000 
0.8400 	 0.1250 	 0.0000 	 0.1000 
0.8500 	 0.1250 	 0.0000 	 0.1000 
0.8600 	 0.1250 	 0.0000 	 0.1000 
0.8700 	 0.1250 	 0.0000 	 0.1000 
0.8800 	 0.1250 	 0.0000 	 0.1000 
0.8900 	 0.1250 	 0.0000 	 0.1000 
0.9000 	 0.1250 	 0.0000 	 0.1000 
0.9100 	 0.1250 	 0.0000 	 0.1000 
0.9200 	 0.1250 	 0.0000 	 0.1000 
0.9300 	 0.1250 	 0.0000 	 0.1000 
0.9400 	 0.1250 	 0.0000 	 0.1000 
0.9500 	 0.1250 	 0.0000 	 0.1000 
0.9600 	 0.1250 	 0.0000 	 0.1000 
0.9700 	 0.1250 	 0.0000 	 0.1000 
0.9800 	 0.1250 	 0.0000 	 0.1000 
0.9900 	 0.1250 	 0.0000 	 0.1000 
