0.0000 	 1.0000 	 0.7500 	 1.0000 
0.0100 	 1.0000 	 0.7500 	 1.0000 
0.0200 	 1.0000 	 0.7500 	 1.0000 
0.0300 	 1.0000 	 0.7500 	 1.0000 
0.0400 	 1.0000 	 0.7500 	 1.0000 
0.0500 	 1.0000 	 0.7500 	 1.0000 
0.0600 	 1.0000 	 0.7500 	 1.0000 
0.0700 	 1.0000 	 0.7500 	 1.0000 
0.0800 	 1.0000 	 0.7500 	 1.0000 
0.0900 	 1.0000 	 0.7500 	 1.0000 
0.1000 	 1.0000 	 0.7500 	 1.0000 
0.1100 	 1.0000 	 0.7500 	 1.0000 
0.1200 	 1.0000 	 0.7500 	 1.0000 
0.1300 	 1.0000 	 0.7500 	 1.0000 
0.1400 	 1.0000 	 0.7500 	 1.0000 
0.1500 	 1.0000 	 0.7500 	 1.0000 
0.1600 	 1.0000 	 0.7500 	 1.0000 
0.1700 	 1.0000 	 0.7500 	 1.0000 
0.1800 	 1.0000 	 0.7500 	 1.0000 
0.1900 	 1.0000 	 0.7500 	 1.0000 
0.2000 	 1.0000 	 0.7500 	 1.0000 
0.2100 	 0.9999 	 0.7501 	 0.9998 
0.2200 	 0.9996 	 0.7505 	 0.9994 
0.2300 	 0.9985 	 0.7518 	 0.9979 
0.2400 	 0.9955 	 0.7553 	 0.9938 
0.2500 	 0.9884 	 0.7637 	 0.9839 
0.2600 	 0.9740 	 0.7810 	 0.9639 
0.2700 	 0.9491 	 0.8112 	 0.9299 
0.2800 	 0.9119 	 0.8575 	 0.8797 
0.2900 	 0.8625 	 0.9212 	 0.8143 
0.3000 	 0.8025 	 1.0026 	 0.7368 
0.3100 	 0.7341 	 1.1017 	 0.6510 
0.3200 	 0.6430 	 1.2458 	 0.5418 
0.3300 	 0.6051 	 1.3090 	 0.4991 
0.3400 	 0.5827 	 1.3447 	 0.4764 
0.3500 	 0.5686 	 1.3606 	 0.4666 
0.3600 	 0.5554 	 1.3652 	 0.4638 
0.3700 	 0.5370 	 1.3652 	 0.4638 
0.3800 	 0.5103 	 1.3640 	 0.4641 
0.3900 	 0.4763 	 1.3625 	 0.4641 
0.4000 	 0.4389 	 1.3596 	 0.4632 
0.4100 	 0.4027 	 1.3535 	 0.4605 
0.4200 	 0.3707 	 1.3391 	 0.4539 
0.4300 	 0.3427 	 1.3054 	 0.4388 
0.4400 	 0.3138 	 1.2292 	 0.4061 
0.4500 	 0.2755 	 1.0685 	 0.3443 
0.4600 	 0.2232 	 0.7763 	 0.2521 
0.4700 	 0.1697 	 0.3894 	 0.1622 
0.4800 	 0.1377 	 0.1113 	 0.1154 
0.4900 	 0.1274 	 0.0206 	 0.1027 
0.5000 	 0.1254 	 0.0032 	 0.1004 
0.5100 	 0.1251 	 0.0005 	 0.1001 
0.5200 	 0.1250 	 0.0001 	 0.1000 
0.5300 	 0.1250 	 0.0000 	 0.1000 
0.5400 	 0.1250 	 0.0000 	 0.1000 
0.5500 	 0.1250 	 0.0000 	 0.1000 
0.5600 	 0.1250 	 0.0000 	 0.1000 
0.5700 	 0.1250 	 0.0000 	 0.1000 
0.5800 	 0.1250 	 0.0000 	 0.1000 
0.5900 	 0.1250 	 0.0000 	 0.1000 
0.6000 	 0.1250 	 0.0000 	 0.1000 
0.6100 	 0.1250 	 0.0000 	 0.1000 
0.6200 	 0.1250 	 0.0000 	 0.1000 
0.6300 	 0.1250 	 0.0000 	 0.1000 
0.6400 	 0.1250 	 0.0000 	 0.1000 
0.6500 	 0.1250 	 0.0000 	 0.1000 
0.6600 	 0.1250 	 0.0000 	 0.1000 
0.6700 	 0.1250 	 0.0000 	 0.1000 
0.6800 	 0.1250 	 0.0000 	 0.1000 
0.6900 	 0.1250 	 0.0000 	 0.1000 
0.7000 	 0.1250 	 0.0000 	 0.1000 
0.7100 	 0.1250 	 0.0000 	 0.1000 
0.7200 	 0.1250 	 0.0000 	 0.1000 
0.7300 	 0.1250 	 0.0000 	 0.1000 
0.7400 	 0.1250 	 0.0000 	 0.1000 
0.7500 	 0.1250 	 0.0000 	 0.1000 
0.7600 	 0.1250 	 0.0000 	 0.1000 
0.7700 	 0.1250 	 0.0000 	 0.1000 
0.7800 	 0.1250 	 0.0000 	 0.1000 
0.7900 	 0.1250 	 0.0000 	 0.1000 
0.8000 	 0.1250 	 0.0000 	 0.1000 
0.8100 	 0.1250 	 0.0000 	 0.1000 
0.8200 	 0.1250 	 0.0000 	 0.1000 
0.8300 	 0.1250 	 0.0000 	 0.1000 
0.8400 	 0.1250 	 0.0000 	 0.1000 
0.8500 	 0.1250 	 0.0000 	 0.1000 
0.8600 	 0.1250 	 0.0000 	 0.1000 
0.8700 	 0.1250 	 0.0000 	 0.1000 
0.8800 	 0.1250 	 0.0000 	 0.1000 
0.8900 	 0.1250 	 0.0000 	 0.1000 
0.9000 	 0.1250 	 0.0000 	 0.1000 
0.9100 	 0.1250 	 0.0000 	 0.1000 
0.9200 	 0.1250 	 0.0000 	 0.1000 
0.9300 	 0.1250 	 0.0000 	 0.1000 
0.9400 	 0.1250 	 0.0000 	 0.1000 
0.9500 	 0.1250 	 0.0000 	 0.1000 
0.9600 	 0.1250 	 0.0000 	 0.1000 
0.9700 	 0.1250 	 0.0000 	 0.1000 
0.9800 	 0.1250 	 0.0000 	 0.1000 
0.9900 	 0.1250 	 0.0000 	 0.1000 
