0.0000 	 1.0000 	 0.7500 	 1.0000 
0.0100 	 1.0000 	 0.7500 	 1.0000 
0.0200 	 1.0000 	 0.7500 	 1.0000 
0.0300 	 1.0000 	 0.7500 	 1.0000 
0.0400 	 1.0000 	 0.7500 	 1.0000 
0.0500 	 1.0000 	 0.7500 	 1.0000 
0.0600 	 1.0000 	 0.7500 	 1.0000 
0.0700 	 1.0000 	 0.7500 	 1.0000 
0.0800 	 1.0000 	 0.7500 	 1.0000 
0.0900 	 1.0000 	 0.7500 	 1.0000 
0.1000 	 1.0000 	 0.7500 	 1.0000 
0.1100 	 1.0000 	 0.7500 	 1.0000 
0.1200 	 1.0000 	 0.7500 	 1.0000 
0.1300 	 1.0000 	 0.7500 	 1.0000 
0.1400 	 1.0000 	 0.7500 	 1.0000 
0.1500 	 1.0000 	 0.7500 	 1.0000 
0.1600 	 1.0000 	 0.7500 	 1.0000 
0.1700 	 1.0000 	 0.7500 	 1.0000 
0.1800 	 1.0000 	 0.7500 	 1.0000 
0.1900 	 1.0000 	 0.7500 	 1.0000 
0.2000 	 1.0000 	 0.7500 	 1.0000 
0.2100 	 1.0000 	 0.7500 	 1.0000 
0.2200 	 1.0000 	 0.7500 	 1.0000 
0.2300 	 0.9998 	 0.7502 	 0.9997 
0.2400 	 0.9992 	 0.7510 	 0.9988 
0.2500 	 0.9969 	 0.7537 	 0.9956 
0.2600 	 0.9900 	 0.7619 	 0.9861 
0.2700 	 0.9735 	 0.7816 	 0.9633 
0.2800 	 0.9413 	 0.8207 	 0.9195 
0.2900 	 0.8892 	 0.8861 	 0.8499 
0.3000 	 0.8162 	 0.9825 	 0.7555 
0.3100 	 0.7236 	 1.1150 	 0.6401 
0.3200 	 0.6221 	 1.2758 	 0.5213 
0.3300 	 0.5823 	 1.3364 	 0.4817 
0.3400 	 0.5565 	 1.3610 	 0.4664 
0.3500 	 0.5301 	 1.3662 	 0.4627 
0.3600 	 0.4946 	 1.3638 	 0.4621 
0.3700 	 0.4504 	 1.3571 	 0.4599 
0.3800 	 0.4037 	 1.3416 	 0.4532 
0.3900 	 0.3594 	 1.3040 	 0.4364 
0.4000 	 0.3165 	 1.2150 	 0.3988 
0.4100 	 0.2673 	 1.0233 	 0.3274 
0.4200 	 0.2086 	 0.6838 	 0.2273 
0.4300 	 0.1573 	 0.2871 	 0.1435 
0.4400 	 0.1325 	 0.0653 	 0.1088 
0.4500 	 0.1262 	 0.0102 	 0.1014 
0.4600 	 0.1252 	 0.0014 	 0.1002 
0.4700 	 0.1250 	 0.0002 	 0.1000 
0.4800 	 0.1250 	 0.0000 	 0.1000 
0.4900 	 0.1250 	 0.0000 	 0.1000 
0.5000 	 0.1250 	 0.0000 	 0.1000 
0.5100 	 0.1250 	 0.0000 	 0.1000 
0.5200 	 0.1250 	 0.0000 	 0.1000 
0.5300 	 0.1250 	 0.0000 	 0.1000 
0.5400 	 0.1250 	 0.0000 	 0.1000 
0.5500 	 0.1250 	 0.0000 	 0.1000 
0.5600 	 0.1250 	 0.0000 	 0.1000 
0.5700 	 0.1250 	 0.0000 	 0.1000 
0.5800 	 0.1250 	 0.0000 	 0.1000 
0.5900 	 0.1250 	 0.0000 	 0.1000 
0.6000 	 0.1250 	 0.0000 	 0.1000 
0.6100 	 0.1250 	 0.0000 	 0.1000 
0.6200 	 0.1250 	 0.0000 	 0.1000 
0.6300 	 0.1250 	 0.0000 	 0.1000 
0.6400 	 0.1250 	 0.0000 	 0.1000 
0.6500 	 0.1250 	 0.0000 	 0.1000 
0.6600 	 0.1250 	 0.0000 	 0.1000 
0.6700 	 0.1250 	 0.0000 	 0.1000 
0.6800 	 0.1250 	 0.0000 	 0.1000 
0.6900 	 0.1250 	 0.0000 	 0.1000 
0.7000 	 0.1250 	 0.0000 	 0.1000 
0.7100 	 0.1250 	 0.0000 	 0.1000 
0.7200 	 0.1250 	 0.0000 	 0.1000 
0.7300 	 0.1250 	 0.0000 	 0.1000 
0.7400 	 0.1250 	 0.0000 	 0.1000 
0.7500 	 0.1250 	 0.0000 	 0.1000 
0.7600 	 0.1250 	 0.0000 	 0.1000 
0.7700 	 0.1250 	 0.0000 	 0.1000 
0.7800 	 0.1250 	 0.0000 	 0.1000 
0.7900 	 0.1250 	 0.0000 	 0.1000 
0.8000 	 0.1250 	 0.0000 	 0.1000 
0.8100 	 0.1250 	 0.0000 	 0.1000 
0.8200 	 0.1250 	 0.0000 	 0.1000 
0.8300 	 0.1250 	 0.0000 	 0.1000 
0.8400 	 0.1250 	 0.0000 	 0.1000 
0.8500 	 0.1250 	 0.0000 	 0.1000 
0.8600 	 0.1250 	 0.0000 	 0.1000 
0.8700 	 0.1250 	 0.0000 	 0.1000 
0.8800 	 0.1250 	 0.0000 	 0.1000 
0.8900 	 0.1250 	 0.0000 	 0.1000 
0.9000 	 0.1250 	 0.0000 	 0.1000 
0.9100 	 0.1250 	 0.0000 	 0.1000 
0.9200 	 0.1250 	 0.0000 	 0.1000 
0.9300 	 0.1250 	 0.0000 	 0.1000 
0.9400 	 0.1250 	 0.0000 	 0.1000 
0.9500 	 0.1250 	 0.0000 	 0.1000 
0.9600 	 0.1250 	 0.0000 	 0.1000 
0.9700 	 0.1250 	 0.0000 	 0.1000 
0.9800 	 0.1250 	 0.0000 	 0.1000 
0.9900 	 0.1250 	 0.0000 	 0.1000 
