0.0000 	 1.0000 	 0.7500 	 1.0000 
0.0100 	 1.0000 	 0.7500 	 1.0000 
0.0200 	 1.0000 	 0.7500 	 1.0000 
0.0300 	 1.0000 	 0.7500 	 1.0000 
0.0400 	 1.0000 	 0.7500 	 1.0000 
0.0500 	 1.0000 	 0.7500 	 1.0000 
0.0600 	 1.0000 	 0.7500 	 1.0000 
0.0700 	 1.0000 	 0.7500 	 1.0000 
0.0800 	 1.0000 	 0.7500 	 1.0000 
0.0900 	 1.0000 	 0.7500 	 1.0000 
0.1000 	 1.0000 	 0.7500 	 1.0000 
0.1100 	 1.0000 	 0.7500 	 1.0000 
0.1200 	 0.9999 	 0.7501 	 0.9999 
0.1300 	 0.9999 	 0.7502 	 0.9998 
0.1400 	 0.9996 	 0.7504 	 0.9995 
0.1500 	 0.9992 	 0.7510 	 0.9988 
0.1600 	 0.9982 	 0.7521 	 0.9975 
0.1700 	 0.9964 	 0.7542 	 0.9950 
0.1800 	 0.9933 	 0.7579 	 0.9907 
0.1900 	 0.9883 	 0.7639 	 0.9837 
0.2000 	 0.9810 	 0.7727 	 0.9735 
0.2100 	 0.9708 	 0.7850 	 0.9594 
0.2200 	 0.9575 	 0.8010 	 0.9412 
0.2300 	 0.9413 	 0.8210 	 0.9190 
0.2400 	 0.9223 	 0.8447 	 0.8931 
0.2500 	 0.9008 	 0.8720 	 0.8643 
0.2600 	 0.8773 	 0.9024 	 0.8330 
0.2700 	 0.8522 	 0.9357 	 0.7999 
0.2800 	 0.8259 	 0.9714 	 0.7656 
0.2900 	 0.7986 	 1.0094 	 0.7305 
0.3000 	 0.7704 	 1.0498 	 0.6948 
0.3100 	 0.7405 	 1.0941 	 0.6574 
0.3200 	 0.6935 	 1.1665 	 0.5998 
0.3300 	 0.6640 	 1.2141 	 0.5644 
0.3400 	 0.6415 	 1.2514 	 0.5379 
0.3500 	 0.6231 	 1.2827 	 0.5165 
0.3600 	 0.6081 	 1.3086 	 0.4994 
0.3700 	 0.5966 	 1.3290 	 0.4862 
0.3800 	 0.5883 	 1.3439 	 0.4768 
0.3900 	 0.5828 	 1.3536 	 0.4707 
0.4000 	 0.5796 	 1.3593 	 0.4673 
0.4100 	 0.5780 	 1.3619 	 0.4656 
0.4200 	 0.5773 	 1.3629 	 0.4650 
0.4300 	 0.5769 	 1.3630 	 0.4650 
0.4400 	 0.5764 	 1.3628 	 0.4651 
0.4500 	 0.5755 	 1.3625 	 0.4653 
0.4600 	 0.5738 	 1.3622 	 0.4654 
0.4700 	 0.5710 	 1.3620 	 0.4656 
0.4800 	 0.5664 	 1.3618 	 0.4657 
0.4900 	 0.5596 	 1.3617 	 0.4657 
0.5000 	 0.5502 	 1.3616 	 0.4658 
0.5100 	 0.5377 	 1.3615 	 0.4659 
0.5200 	 0.5221 	 1.3614 	 0.4659 
0.5300 	 0.5037 	 1.3613 	 0.4660 
0.5400 	 0.4832 	 1.3613 	 0.4660 
0.5500 	 0.4614 	 1.3612 	 0.4660 
0.5600 	 0.4396 	 1.3612 	 0.4660 
0.5700 	 0.4188 	 1.3611 	 0.4660 
0.5800 	 0.3999 	 1.3611 	 0.4661 
0.5900 	 0.3837 	 1.3610 	 0.4661 
0.6000 	 0.3705 	 1.3609 	 0.4660 
0.6100 	 0.3601 	 1.3607 	 0.4660 
0.6200 	 0.3525 	 1.3603 	 0.4658 
0.6300 	 0.3470 	 1.3595 	 0.4654 
0.6400 	 0.3431 	 1.3577 	 0.4646 
0.6500 	 0.3399 	 1.3537 	 0.4627 
0.6600 	 0.3366 	 1.3450 	 0.4587 
0.6700 	 0.3314 	 1.3261 	 0.4500 
0.6800 	 0.3217 	 1.2856 	 0.4319 
0.6900 	 0.3027 	 1.2012 	 0.3962 
0.7000 	 0.2691 	 1.0353 	 0.3335 
0.7100 	 0.2199 	 0.7493 	 0.2451 
0.7200 	 0.1693 	 0.3826 	 0.1610 
0.7300 	 0.1384 	 0.1169 	 0.1163 
0.7400 	 0.1278 	 0.0241 	 0.1032 
0.7500 	 0.1255 	 0.0043 	 0.1006 
0.7600 	 0.1251 	 0.0008 	 0.1001 
0.7700 	 0.1250 	 0.0001 	 0.1000 
0.7800 	 0.1250 	 0.0000 	 0.1000 
0.7900 	 0.1250 	 0.0000 	 0.1000 
0.8000 	 0.1250 	 0.0000 	 0.1000 
0.8100 	 0.1250 	 0.0000 	 0.1000 
0.8200 	 0.1250 	 0.0000 	 0.1000 
0.8300 	 0.1250 	 0.0000 	 0.1000 
0.8400 	 0.1250 	 0.0000 	 0.1000 
0.8500 	 0.1250 	 0.0000 	 0.1000 
0.8600 	 0.1250 	 0.0000 	 0.1000 
0.8700 	 0.1250 	 0.0000 	 0.1000 
0.8800 	 0.1250 	 0.0000 	 0.1000 
0.8900 	 0.1250 	 0.0000 	 0.1000 
0.9000 	 0.1250 	 0.0000 	 0.1000 
0.9100 	 0.1250 	 0.0000 	 0.1000 
0.9200 	 0.1250 	 0.0000 	 0.1000 
0.9300 	 0.1250 	 0.0000 	 0.1000 
0.9400 	 0.1250 	 0.0000 	 0.1000 
0.9500 	 0.1250 	 0.0000 	 0.1000 
0.9600 	 0.1250 	 0.0000 	 0.1000 
0.9700 	 0.1250 	 0.0000 	 0.1000 
0.9800 	 0.1250 	 0.0000 	 0.1000 
0.9900 	 0.1250 	 0.0000 	 0.1000 
