0.0000 	 1.0000 	 0.7500 	 1.0000 
0.0100 	 1.0000 	 0.7500 	 1.0000 
0.0200 	 1.0000 	 0.7500 	 1.0000 
0.0300 	 1.0000 	 0.7500 	 1.0000 
0.0400 	 1.0000 	 0.7500 	 1.0000 
0.0500 	 1.0000 	 0.7500 	 1.0000 
0.0600 	 1.0000 	 0.7500 	 1.0000 
0.0700 	 1.0000 	 0.7500 	 1.0000 
0.0800 	 1.0000 	 0.7500 	 1.0000 
0.0900 	 1.0000 	 0.7500 	 1.0000 
0.1000 	 1.0000 	 0.7500 	 1.0000 
0.1100 	 1.0000 	 0.7500 	 1.0000 
0.1200 	 1.0000 	 0.7500 	 1.0000 
0.1300 	 1.0000 	 0.7500 	 1.0000 
0.1400 	 1.0000 	 0.7500 	 1.0000 
0.1500 	 1.0000 	 0.7500 	 1.0000 
0.1600 	 1.0000 	 0.7500 	 1.0000 
0.1700 	 1.0000 	 0.7500 	 1.0000 
0.1800 	 1.0000 	 0.7500 	 1.0000 
0.1900 	 1.0000 	 0.7500 	 1.0000 
0.2000 	 0.9999 	 0.7501 	 0.9999 
0.2100 	 0.9998 	 0.7502 	 0.9997 
0.2200 	 0.9993 	 0.7509 	 0.9990 
0.2300 	 0.9977 	 0.7528 	 0.9967 
0.2400 	 0.9936 	 0.7576 	 0.9911 
0.2500 	 0.9848 	 0.7681 	 0.9788 
0.2600 	 0.9683 	 0.7879 	 0.9561 
0.2700 	 0.9418 	 0.8203 	 0.9198 
0.2800 	 0.9042 	 0.8674 	 0.8692 
0.2900 	 0.8561 	 0.9297 	 0.8058 
0.3000 	 0.7994 	 1.0072 	 0.7326 
0.3100 	 0.7357 	 1.0995 	 0.6528 
0.3200 	 0.6480 	 1.2381 	 0.5472 
0.3300 	 0.6102 	 1.3013 	 0.5041 
0.3400 	 0.5875 	 1.3390 	 0.4799 
0.3500 	 0.5739 	 1.3577 	 0.4683 
0.3600 	 0.5634 	 1.3642 	 0.4644 
0.3700 	 0.5501 	 1.3651 	 0.4638 
0.3800 	 0.5301 	 1.3644 	 0.4642 
0.3900 	 0.5023 	 1.3634 	 0.4645 
0.4000 	 0.4687 	 1.3621 	 0.4644 
0.4100 	 0.4330 	 1.3598 	 0.4637 
0.4200 	 0.3993 	 1.3548 	 0.4615 
0.4300 	 0.3701 	 1.3432 	 0.4561 
0.4400 	 0.3452 	 1.3161 	 0.4439 
0.4500 	 0.3200 	 1.2549 	 0.4172 
0.4600 	 0.2870 	 1.1239 	 0.3648 
0.4700 	 0.2393 	 0.8742 	 0.2804 
0.4800 	 0.1842 	 0.5032 	 0.1854 
0.4900 	 0.1445 	 0.1727 	 0.1247 
0.5000 	 0.1292 	 0.0358 	 0.1048 
0.5100 	 0.1257 	 0.0059 	 0.1008 
0.5200 	 0.1251 	 0.0009 	 0.1001 
0.5300 	 0.1250 	 0.0001 	 0.1000 
0.5400 	 0.1250 	 0.0000 	 0.1000 
0.5500 	 0.1250 	 0.0000 	 0.1000 
0.5600 	 0.1250 	 0.0000 	 0.1000 
0.5700 	 0.1250 	 0.0000 	 0.1000 
0.5800 	 0.1250 	 0.0000 	 0.1000 
0.5900 	 0.1250 	 0.0000 	 0.1000 
0.6000 	 0.1250 	 0.0000 	 0.1000 
0.6100 	 0.1250 	 0.0000 	 0.1000 
0.6200 	 0.1250 	 0.0000 	 0.1000 
0.6300 	 0.1250 	 0.0000 	 0.1000 
0.6400 	 0.1250 	 0.0000 	 0.1000 
0.6500 	 0.1250 	 0.0000 	 0.1000 
0.6600 	 0.1250 	 0.0000 	 0.1000 
0.6700 	 0.1250 	 0.0000 	 0.1000 
0.6800 	 0.1250 	 0.0000 	 0.1000 
0.6900 	 0.1250 	 0.0000 	 0.1000 
0.7000 	 0.1250 	 0.0000 	 0.1000 
0.7100 	 0.1250 	 0.0000 	 0.1000 
0.7200 	 0.1250 	 0.0000 	 0.1000 
0.7300 	 0.1250 	 0.0000 	 0.1000 
0.7400 	 0.1250 	 0.0000 	 0.1000 
0.7500 	 0.1250 	 0.0000 	 0.1000 
0.7600 	 0.1250 	 0.0000 	 0.1000 
0.7700 	 0.1250 	 0.0000 	 0.1000 
0.7800 	 0.1250 	 0.0000 	 0.1000 
0.7900 	 0.1250 	 0.0000 	 0.1000 
0.8000 	 0.1250 	 0.0000 	 0.1000 
0.8100 	 0.1250 	 0.0000 	 0.1000 
0.8200 	 0.1250 	 0.0000 	 0.1000 
0.8300 	 0.1250 	 0.0000 	 0.1000 
0.8400 	 0.1250 	 0.0000 	 0.1000 
0.8500 	 0.1250 	 0.0000 	 0.1000 
0.8600 	 0.1250 	 0.0000 	 0.1000 
0.8700 	 0.1250 	 0.0000 	 0.1000 
0.8800 	 0.1250 	 0.0000 	 0.1000 
0.8900 	 0.1250 	 0.0000 	 0.1000 
0.9000 	 0.1250 	 0.0000 	 0.1000 
0.9100 	 0.1250 	 0.0000 	 0.1000 
0.9200 	 0.1250 	 0.0000 	 0.1000 
0.9300 	 0.1250 	 0.0000 	 0.1000 
0.9400 	 0.1250 	 0.0000 	 0.1000 
0.9500 	 0.1250 	 0.0000 	 0.1000 
0.9600 	 0.1250 	 0.0000 	 0.1000 
0.9700 	 0.1250 	 0.0000 	 0.1000 
0.9800 	 0.1250 	 0.0000 	 0.1000 
0.9900 	 0.1250 	 0.0000 	 0.1000 
