0.0000 	 1.0000 	 0.7500 	 1.0000 
0.0100 	 1.0000 	 0.7500 	 1.0000 
0.0200 	 1.0000 	 0.7500 	 1.0000 
0.0300 	 1.0000 	 0.7500 	 1.0000 
0.0400 	 1.0000 	 0.7500 	 1.0000 
0.0500 	 1.0000 	 0.7500 	 1.0000 
0.0600 	 1.0000 	 0.7500 	 1.0000 
0.0700 	 1.0000 	 0.7500 	 1.0000 
0.0800 	 1.0000 	 0.7500 	 1.0000 
0.0900 	 1.0000 	 0.7500 	 1.0000 
0.1000 	 1.0000 	 0.7500 	 1.0000 
0.1100 	 1.0000 	 0.7500 	 1.0000 
0.1200 	 1.0000 	 0.7500 	 1.0000 
0.1300 	 1.0000 	 0.7500 	 1.0000 
0.1400 	 1.0000 	 0.7500 	 1.0000 
0.1500 	 1.0000 	 0.7500 	 1.0000 
0.1600 	 1.0000 	 0.7500 	 1.0000 
0.1700 	 1.0000 	 0.7500 	 0.9999 
0.1800 	 0.9999 	 0.7502 	 0.9998 
0.1900 	 0.9996 	 0.7505 	 0.9994 
0.2000 	 0.9988 	 0.7514 	 0.9984 
0.2100 	 0.9971 	 0.7535 	 0.9959 
0.2200 	 0.9933 	 0.7579 	 0.9907 
0.2300 	 0.9863 	 0.7662 	 0.9809 
0.2400 	 0.9746 	 0.7803 	 0.9648 
0.2500 	 0.9571 	 0.8015 	 0.9407 
0.2600 	 0.9333 	 0.8308 	 0.9082 
0.2700 	 0.9034 	 0.8685 	 0.8680 
0.2800 	 0.8682 	 0.9142 	 0.8212 
0.2900 	 0.8287 	 0.9672 	 0.7696 
0.3000 	 0.7859 	 1.0270 	 0.7148 
0.3100 	 0.7401 	 1.0940 	 0.6574 
0.3200 	 0.6699 	 1.2036 	 0.5720 
0.3300 	 0.6339 	 1.2631 	 0.5298 
0.3400 	 0.6093 	 1.3052 	 0.5015 
0.3500 	 0.5927 	 1.3343 	 0.4829 
0.3600 	 0.5825 	 1.3518 	 0.4719 
0.3700 	 0.5768 	 1.3604 	 0.4665 
0.3800 	 0.5731 	 1.3635 	 0.4647 
0.3900 	 0.5689 	 1.3640 	 0.4644 
0.4000 	 0.5623 	 1.3636 	 0.4646 
0.4100 	 0.5515 	 1.3631 	 0.4649 
0.4200 	 0.5357 	 1.3627 	 0.4652 
0.4300 	 0.5145 	 1.3624 	 0.4654 
0.4400 	 0.4889 	 1.3621 	 0.4655 
0.4500 	 0.4606 	 1.3618 	 0.4655 
0.4600 	 0.4320 	 1.3614 	 0.4655 
0.4700 	 0.4055 	 1.3607 	 0.4652 
0.4800 	 0.3829 	 1.3591 	 0.4645 
0.4900 	 0.3647 	 1.3556 	 0.4629 
0.5000 	 0.3507 	 1.3478 	 0.4593 
0.5100 	 0.3387 	 1.3302 	 0.4513 
0.5200 	 0.3252 	 1.2914 	 0.4339 
0.5300 	 0.3045 	 1.2084 	 0.3987 
0.5400 	 0.2700 	 1.0420 	 0.3356 
0.5500 	 0.2199 	 0.7514 	 0.2456 
0.5600 	 0.1687 	 0.3782 	 0.1602 
0.5700 	 0.1378 	 0.1121 	 0.1155 
0.5800 	 0.1276 	 0.0223 	 0.1030 
0.5900 	 0.1255 	 0.0039 	 0.1005 
0.6000 	 0.1251 	 0.0006 	 0.1001 
0.6100 	 0.1250 	 0.0001 	 0.1000 
0.6200 	 0.1250 	 0.0000 	 0.1000 
0.6300 	 0.1250 	 0.0000 	 0.1000 
0.6400 	 0.1250 	 0.0000 	 0.1000 
0.6500 	 0.1250 	 0.0000 	 0.1000 
0.6600 	 0.1250 	 0.0000 	 0.1000 
0.6700 	 0.1250 	 0.0000 	 0.1000 
0.6800 	 0.1250 	 0.0000 	 0.1000 
0.6900 	 0.1250 	 0.0000 	 0.1000 
0.7000 	 0.1250 	 0.0000 	 0.1000 
0.7100 	 0.1250 	 0.0000 	 0.1000 
0.7200 	 0.1250 	 0.0000 	 0.1000 
0.7300 	 0.1250 	 0.0000 	 0.1000 
0.7400 	 0.1250 	 0.0000 	 0.1000 
0.7500 	 0.1250 	 0.0000 	 0.1000 
0.7600 	 0.1250 	 0.0000 	 0.1000 
0.7700 	 0.1250 	 0.0000 	 0.1000 
0.7800 	 0.1250 	 0.0000 	 0.1000 
0.7900 	 0.1250 	 0.0000 	 0.1000 
0.8000 	 0.1250 	 0.0000 	 0.1000 
0.8100 	 0.1250 	 0.0000 	 0.1000 
0.8200 	 0.1250 	 0.0000 	 0.1000 
0.8300 	 0.1250 	 0.0000 	 0.1000 
0.8400 	 0.1250 	 0.0000 	 0.1000 
0.8500 	 0.1250 	 0.0000 	 0.1000 
0.8600 	 0.1250 	 0.0000 	 0.1000 
0.8700 	 0.1250 	 0.0000 	 0.1000 
0.8800 	 0.1250 	 0.0000 	 0.1000 
0.8900 	 0.1250 	 0.0000 	 0.1000 
0.9000 	 0.1250 	 0.0000 	 0.1000 
0.9100 	 0.1250 	 0.0000 	 0.1000 
0.9200 	 0.1250 	 0.0000 	 0.1000 
0.9300 	 0.1250 	 0.0000 	 0.1000 
0.9400 	 0.1250 	 0.0000 	 0.1000 
0.9500 	 0.1250 	 0.0000 	 0.1000 
0.9600 	 0.1250 	 0.0000 	 0.1000 
0.9700 	 0.1250 	 0.0000 	 0.1000 
0.9800 	 0.1250 	 0.0000 	 0.1000 
0.9900 	 0.1250 	 0.0000 	 0.1000 
