0.0000 	 1.0000 	 0.7500 	 1.0000 
0.0100 	 1.0000 	 0.7500 	 1.0000 
0.0200 	 1.0000 	 0.7500 	 1.0000 
0.0300 	 1.0000 	 0.7500 	 1.0000 
0.0400 	 1.0000 	 0.7500 	 1.0000 
0.0500 	 1.0000 	 0.7500 	 1.0000 
0.0600 	 1.0000 	 0.7500 	 1.0000 
0.0700 	 1.0000 	 0.7500 	 1.0000 
0.0800 	 1.0000 	 0.7500 	 1.0000 
0.0900 	 1.0000 	 0.7500 	 1.0000 
0.1000 	 1.0000 	 0.7500 	 1.0000 
0.1100 	 1.0000 	 0.7500 	 1.0000 
0.1200 	 1.0000 	 0.7500 	 1.0000 
0.1300 	 1.0000 	 0.7500 	 1.0000 
0.1400 	 0.9999 	 0.7501 	 0.9999 
0.1500 	 0.9998 	 0.7503 	 0.9997 
0.1600 	 0.9995 	 0.7506 	 0.9992 
0.1700 	 0.9987 	 0.7515 	 0.9982 
0.1800 	 0.9973 	 0.7532 	 0.9962 
0.1900 	 0.9945 	 0.7565 	 0.9923 
0.2000 	 0.9898 	 0.7622 	 0.9857 
0.2100 	 0.9823 	 0.7710 	 0.9754 
0.2200 	 0.9716 	 0.7839 	 0.9605 
0.2300 	 0.9572 	 0.8014 	 0.9407 
0.2400 	 0.9391 	 0.8237 	 0.9160 
0.2500 	 0.9175 	 0.8507 	 0.8867 
0.2600 	 0.8929 	 0.8821 	 0.8537 
0.2700 	 0.8658 	 0.9175 	 0.8178 
0.2800 	 0.8367 	 0.9565 	 0.7798 
0.2900 	 0.8062 	 0.9986 	 0.7404 
0.3000 	 0.7744 	 1.0439 	 0.6999 
0.3100 	 0.7407 	 1.0935 	 0.6578 
0.3200 	 0.6877 	 1.1756 	 0.5929 
0.3300 	 0.6560 	 1.2269 	 0.5552 
0.3400 	 0.6324 	 1.2665 	 0.5275 
0.3500 	 0.6138 	 1.2984 	 0.5060 
0.3600 	 0.5996 	 1.3234 	 0.4898 
0.3700 	 0.5895 	 1.3414 	 0.4784 
0.3800 	 0.5830 	 1.3530 	 0.4711 
0.3900 	 0.5793 	 1.3594 	 0.4672 
0.4000 	 0.5774 	 1.3623 	 0.4654 
0.4100 	 0.5765 	 1.3632 	 0.4648 
0.4200 	 0.5756 	 1.3632 	 0.4648 
0.4300 	 0.5741 	 1.3629 	 0.4650 
0.4400 	 0.5715 	 1.3625 	 0.4652 
0.4500 	 0.5671 	 1.3623 	 0.4654 
0.4600 	 0.5603 	 1.3620 	 0.4655 
0.4700 	 0.5503 	 1.3619 	 0.4656 
0.4800 	 0.5369 	 1.3617 	 0.4657 
0.4900 	 0.5198 	 1.3616 	 0.4658 
0.5000 	 0.4996 	 1.3615 	 0.4659 
0.5100 	 0.4771 	 1.3614 	 0.4659 
0.5200 	 0.4535 	 1.3614 	 0.4659 
0.5300 	 0.4302 	 1.3613 	 0.4660 
0.5400 	 0.4087 	 1.3612 	 0.4660 
0.5500 	 0.3898 	 1.3611 	 0.4659 
0.5600 	 0.3742 	 1.3608 	 0.4659 
0.5700 	 0.3620 	 1.3603 	 0.4657 
0.5800 	 0.3530 	 1.3593 	 0.4652 
0.5900 	 0.3464 	 1.3570 	 0.4642 
0.6000 	 0.3414 	 1.3520 	 0.4618 
0.6100 	 0.3365 	 1.3411 	 0.4568 
0.6200 	 0.3296 	 1.3174 	 0.4460 
0.6300 	 0.3173 	 1.2666 	 0.4235 
0.6400 	 0.2942 	 1.1616 	 0.3803 
0.6500 	 0.2552 	 0.9608 	 0.3082 
0.6600 	 0.2031 	 0.6371 	 0.2162 
0.6700 	 0.1569 	 0.2788 	 0.1421 
0.6800 	 0.1334 	 0.0728 	 0.1099 
0.6900 	 0.1266 	 0.0140 	 0.1019 
0.7000 	 0.1253 	 0.0025 	 0.1003 
0.7100 	 0.1251 	 0.0004 	 0.1001 
0.7200 	 0.1250 	 0.0001 	 0.1000 
0.7300 	 0.1250 	 0.0000 	 0.1000 
0.7400 	 0.1250 	 0.0000 	 0.1000 
0.7500 	 0.1250 	 0.0000 	 0.1000 
0.7600 	 0.1250 	 0.0000 	 0.1000 
0.7700 	 0.1250 	 0.0000 	 0.1000 
0.7800 	 0.1250 	 0.0000 	 0.1000 
0.7900 	 0.1250 	 0.0000 	 0.1000 
0.8000 	 0.1250 	 0.0000 	 0.1000 
0.8100 	 0.1250 	 0.0000 	 0.1000 
0.8200 	 0.1250 	 0.0000 	 0.1000 
0.8300 	 0.1250 	 0.0000 	 0.1000 
0.8400 	 0.1250 	 0.0000 	 0.1000 
0.8500 	 0.1250 	 0.0000 	 0.1000 
0.8600 	 0.1250 	 0.0000 	 0.1000 
0.8700 	 0.1250 	 0.0000 	 0.1000 
0.8800 	 0.1250 	 0.0000 	 0.1000 
0.8900 	 0.1250 	 0.0000 	 0.1000 
0.9000 	 0.1250 	 0.0000 	 0.1000 
0.9100 	 0.1250 	 0.0000 	 0.1000 
0.9200 	 0.1250 	 0.0000 	 0.1000 
0.9300 	 0.1250 	 0.0000 	 0.1000 
0.9400 	 0.1250 	 0.0000 	 0.1000 
0.9500 	 0.1250 	 0.0000 	 0.1000 
0.9600 	 0.1250 	 0.0000 	 0.1000 
0.9700 	 0.1250 	 0.0000 	 0.1000 
0.9800 	 0.1250 	 0.0000 	 0.1000 
0.9900 	 0.1250 	 0.0000 	 0.1000 
