0.0000 	 1.0000 	 0.7500 	 1.0000 
0.0100 	 1.0000 	 0.7500 	 1.0000 
0.0200 	 1.0000 	 0.7500 	 1.0000 
0.0300 	 1.0000 	 0.7500 	 1.0000 
0.0400 	 1.0000 	 0.7500 	 1.0000 
0.0500 	 1.0000 	 0.7500 	 1.0000 
0.0600 	 1.0000 	 0.7500 	 1.0000 
0.0700 	 1.0000 	 0.7500 	 1.0000 
0.0800 	 1.0000 	 0.7500 	 1.0000 
0.0900 	 1.0000 	 0.7500 	 1.0000 
0.1000 	 1.0000 	 0.7500 	 1.0000 
0.1100 	 1.0000 	 0.7500 	 1.0000 
0.1200 	 1.0000 	 0.7500 	 1.0000 
0.1300 	 1.0000 	 0.7500 	 1.0000 
0.1400 	 1.0000 	 0.7500 	 1.0000 
0.1500 	 1.0000 	 0.7500 	 1.0000 
0.1600 	 1.0000 	 0.7500 	 1.0000 
0.1700 	 0.9999 	 0.7501 	 0.9999 
0.1800 	 0.9997 	 0.7503 	 0.9996 
0.1900 	 0.9992 	 0.7509 	 0.9989 
0.2000 	 0.9980 	 0.7523 	 0.9973 
0.2100 	 0.9955 	 0.7554 	 0.9937 
0.2200 	 0.9905 	 0.7612 	 0.9868 
0.2300 	 0.9819 	 0.7715 	 0.9749 
0.2400 	 0.9686 	 0.7876 	 0.9564 
0.2500 	 0.9497 	 0.8105 	 0.9306 
0.2600 	 0.9252 	 0.8409 	 0.8973 
0.2700 	 0.8955 	 0.8787 	 0.8573 
0.2800 	 0.8613 	 0.9233 	 0.8121 
0.2900 	 0.8237 	 0.9741 	 0.7631 
0.3000 	 0.7834 	 1.0306 	 0.7115 
0.3100 	 0.7404 	 1.0936 	 0.6577 
0.3200 	 0.6739 	 1.1973 	 0.5767 
0.3300 	 0.6386 	 1.2554 	 0.5351 
0.3400 	 0.6140 	 1.2975 	 0.5066 
0.3500 	 0.5966 	 1.3277 	 0.4870 
0.3600 	 0.5855 	 1.3473 	 0.4747 
0.3700 	 0.5791 	 1.3580 	 0.4680 
0.3800 	 0.5755 	 1.3625 	 0.4652 
0.3900 	 0.5727 	 1.3638 	 0.4645 
0.4000 	 0.5688 	 1.3637 	 0.4646 
0.4100 	 0.5623 	 1.3632 	 0.4648 
0.4200 	 0.5520 	 1.3628 	 0.4651 
0.4300 	 0.5369 	 1.3625 	 0.4653 
0.4400 	 0.5169 	 1.3622 	 0.4655 
0.4500 	 0.4927 	 1.3620 	 0.4656 
0.4600 	 0.4657 	 1.3618 	 0.4656 
0.4700 	 0.4382 	 1.3615 	 0.4656 
0.4800 	 0.4122 	 1.3611 	 0.4655 
0.4900 	 0.3894 	 1.3603 	 0.4652 
0.5000 	 0.3709 	 1.3585 	 0.4644 
0.5100 	 0.3566 	 1.3546 	 0.4626 
0.5200 	 0.3455 	 1.3459 	 0.4586 
0.5300 	 0.3354 	 1.3265 	 0.4497 
0.5400 	 0.3225 	 1.2840 	 0.4308 
0.5500 	 0.3012 	 1.1941 	 0.3930 
0.5600 	 0.2652 	 1.0164 	 0.3267 
0.5700 	 0.2142 	 0.7136 	 0.2355 
0.5800 	 0.1644 	 0.3428 	 0.1535 
0.5900 	 0.1361 	 0.0969 	 0.1133 
0.6000 	 0.1272 	 0.0189 	 0.1025 
0.6100 	 0.1254 	 0.0033 	 0.1004 
0.6200 	 0.1251 	 0.0006 	 0.1001 
0.6300 	 0.1250 	 0.0001 	 0.1000 
0.6400 	 0.1250 	 0.0000 	 0.1000 
0.6500 	 0.1250 	 0.0000 	 0.1000 
0.6600 	 0.1250 	 0.0000 	 0.1000 
0.6700 	 0.1250 	 0.0000 	 0.1000 
0.6800 	 0.1250 	 0.0000 	 0.1000 
0.6900 	 0.1250 	 0.0000 	 0.1000 
0.7000 	 0.1250 	 0.0000 	 0.1000 
0.7100 	 0.1250 	 0.0000 	 0.1000 
0.7200 	 0.1250 	 0.0000 	 0.1000 
0.7300 	 0.1250 	 0.0000 	 0.1000 
0.7400 	 0.1250 	 0.0000 	 0.1000 
0.7500 	 0.1250 	 0.0000 	 0.1000 
0.7600 	 0.1250 	 0.0000 	 0.1000 
0.7700 	 0.1250 	 0.0000 	 0.1000 
0.7800 	 0.1250 	 0.0000 	 0.1000 
0.7900 	 0.1250 	 0.0000 	 0.1000 
0.8000 	 0.1250 	 0.0000 	 0.1000 
0.8100 	 0.1250 	 0.0000 	 0.1000 
0.8200 	 0.1250 	 0.0000 	 0.1000 
0.8300 	 0.1250 	 0.0000 	 0.1000 
0.8400 	 0.1250 	 0.0000 	 0.1000 
0.8500 	 0.1250 	 0.0000 	 0.1000 
0.8600 	 0.1250 	 0.0000 	 0.1000 
0.8700 	 0.1250 	 0.0000 	 0.1000 
0.8800 	 0.1250 	 0.0000 	 0.1000 
0.8900 	 0.1250 	 0.0000 	 0.1000 
0.9000 	 0.1250 	 0.0000 	 0.1000 
0.9100 	 0.1250 	 0.0000 	 0.1000 
0.9200 	 0.1250 	 0.0000 	 0.1000 
0.9300 	 0.1250 	 0.0000 	 0.1000 
0.9400 	 0.1250 	 0.0000 	 0.1000 
0.9500 	 0.1250 	 0.0000 	 0.1000 
0.9600 	 0.1250 	 0.0000 	 0.1000 
0.9700 	 0.1250 	 0.0000 	 0.1000 
0.9800 	 0.1250 	 0.0000 	 0.1000 
0.9900 	 0.1250 	 0.0000 	 0.1000 
