0.0000 	 1.0000 	 0.7500 	 1.0000 
0.0100 	 1.0000 	 0.7500 	 1.0000 
0.0200 	 1.0000 	 0.7500 	 1.0000 
0.0300 	 1.0000 	 0.7500 	 1.0000 
0.0400 	 1.0000 	 0.7500 	 1.0000 
0.0500 	 1.0000 	 0.7500 	 1.0000 
0.0600 	 1.0000 	 0.7500 	 1.0000 
0.0700 	 1.0000 	 0.7500 	 1.0000 
0.0800 	 1.0000 	 0.7500 	 1.0000 
0.0900 	 1.0000 	 0.7500 	 1.0000 
0.1000 	 1.0000 	 0.7500 	 1.0000 
0.1100 	 1.0000 	 0.7500 	 1.0000 
0.1200 	 1.0000 	 0.7500 	 1.0000 
0.1300 	 1.0000 	 0.7500 	 1.0000 
0.1400 	 1.0000 	 0.7500 	 1.0000 
0.1500 	 1.0000 	 0.7500 	 1.0000 
0.1600 	 1.0000 	 0.7500 	 1.0000 
0.1700 	 1.0000 	 0.7500 	 1.0000 
0.1800 	 1.0000 	 0.7500 	 1.0000 
0.1900 	 0.9999 	 0.7501 	 0.9999 
0.2000 	 0.9997 	 0.7504 	 0.9996 
0.2100 	 0.9990 	 0.7512 	 0.9986 
0.2200 	 0.9973 	 0.7532 	 0.9962 
0.2300 	 0.9933 	 0.7579 	 0.9907 
0.2400 	 0.9855 	 0.7673 	 0.9798 
0.2500 	 0.9717 	 0.7838 	 0.9608 
0.2600 	 0.9506 	 0.8095 	 0.9317 
0.2700 	 0.9212 	 0.8459 	 0.8920 
0.2800 	 0.8842 	 0.8931 	 0.8425 
0.2900 	 0.8405 	 0.9509 	 0.7852 
0.3000 	 0.7917 	 1.0184 	 0.7225 
0.3100 	 0.7387 	 1.0957 	 0.6560 
0.3200 	 0.6603 	 1.2187 	 0.5611 
0.3300 	 0.6233 	 1.2806 	 0.5179 
0.3400 	 0.5993 	 1.3218 	 0.4908 
0.3500 	 0.5845 	 1.3468 	 0.4750 
0.3600 	 0.5758 	 1.3593 	 0.4673 
0.3700 	 0.5697 	 1.3638 	 0.4645 
0.3800 	 0.5623 	 1.3645 	 0.4641 
0.3900 	 0.5507 	 1.3640 	 0.4644 
0.4000 	 0.5331 	 1.3634 	 0.4648 
0.4100 	 0.5091 	 1.3629 	 0.4651 
0.4200 	 0.4801 	 1.3624 	 0.4652 
0.4300 	 0.4486 	 1.3617 	 0.4651 
0.4400 	 0.4178 	 1.3603 	 0.4646 
0.4500 	 0.3903 	 1.3576 	 0.4634 
0.4600 	 0.3677 	 1.3513 	 0.4605 
0.4700 	 0.3493 	 1.3369 	 0.4539 
0.4800 	 0.3323 	 1.3045 	 0.4393 
0.4900 	 0.3113 	 1.2335 	 0.4088 
0.5000 	 0.2788 	 1.0868 	 0.3514 
0.5100 	 0.2304 	 0.8189 	 0.2643 
0.5200 	 0.1770 	 0.4459 	 0.1735 
0.5300 	 0.1414 	 0.1439 	 0.1203 
0.5400 	 0.1284 	 0.0294 	 0.1039 
0.5500 	 0.1256 	 0.0050 	 0.1007 
0.5600 	 0.1251 	 0.0008 	 0.1001 
0.5700 	 0.1250 	 0.0001 	 0.1000 
0.5800 	 0.1250 	 0.0000 	 0.1000 
0.5900 	 0.1250 	 0.0000 	 0.1000 
0.6000 	 0.1250 	 0.0000 	 0.1000 
0.6100 	 0.1250 	 0.0000 	 0.1000 
0.6200 	 0.1250 	 0.0000 	 0.1000 
0.6300 	 0.1250 	 0.0000 	 0.1000 
0.6400 	 0.1250 	 0.0000 	 0.1000 
0.6500 	 0.1250 	 0.0000 	 0.1000 
0.6600 	 0.1250 	 0.0000 	 0.1000 
0.6700 	 0.1250 	 0.0000 	 0.1000 
0.6800 	 0.1250 	 0.0000 	 0.1000 
0.6900 	 0.1250 	 0.0000 	 0.1000 
0.7000 	 0.1250 	 0.0000 	 0.1000 
0.7100 	 0.1250 	 0.0000 	 0.1000 
0.7200 	 0.1250 	 0.0000 	 0.1000 
0.7300 	 0.1250 	 0.0000 	 0.1000 
0.7400 	 0.1250 	 0.0000 	 0.1000 
0.7500 	 0.1250 	 0.0000 	 0.1000 
0.7600 	 0.1250 	 0.0000 	 0.1000 
0.7700 	 0.1250 	 0.0000 	 0.1000 
0.7800 	 0.1250 	 0.0000 	 0.1000 
0.7900 	 0.1250 	 0.0000 	 0.1000 
0.8000 	 0.1250 	 0.0000 	 0.1000 
0.8100 	 0.1250 	 0.0000 	 0.1000 
0.8200 	 0.1250 	 0.0000 	 0.1000 
0.8300 	 0.1250 	 0.0000 	 0.1000 
0.8400 	 0.1250 	 0.0000 	 0.1000 
0.8500 	 0.1250 	 0.0000 	 0.1000 
0.8600 	 0.1250 	 0.0000 	 0.1000 
0.8700 	 0.1250 	 0.0000 	 0.1000 
0.8800 	 0.1250 	 0.0000 	 0.1000 
0.8900 	 0.1250 	 0.0000 	 0.1000 
0.9000 	 0.1250 	 0.0000 	 0.1000 
0.9100 	 0.1250 	 0.0000 	 0.1000 
0.9200 	 0.1250 	 0.0000 	 0.1000 
0.9300 	 0.1250 	 0.0000 	 0.1000 
0.9400 	 0.1250 	 0.0000 	 0.1000 
0.9500 	 0.1250 	 0.0000 	 0.1000 
0.9600 	 0.1250 	 0.0000 	 0.1000 
0.9700 	 0.1250 	 0.0000 	 0.1000 
0.9800 	 0.1250 	 0.0000 	 0.1000 
0.9900 	 0.1250 	 0.0000 	 0.1000 
