0.0000 	 1.0000 	 0.7500 	 1.0000 
0.0100 	 1.0000 	 0.7500 	 1.0000 
0.0200 	 1.0000 	 0.7500 	 1.0000 
0.0300 	 1.0000 	 0.7500 	 1.0000 
0.0400 	 1.0000 	 0.7500 	 1.0000 
0.0500 	 1.0000 	 0.7500 	 1.0000 
0.0600 	 1.0000 	 0.7500 	 1.0000 
0.0700 	 1.0000 	 0.7500 	 1.0000 
0.0800 	 1.0000 	 0.7500 	 1.0000 
0.0900 	 1.0000 	 0.7500 	 1.0000 
0.1000 	 1.0000 	 0.7500 	 1.0000 
0.1100 	 1.0000 	 0.7500 	 1.0000 
0.1200 	 1.0000 	 0.7500 	 1.0000 
0.1300 	 1.0000 	 0.7500 	 1.0000 
0.1400 	 1.0000 	 0.7500 	 1.0000 
0.1500 	 1.0000 	 0.7500 	 1.0000 
0.1600 	 1.0000 	 0.7500 	 1.0000 
0.1700 	 1.0000 	 0.7500 	 1.0000 
0.1800 	 0.9999 	 0.7501 	 0.9999 
0.1900 	 0.9997 	 0.7504 	 0.9995 
0.2000 	 0.9990 	 0.7511 	 0.9986 
0.2100 	 0.9975 	 0.7530 	 0.9965 
0.2200 	 0.9941 	 0.7569 	 0.9918 
0.2300 	 0.9877 	 0.7646 	 0.9828 
0.2400 	 0.9766 	 0.7779 	 0.9674 
0.2500 	 0.9596 	 0.7985 	 0.9441 
0.2600 	 0.9361 	 0.8274 	 0.9120 
0.2700 	 0.9062 	 0.8649 	 0.8717 
0.2800 	 0.8706 	 0.9110 	 0.8244 
0.2900 	 0.8304 	 0.9647 	 0.7719 
0.3000 	 0.7867 	 1.0257 	 0.7159 
0.3100 	 0.7399 	 1.0942 	 0.6572 
0.3200 	 0.6684 	 1.2058 	 0.5704 
0.3300 	 0.6323 	 1.2658 	 0.5279 
0.3400 	 0.6077 	 1.3079 	 0.4998 
0.3500 	 0.5914 	 1.3364 	 0.4815 
0.3600 	 0.5815 	 1.3532 	 0.4710 
0.3700 	 0.5759 	 1.3611 	 0.4661 
0.3800 	 0.5720 	 1.3637 	 0.4645 
0.3900 	 0.5671 	 1.3640 	 0.4644 
0.4000 	 0.5592 	 1.3636 	 0.4646 
0.4100 	 0.5466 	 1.3631 	 0.4650 
0.4200 	 0.5287 	 1.3627 	 0.4652 
0.4300 	 0.5054 	 1.3624 	 0.4654 
0.4400 	 0.4782 	 1.3621 	 0.4655 
0.4500 	 0.4490 	 1.3617 	 0.4655 
0.4600 	 0.4206 	 1.3611 	 0.4653 
0.4700 	 0.3951 	 1.3599 	 0.4648 
0.4800 	 0.3740 	 1.3573 	 0.4637 
0.4900 	 0.3575 	 1.3516 	 0.4610 
0.5000 	 0.3442 	 1.3386 	 0.4551 
0.5100 	 0.3312 	 1.3097 	 0.4420 
0.5200 	 0.3136 	 1.2467 	 0.4146 
0.5300 	 0.2848 	 1.1164 	 0.3626 
0.5400 	 0.2397 	 0.8736 	 0.2806 
0.5500 	 0.1860 	 0.5145 	 0.1879 
0.5600 	 0.1461 	 0.1859 	 0.1267 
0.5700 	 0.1298 	 0.0412 	 0.1055 
0.5800 	 0.1259 	 0.0073 	 0.1010 
0.5900 	 0.1251 	 0.0012 	 0.1002 
0.6000 	 0.1250 	 0.0002 	 0.1000 
0.6100 	 0.1250 	 0.0000 	 0.1000 
0.6200 	 0.1250 	 0.0000 	 0.1000 
0.6300 	 0.1250 	 0.0000 	 0.1000 
0.6400 	 0.1250 	 0.0000 	 0.1000 
0.6500 	 0.1250 	 0.0000 	 0.1000 
0.6600 	 0.1250 	 0.0000 	 0.1000 
0.6700 	 0.1250 	 0.0000 	 0.1000 
0.6800 	 0.1250 	 0.0000 	 0.1000 
0.6900 	 0.1250 	 0.0000 	 0.1000 
0.7000 	 0.1250 	 0.0000 	 0.1000 
0.7100 	 0.1250 	 0.0000 	 0.1000 
0.7200 	 0.1250 	 0.0000 	 0.1000 
0.7300 	 0.1250 	 0.0000 	 0.1000 
0.7400 	 0.1250 	 0.0000 	 0.1000 
0.7500 	 0.1250 	 0.0000 	 0.1000 
0.7600 	 0.1250 	 0.0000 	 0.1000 
0.7700 	 0.1250 	 0.0000 	 0.1000 
0.7800 	 0.1250 	 0.0000 	 0.1000 
0.7900 	 0.1250 	 0.0000 	 0.1000 
0.8000 	 0.1250 	 0.0000 	 0.1000 
0.8100 	 0.1250 	 0.0000 	 0.1000 
0.8200 	 0.1250 	 0.0000 	 0.1000 
0.8300 	 0.1250 	 0.0000 	 0.1000 
0.8400 	 0.1250 	 0.0000 	 0.1000 
0.8500 	 0.1250 	 0.0000 	 0.1000 
0.8600 	 0.1250 	 0.0000 	 0.1000 
0.8700 	 0.1250 	 0.0000 	 0.1000 
0.8800 	 0.1250 	 0.0000 	 0.1000 
0.8900 	 0.1250 	 0.0000 	 0.1000 
0.9000 	 0.1250 	 0.0000 	 0.1000 
0.9100 	 0.1250 	 0.0000 	 0.1000 
0.9200 	 0.1250 	 0.0000 	 0.1000 
0.9300 	 0.1250 	 0.0000 	 0.1000 
0.9400 	 0.1250 	 0.0000 	 0.1000 
0.9500 	 0.1250 	 0.0000 	 0.1000 
0.9600 	 0.1250 	 0.0000 	 0.1000 
0.9700 	 0.1250 	 0.0000 	 0.1000 
0.9800 	 0.1250 	 0.0000 	 0.1000 
0.9900 	 0.1250 	 0.0000 	 0.1000 
