0.0000 	 1.0000 	 0.7500 	 1.0000 
0.0100 	 1.0000 	 0.7500 	 1.0000 
0.0200 	 1.0000 	 0.7500 	 1.0000 
0.0300 	 1.0000 	 0.7500 	 1.0000 
0.0400 	 1.0000 	 0.7500 	 1.0000 
0.0500 	 1.0000 	 0.7500 	 1.0000 
0.0600 	 1.0000 	 0.7500 	 1.0000 
0.0700 	 1.0000 	 0.7500 	 1.0000 
0.0800 	 1.0000 	 0.7500 	 1.0000 
0.0900 	 1.0000 	 0.7500 	 1.0000 
0.1000 	 1.0000 	 0.7500 	 1.0000 
0.1100 	 1.0000 	 0.7500 	 1.0000 
0.1200 	 1.0000 	 0.7500 	 0.9999 
0.1300 	 0.9999 	 0.7501 	 0.9999 
0.1400 	 0.9997 	 0.7503 	 0.9996 
0.1500 	 0.9994 	 0.7507 	 0.9991 
0.1600 	 0.9986 	 0.7516 	 0.9981 
0.1700 	 0.9971 	 0.7534 	 0.9960 
0.1800 	 0.9944 	 0.7566 	 0.9922 
0.1900 	 0.9900 	 0.7619 	 0.9861 
0.2000 	 0.9832 	 0.7699 	 0.9767 
0.2100 	 0.9736 	 0.7815 	 0.9633 
0.2200 	 0.9609 	 0.7969 	 0.9458 
0.2300 	 0.9450 	 0.8164 	 0.9240 
0.2400 	 0.9261 	 0.8399 	 0.8983 
0.2500 	 0.9045 	 0.8672 	 0.8693 
0.2600 	 0.8807 	 0.8979 	 0.8375 
0.2700 	 0.8552 	 0.9317 	 0.8038 
0.2800 	 0.8282 	 0.9682 	 0.7687 
0.2900 	 0.8002 	 1.0071 	 0.7326 
0.3000 	 0.7713 	 1.0485 	 0.6959 
0.3100 	 0.7406 	 1.0939 	 0.6575 
0.3200 	 0.6923 	 1.1684 	 0.5983 
0.3300 	 0.6622 	 1.2169 	 0.5624 
0.3400 	 0.6395 	 1.2547 	 0.5356 
0.3500 	 0.6210 	 1.2862 	 0.5141 
0.3600 	 0.6062 	 1.3120 	 0.4971 
0.3700 	 0.5949 	 1.3320 	 0.4843 
0.3800 	 0.5869 	 1.3462 	 0.4754 
0.3900 	 0.5819 	 1.3552 	 0.4698 
0.4000 	 0.5791 	 1.3601 	 0.4667 
0.4100 	 0.5777 	 1.3623 	 0.4654 
0.4200 	 0.5771 	 1.3630 	 0.4649 
0.4300 	 0.5766 	 1.3630 	 0.4650 
0.4400 	 0.5759 	 1.3627 	 0.4651 
0.4500 	 0.5745 	 1.3624 	 0.4653 
0.4600 	 0.5721 	 1.3622 	 0.4655 
0.4700 	 0.5681 	 1.3620 	 0.4656 
0.4800 	 0.5620 	 1.3618 	 0.4657 
0.4900 	 0.5533 	 1.3617 	 0.4658 
0.5000 	 0.5415 	 1.3616 	 0.4658 
0.5100 	 0.5266 	 1.3615 	 0.4659 
0.5200 	 0.5086 	 1.3614 	 0.4659 
0.5300 	 0.4881 	 1.3613 	 0.4660 
0.5400 	 0.4662 	 1.3613 	 0.4660 
0.5500 	 0.4440 	 1.3612 	 0.4660 
0.5600 	 0.4225 	 1.3612 	 0.4660 
0.5700 	 0.4029 	 1.3611 	 0.4660 
0.5800 	 0.3860 	 1.3610 	 0.4660 
0.5900 	 0.3720 	 1.3609 	 0.4660 
0.6000 	 0.3611 	 1.3607 	 0.4659 
0.6100 	 0.3530 	 1.3602 	 0.4657 
0.6200 	 0.3472 	 1.3592 	 0.4653 
0.6300 	 0.3430 	 1.3570 	 0.4642 
0.6400 	 0.3396 	 1.3522 	 0.4620 
0.6500 	 0.3358 	 1.3416 	 0.4571 
0.6600 	 0.3297 	 1.3188 	 0.4467 
0.6700 	 0.3181 	 1.2701 	 0.4251 
0.6800 	 0.2960 	 1.1696 	 0.3835 
0.6900 	 0.2581 	 0.9764 	 0.3133 
0.7000 	 0.2065 	 0.6605 	 0.2220 
0.7100 	 0.1593 	 0.2992 	 0.1457 
0.7200 	 0.1343 	 0.0808 	 0.1110 
0.7300 	 0.1269 	 0.0158 	 0.1021 
0.7400 	 0.1253 	 0.0028 	 0.1004 
0.7500 	 0.1251 	 0.0005 	 0.1001 
0.7600 	 0.1250 	 0.0001 	 0.1000 
0.7700 	 0.1250 	 0.0000 	 0.1000 
0.7800 	 0.1250 	 0.0000 	 0.1000 
0.7900 	 0.1250 	 0.0000 	 0.1000 
0.8000 	 0.1250 	 0.0000 	 0.1000 
0.8100 	 0.1250 	 0.0000 	 0.1000 
0.8200 	 0.1250 	 0.0000 	 0.1000 
0.8300 	 0.1250 	 0.0000 	 0.1000 
0.8400 	 0.1250 	 0.0000 	 0.1000 
0.8500 	 0.1250 	 0.0000 	 0.1000 
0.8600 	 0.1250 	 0.0000 	 0.1000 
0.8700 	 0.1250 	 0.0000 	 0.1000 
0.8800 	 0.1250 	 0.0000 	 0.1000 
0.8900 	 0.1250 	 0.0000 	 0.1000 
0.9000 	 0.1250 	 0.0000 	 0.1000 
0.9100 	 0.1250 	 0.0000 	 0.1000 
0.9200 	 0.1250 	 0.0000 	 0.1000 
0.9300 	 0.1250 	 0.0000 	 0.1000 
0.9400 	 0.1250 	 0.0000 	 0.1000 
0.9500 	 0.1250 	 0.0000 	 0.1000 
0.9600 	 0.1250 	 0.0000 	 0.1000 
0.9700 	 0.1250 	 0.0000 	 0.1000 
0.9800 	 0.1250 	 0.0000 	 0.1000 
0.9900 	 0.1250 	 0.0000 	 0.1000 
