0.0000 	 1.0000 	 0.7500 	 1.0000 
0.0100 	 1.0000 	 0.7500 	 1.0000 
0.0200 	 1.0000 	 0.7500 	 1.0000 
0.0300 	 1.0000 	 0.7500 	 1.0000 
0.0400 	 1.0000 	 0.7500 	 1.0000 
0.0500 	 1.0000 	 0.7500 	 1.0000 
0.0600 	 1.0000 	 0.7500 	 1.0000 
0.0700 	 1.0000 	 0.7500 	 1.0000 
0.0800 	 1.0000 	 0.7500 	 1.0000 
0.0900 	 1.0000 	 0.7500 	 1.0000 
0.1000 	 1.0000 	 0.7500 	 1.0000 
0.1100 	 1.0000 	 0.7500 	 1.0000 
0.1200 	 1.0000 	 0.7500 	 1.0000 
0.1300 	 1.0000 	 0.7500 	 1.0000 
0.1400 	 1.0000 	 0.7500 	 1.0000 
0.1500 	 1.0000 	 0.7500 	 1.0000 
0.1600 	 0.9999 	 0.7501 	 0.9999 
0.1700 	 0.9998 	 0.7503 	 0.9997 
0.1800 	 0.9993 	 0.7508 	 0.9991 
0.1900 	 0.9983 	 0.7520 	 0.9977 
0.2000 	 0.9963 	 0.7544 	 0.9948 
0.2100 	 0.9923 	 0.7592 	 0.9892 
0.2200 	 0.9854 	 0.7674 	 0.9796 
0.2300 	 0.9746 	 0.7804 	 0.9646 
0.2400 	 0.9591 	 0.7991 	 0.9434 
0.2500 	 0.9388 	 0.8240 	 0.9157 
0.2600 	 0.9138 	 0.8553 	 0.8819 
0.2700 	 0.8847 	 0.8926 	 0.8430 
0.2800 	 0.8523 	 0.9354 	 0.8002 
0.2900 	 0.8172 	 0.9832 	 0.7546 
0.3000 	 0.7801 	 1.0355 	 0.7073 
0.3100 	 0.7407 	 1.0934 	 0.6579 
0.3200 	 0.6791 	 1.1891 	 0.5827 
0.3300 	 0.6449 	 1.2450 	 0.5423 
0.3400 	 0.6204 	 1.2866 	 0.5139 
0.3500 	 0.6024 	 1.3180 	 0.4933 
0.3600 	 0.5899 	 1.3400 	 0.4793 
0.3700 	 0.5822 	 1.3534 	 0.4708 
0.3800 	 0.5780 	 1.3603 	 0.4666 
0.3900 	 0.5757 	 1.3630 	 0.4649 
0.4000 	 0.5738 	 1.3636 	 0.4646 
0.4100 	 0.5709 	 1.3634 	 0.4647 
0.4200 	 0.5660 	 1.3629 	 0.4650 
0.4300 	 0.5580 	 1.3626 	 0.4652 
0.4400 	 0.5461 	 1.3623 	 0.4654 
0.4500 	 0.5299 	 1.3621 	 0.4655 
0.4600 	 0.5093 	 1.3619 	 0.4656 
0.4700 	 0.4854 	 1.3618 	 0.4657 
0.4800 	 0.4596 	 1.3616 	 0.4658 
0.4900 	 0.4337 	 1.3614 	 0.4658 
0.5000 	 0.4095 	 1.3612 	 0.4657 
0.5100 	 0.3884 	 1.3607 	 0.4656 
0.5200 	 0.3714 	 1.3598 	 0.4652 
0.5300 	 0.3582 	 1.3577 	 0.4642 
0.5400 	 0.3484 	 1.3531 	 0.4621 
0.5500 	 0.3403 	 1.3429 	 0.4574 
0.5600 	 0.3318 	 1.3204 	 0.4471 
0.5700 	 0.3189 	 1.2717 	 0.4256 
0.5800 	 0.2960 	 1.1702 	 0.3836 
0.5900 	 0.2574 	 0.9737 	 0.3124 
0.6000 	 0.2053 	 0.6526 	 0.2200 
0.6100 	 0.1581 	 0.2899 	 0.1440 
0.6200 	 0.1338 	 0.0762 	 0.1104 
0.6300 	 0.1267 	 0.0146 	 0.1019 
0.6400 	 0.1253 	 0.0025 	 0.1003 
0.6500 	 0.1251 	 0.0004 	 0.1001 
0.6600 	 0.1250 	 0.0001 	 0.1000 
0.6700 	 0.1250 	 0.0000 	 0.1000 
0.6800 	 0.1250 	 0.0000 	 0.1000 
0.6900 	 0.1250 	 0.0000 	 0.1000 
0.7000 	 0.1250 	 0.0000 	 0.1000 
0.7100 	 0.1250 	 0.0000 	 0.1000 
0.7200 	 0.1250 	 0.0000 	 0.1000 
0.7300 	 0.1250 	 0.0000 	 0.1000 
0.7400 	 0.1250 	 0.0000 	 0.1000 
0.7500 	 0.1250 	 0.0000 	 0.1000 
0.7600 	 0.1250 	 0.0000 	 0.1000 
0.7700 	 0.1250 	 0.0000 	 0.1000 
0.7800 	 0.1250 	 0.0000 	 0.1000 
0.7900 	 0.1250 	 0.0000 	 0.1000 
0.8000 	 0.1250 	 0.0000 	 0.1000 
0.8100 	 0.1250 	 0.0000 	 0.1000 
0.8200 	 0.1250 	 0.0000 	 0.1000 
0.8300 	 0.1250 	 0.0000 	 0.1000 
0.8400 	 0.1250 	 0.0000 	 0.1000 
0.8500 	 0.1250 	 0.0000 	 0.1000 
0.8600 	 0.1250 	 0.0000 	 0.1000 
0.8700 	 0.1250 	 0.0000 	 0.1000 
0.8800 	 0.1250 	 0.0000 	 0.1000 
0.8900 	 0.1250 	 0.0000 	 0.1000 
0.9000 	 0.1250 	 0.0000 	 0.1000 
0.9100 	 0.1250 	 0.0000 	 0.1000 
0.9200 	 0.1250 	 0.0000 	 0.1000 
0.9300 	 0.1250 	 0.0000 	 0.1000 
0.9400 	 0.1250 	 0.0000 	 0.1000 
0.9500 	 0.1250 	 0.0000 	 0.1000 
0.9600 	 0.1250 	 0.0000 	 0.1000 
0.9700 	 0.1250 	 0.0000 	 0.1000 
0.9800 	 0.1250 	 0.0000 	 0.1000 
0.9900 	 0.1250 	 0.0000 	 0.1000 
