0.0000 	 1.0000 	 0.7500 	 1.0000 
0.0100 	 1.0000 	 0.7500 	 1.0000 
0.0200 	 1.0000 	 0.7500 	 1.0000 
0.0300 	 1.0000 	 0.7500 	 1.0000 
0.0400 	 1.0000 	 0.7500 	 1.0000 
0.0500 	 1.0000 	 0.7500 	 1.0000 
0.0600 	 1.0000 	 0.7500 	 1.0000 
0.0700 	 1.0000 	 0.7500 	 1.0000 
0.0800 	 1.0000 	 0.7500 	 1.0000 
0.0900 	 1.0000 	 0.7500 	 1.0000 
0.1000 	 1.0000 	 0.7500 	 1.0000 
0.1100 	 1.0000 	 0.7500 	 1.0000 
0.1200 	 0.9999 	 0.7501 	 0.9999 
0.1300 	 0.9998 	 0.7502 	 0.9998 
0.1400 	 0.9996 	 0.7505 	 0.9994 
0.1500 	 0.9991 	 0.7511 	 0.9987 
0.1600 	 0.9981 	 0.7523 	 0.9973 
0.1700 	 0.9962 	 0.7545 	 0.9947 
0.1800 	 0.9930 	 0.7583 	 0.9902 
0.1900 	 0.9879 	 0.7644 	 0.9831 
0.2000 	 0.9804 	 0.7734 	 0.9727 
0.2100 	 0.9700 	 0.7858 	 0.9584 
0.2200 	 0.9567 	 0.8021 	 0.9400 
0.2300 	 0.9404 	 0.8221 	 0.9177 
0.2400 	 0.9213 	 0.8459 	 0.8919 
0.2500 	 0.8999 	 0.8732 	 0.8630 
0.2600 	 0.8765 	 0.9035 	 0.8319 
0.2700 	 0.8515 	 0.9366 	 0.7990 
0.2800 	 0.8253 	 0.9722 	 0.7649 
0.2900 	 0.7982 	 1.0100 	 0.7300 
0.3000 	 0.7702 	 1.0502 	 0.6945 
0.3100 	 0.7405 	 1.0941 	 0.6573 
0.3200 	 0.6938 	 1.1660 	 0.6002 
0.3300 	 0.6644 	 1.2134 	 0.5649 
0.3400 	 0.6420 	 1.2506 	 0.5385 
0.3500 	 0.6236 	 1.2818 	 0.5171 
0.3600 	 0.6086 	 1.3078 	 0.4999 
0.3700 	 0.5970 	 1.3283 	 0.4867 
0.3800 	 0.5886 	 1.3433 	 0.4772 
0.3900 	 0.5830 	 1.3532 	 0.4710 
0.4000 	 0.5798 	 1.3590 	 0.4674 
0.4100 	 0.5781 	 1.3618 	 0.4657 
0.4200 	 0.5774 	 1.3628 	 0.4651 
0.4300 	 0.5770 	 1.3630 	 0.4650 
0.4400 	 0.5765 	 1.3628 	 0.4651 
0.4500 	 0.5757 	 1.3625 	 0.4653 
0.4600 	 0.5742 	 1.3622 	 0.4654 
0.4700 	 0.5716 	 1.3620 	 0.4656 
0.4800 	 0.5673 	 1.3618 	 0.4657 
0.4900 	 0.5610 	 1.3617 	 0.4657 
0.5000 	 0.5520 	 1.3616 	 0.4658 
0.5100 	 0.5401 	 1.3615 	 0.4659 
0.5200 	 0.5252 	 1.3614 	 0.4659 
0.5300 	 0.5073 	 1.3613 	 0.4660 
0.5400 	 0.4872 	 1.3613 	 0.4660 
0.5500 	 0.4657 	 1.3612 	 0.4660 
0.5600 	 0.4439 	 1.3612 	 0.4660 
0.5700 	 0.4229 	 1.3611 	 0.4661 
0.5800 	 0.4037 	 1.3611 	 0.4661 
0.5900 	 0.3869 	 1.3610 	 0.4661 
0.6000 	 0.3731 	 1.3609 	 0.4660 
0.6100 	 0.3622 	 1.3608 	 0.4660 
0.6200 	 0.3540 	 1.3605 	 0.4659 
0.6300 	 0.3481 	 1.3598 	 0.4656 
0.6400 	 0.3439 	 1.3584 	 0.4649 
0.6500 	 0.3407 	 1.3553 	 0.4635 
0.6600 	 0.3377 	 1.3484 	 0.4603 
0.6700 	 0.3333 	 1.3336 	 0.4534 
0.6800 	 0.3254 	 1.3016 	 0.4390 
0.6900 	 0.3100 	 1.2342 	 0.4098 
0.7000 	 0.2814 	 1.0986 	 0.3563 
0.7100 	 0.2364 	 0.8520 	 0.2742 
0.7200 	 0.1838 	 0.4963 	 0.1840 
0.7300 	 0.1454 	 0.1789 	 0.1256 
0.7400 	 0.1297 	 0.0404 	 0.1054 
0.7500 	 0.1259 	 0.0075 	 0.1010 
0.7600 	 0.1252 	 0.0013 	 0.1002 
0.7700 	 0.1250 	 0.0002 	 0.1000 
0.7800 	 0.1250 	 0.0000 	 0.1000 
0.7900 	 0.1250 	 0.0000 	 0.1000 
0.8000 	 0.1250 	 0.0000 	 0.1000 
0.8100 	 0.1250 	 0.0000 	 0.1000 
0.8200 	 0.1250 	 0.0000 	 0.1000 
0.8300 	 0.1250 	 0.0000 	 0.1000 
0.8400 	 0.1250 	 0.0000 	 0.1000 
0.8500 	 0.1250 	 0.0000 	 0.1000 
0.8600 	 0.1250 	 0.0000 	 0.1000 
0.8700 	 0.1250 	 0.0000 	 0.1000 
0.8800 	 0.1250 	 0.0000 	 0.1000 
0.8900 	 0.1250 	 0.0000 	 0.1000 
0.9000 	 0.1250 	 0.0000 	 0.1000 
0.9100 	 0.1250 	 0.0000 	 0.1000 
0.9200 	 0.1250 	 0.0000 	 0.1000 
0.9300 	 0.1250 	 0.0000 	 0.1000 
0.9400 	 0.1250 	 0.0000 	 0.1000 
0.9500 	 0.1250 	 0.0000 	 0.1000 
0.9600 	 0.1250 	 0.0000 	 0.1000 
0.9700 	 0.1250 	 0.0000 	 0.1000 
0.9800 	 0.1250 	 0.0000 	 0.1000 
0.9900 	 0.1250 	 0.0000 	 0.1000 
