0.0000 	 1.0000 	 0.7500 	 1.0000 
0.0100 	 1.0000 	 0.7500 	 1.0000 
0.0200 	 1.0000 	 0.7500 	 1.0000 
0.0300 	 1.0000 	 0.7500 	 1.0000 
0.0400 	 1.0000 	 0.7500 	 1.0000 
0.0500 	 1.0000 	 0.7500 	 1.0000 
0.0600 	 1.0000 	 0.7500 	 1.0000 
0.0700 	 1.0000 	 0.7500 	 1.0000 
0.0800 	 1.0000 	 0.7500 	 1.0000 
0.0900 	 1.0000 	 0.7500 	 1.0000 
0.1000 	 1.0000 	 0.7500 	 1.0000 
0.1100 	 1.0000 	 0.7500 	 1.0000 
0.1200 	 1.0000 	 0.7500 	 1.0000 
0.1300 	 0.9999 	 0.7501 	 0.9999 
0.1400 	 0.9998 	 0.7502 	 0.9998 
0.1500 	 0.9996 	 0.7505 	 0.9994 
0.1600 	 0.9990 	 0.7512 	 0.9986 
0.1700 	 0.9979 	 0.7525 	 0.9970 
0.1800 	 0.9957 	 0.7551 	 0.9940 
0.1900 	 0.9919 	 0.7596 	 0.9887 
0.2000 	 0.9859 	 0.7667 	 0.9804 
0.2100 	 0.9771 	 0.7773 	 0.9682 
0.2200 	 0.9651 	 0.7918 	 0.9515 
0.2300 	 0.9497 	 0.8107 	 0.9304 
0.2400 	 0.9310 	 0.8338 	 0.9050 
0.2500 	 0.9094 	 0.8611 	 0.8758 
0.2600 	 0.8852 	 0.8921 	 0.8435 
0.2700 	 0.8591 	 0.9265 	 0.8089 
0.2800 	 0.8313 	 0.9639 	 0.7727 
0.2900 	 0.8024 	 1.0040 	 0.7354 
0.3000 	 0.7724 	 1.0468 	 0.6974 
0.3100 	 0.7406 	 1.0938 	 0.6576 
0.3200 	 0.6906 	 1.1710 	 0.5964 
0.3300 	 0.6600 	 1.2205 	 0.5597 
0.3400 	 0.6369 	 1.2590 	 0.5326 
0.3500 	 0.6183 	 1.2908 	 0.5111 
0.3600 	 0.6037 	 1.3163 	 0.4943 
0.3700 	 0.5928 	 1.3356 	 0.4820 
0.3800 	 0.5853 	 1.3489 	 0.4737 
0.3900 	 0.5808 	 1.3570 	 0.4687 
0.4000 	 0.5784 	 1.3611 	 0.4661 
0.4100 	 0.5773 	 1.3628 	 0.4651 
0.4200 	 0.5766 	 1.3631 	 0.4649 
0.4300 	 0.5760 	 1.3629 	 0.4650 
0.4400 	 0.5748 	 1.3626 	 0.4652 
0.4500 	 0.5726 	 1.3624 	 0.4653 
0.4600 	 0.5689 	 1.3621 	 0.4655 
0.4700 	 0.5631 	 1.3619 	 0.4656 
0.4800 	 0.5546 	 1.3618 	 0.4657 
0.4900 	 0.5430 	 1.3616 	 0.4658 
0.5000 	 0.5280 	 1.3615 	 0.4658 
0.5100 	 0.5099 	 1.3615 	 0.4659 
0.5200 	 0.4891 	 1.3614 	 0.4659 
0.5300 	 0.4668 	 1.3613 	 0.4660 
0.5400 	 0.4440 	 1.3613 	 0.4660 
0.5500 	 0.4221 	 1.3612 	 0.4660 
0.5600 	 0.4021 	 1.3611 	 0.4660 
0.5700 	 0.3849 	 1.3610 	 0.4660 
0.5800 	 0.3709 	 1.3609 	 0.4659 
0.5900 	 0.3600 	 1.3605 	 0.4658 
0.6000 	 0.3520 	 1.3598 	 0.4655 
0.6100 	 0.3462 	 1.3582 	 0.4648 
0.6200 	 0.3419 	 1.3548 	 0.4632 
0.6300 	 0.3380 	 1.3474 	 0.4598 
0.6400 	 0.3330 	 1.3312 	 0.4523 
0.6500 	 0.3242 	 1.2962 	 0.4365 
0.6600 	 0.3074 	 1.2227 	 0.4050 
0.6700 	 0.2769 	 1.0757 	 0.3479 
0.6800 	 0.2300 	 0.8132 	 0.2629 
0.6900 	 0.1779 	 0.4505 	 0.1745 
0.7000 	 0.1423 	 0.1517 	 0.1215 
0.7100 	 0.1288 	 0.0328 	 0.1044 
0.7200 	 0.1257 	 0.0060 	 0.1008 
0.7300 	 0.1251 	 0.0010 	 0.1001 
0.7400 	 0.1250 	 0.0002 	 0.1000 
0.7500 	 0.1250 	 0.0000 	 0.1000 
0.7600 	 0.1250 	 0.0000 	 0.1000 
0.7700 	 0.1250 	 0.0000 	 0.1000 
0.7800 	 0.1250 	 0.0000 	 0.1000 
0.7900 	 0.1250 	 0.0000 	 0.1000 
0.8000 	 0.1250 	 0.0000 	 0.1000 
0.8100 	 0.1250 	 0.0000 	 0.1000 
0.8200 	 0.1250 	 0.0000 	 0.1000 
0.8300 	 0.1250 	 0.0000 	 0.1000 
0.8400 	 0.1250 	 0.0000 	 0.1000 
0.8500 	 0.1250 	 0.0000 	 0.1000 
0.8600 	 0.1250 	 0.0000 	 0.1000 
0.8700 	 0.1250 	 0.0000 	 0.1000 
0.8800 	 0.1250 	 0.0000 	 0.1000 
0.8900 	 0.1250 	 0.0000 	 0.1000 
0.9000 	 0.1250 	 0.0000 	 0.1000 
0.9100 	 0.1250 	 0.0000 	 0.1000 
0.9200 	 0.1250 	 0.0000 	 0.1000 
0.9300 	 0.1250 	 0.0000 	 0.1000 
0.9400 	 0.1250 	 0.0000 	 0.1000 
0.9500 	 0.1250 	 0.0000 	 0.1000 
0.9600 	 0.1250 	 0.0000 	 0.1000 
0.9700 	 0.1250 	 0.0000 	 0.1000 
0.9800 	 0.1250 	 0.0000 	 0.1000 
0.9900 	 0.1250 	 0.0000 	 0.1000 
