0.0000 	 1.0000 	 0.7500 	 1.0000 
0.0100 	 1.0000 	 0.7500 	 1.0000 
0.0200 	 1.0000 	 0.7500 	 1.0000 
0.0300 	 1.0000 	 0.7500 	 1.0000 
0.0400 	 1.0000 	 0.7500 	 1.0000 
0.0500 	 1.0000 	 0.7500 	 1.0000 
0.0600 	 1.0000 	 0.7500 	 1.0000 
0.0700 	 1.0000 	 0.7500 	 1.0000 
0.0800 	 1.0000 	 0.7500 	 1.0000 
0.0900 	 1.0000 	 0.7500 	 1.0000 
0.1000 	 1.0000 	 0.7500 	 1.0000 
0.1100 	 1.0000 	 0.7500 	 1.0000 
0.1200 	 1.0000 	 0.7500 	 1.0000 
0.1300 	 1.0000 	 0.7500 	 1.0000 
0.1400 	 1.0000 	 0.7500 	 1.0000 
0.1500 	 1.0000 	 0.7500 	 1.0000 
0.1600 	 0.9999 	 0.7501 	 0.9999 
0.1700 	 0.9998 	 0.7502 	 0.9997 
0.1800 	 0.9995 	 0.7506 	 0.9993 
0.1900 	 0.9987 	 0.7515 	 0.9982 
0.2000 	 0.9969 	 0.7536 	 0.9957 
0.2100 	 0.9935 	 0.7578 	 0.9909 
0.2200 	 0.9872 	 0.7652 	 0.9822 
0.2300 	 0.9771 	 0.7773 	 0.9682 
0.2400 	 0.9623 	 0.7952 	 0.9478 
0.2500 	 0.9424 	 0.8196 	 0.9206 
0.2600 	 0.9175 	 0.8506 	 0.8869 
0.2700 	 0.8882 	 0.8881 	 0.8476 
0.2800 	 0.8552 	 0.9315 	 0.8040 
0.2900 	 0.8192 	 0.9803 	 0.7573 
0.3000 	 0.7811 	 1.0339 	 0.7086 
0.3100 	 0.7406 	 1.0934 	 0.6579 
0.3200 	 0.6774 	 1.1917 	 0.5808 
0.3300 	 0.6429 	 1.2483 	 0.5400 
0.3400 	 0.6183 	 1.2901 	 0.5115 
0.3500 	 0.6005 	 1.3212 	 0.4912 
0.3600 	 0.5884 	 1.3425 	 0.4777 
0.3700 	 0.5812 	 1.3551 	 0.4698 
0.3800 	 0.5772 	 1.3612 	 0.4661 
0.3900 	 0.5749 	 1.3633 	 0.4647 
0.4000 	 0.5726 	 1.3636 	 0.4646 
0.4100 	 0.5688 	 1.3633 	 0.4648 
0.4200 	 0.5624 	 1.3629 	 0.4650 
0.4300 	 0.5524 	 1.3625 	 0.4652 
0.4400 	 0.5380 	 1.3623 	 0.4654 
0.4500 	 0.5191 	 1.3621 	 0.4655 
0.4600 	 0.4961 	 1.3619 	 0.4656 
0.4700 	 0.4704 	 1.3617 	 0.4657 
0.4800 	 0.4438 	 1.3615 	 0.4657 
0.4900 	 0.4183 	 1.3613 	 0.4657 
0.5000 	 0.3956 	 1.3608 	 0.4656 
0.5100 	 0.3766 	 1.3599 	 0.4652 
0.5200 	 0.3619 	 1.3580 	 0.4643 
0.5300 	 0.3507 	 1.3536 	 0.4623 
0.5400 	 0.3418 	 1.3439 	 0.4578 
0.5500 	 0.3328 	 1.3225 	 0.4480 
0.5600 	 0.3200 	 1.2760 	 0.4274 
0.5700 	 0.2978 	 1.1785 	 0.3868 
0.5800 	 0.2601 	 0.9885 	 0.3173 
0.5900 	 0.2083 	 0.6735 	 0.2252 
0.6000 	 0.1602 	 0.3074 	 0.1471 
0.6100 	 0.1345 	 0.0828 	 0.1113 
0.6200 	 0.1269 	 0.0159 	 0.1021 
0.6300 	 0.1253 	 0.0028 	 0.1004 
0.6400 	 0.1251 	 0.0005 	 0.1001 
0.6500 	 0.1250 	 0.0001 	 0.1000 
0.6600 	 0.1250 	 0.0000 	 0.1000 
0.6700 	 0.1250 	 0.0000 	 0.1000 
0.6800 	 0.1250 	 0.0000 	 0.1000 
0.6900 	 0.1250 	 0.0000 	 0.1000 
0.7000 	 0.1250 	 0.0000 	 0.1000 
0.7100 	 0.1250 	 0.0000 	 0.1000 
0.7200 	 0.1250 	 0.0000 	 0.1000 
0.7300 	 0.1250 	 0.0000 	 0.1000 
0.7400 	 0.1250 	 0.0000 	 0.1000 
0.7500 	 0.1250 	 0.0000 	 0.1000 
0.7600 	 0.1250 	 0.0000 	 0.1000 
0.7700 	 0.1250 	 0.0000 	 0.1000 
0.7800 	 0.1250 	 0.0000 	 0.1000 
0.7900 	 0.1250 	 0.0000 	 0.1000 
0.8000 	 0.1250 	 0.0000 	 0.1000 
0.8100 	 0.1250 	 0.0000 	 0.1000 
0.8200 	 0.1250 	 0.0000 	 0.1000 
0.8300 	 0.1250 	 0.0000 	 0.1000 
0.8400 	 0.1250 	 0.0000 	 0.1000 
0.8500 	 0.1250 	 0.0000 	 0.1000 
0.8600 	 0.1250 	 0.0000 	 0.1000 
0.8700 	 0.1250 	 0.0000 	 0.1000 
0.8800 	 0.1250 	 0.0000 	 0.1000 
0.8900 	 0.1250 	 0.0000 	 0.1000 
0.9000 	 0.1250 	 0.0000 	 0.1000 
0.9100 	 0.1250 	 0.0000 	 0.1000 
0.9200 	 0.1250 	 0.0000 	 0.1000 
0.9300 	 0.1250 	 0.0000 	 0.1000 
0.9400 	 0.1250 	 0.0000 	 0.1000 
0.9500 	 0.1250 	 0.0000 	 0.1000 
0.9600 	 0.1250 	 0.0000 	 0.1000 
0.9700 	 0.1250 	 0.0000 	 0.1000 
0.9800 	 0.1250 	 0.0000 	 0.1000 
0.9900 	 0.1250 	 0.0000 	 0.1000 
