0.0000 	 1.0000 	 0.7500 	 1.0000 
0.0100 	 1.0000 	 0.7500 	 1.0000 
0.0200 	 1.0000 	 0.7500 	 1.0000 
0.0300 	 1.0000 	 0.7500 	 1.0000 
0.0400 	 1.0000 	 0.7500 	 1.0000 
0.0500 	 1.0000 	 0.7500 	 1.0000 
0.0600 	 1.0000 	 0.7500 	 1.0000 
0.0700 	 1.0000 	 0.7500 	 1.0000 
0.0800 	 1.0000 	 0.7500 	 1.0000 
0.0900 	 1.0000 	 0.7500 	 1.0000 
0.1000 	 1.0000 	 0.7500 	 1.0000 
0.1100 	 1.0000 	 0.7500 	 1.0000 
0.1200 	 1.0000 	 0.7500 	 1.0000 
0.1300 	 1.0000 	 0.7500 	 1.0000 
0.1400 	 1.0000 	 0.7500 	 1.0000 
0.1500 	 1.0000 	 0.7500 	 1.0000 
0.1600 	 1.0000 	 0.7500 	 1.0000 
0.1700 	 1.0000 	 0.7500 	 1.0000 
0.1800 	 1.0000 	 0.7501 	 0.9999 
0.1900 	 0.9998 	 0.7502 	 0.9998 
0.2000 	 0.9995 	 0.7506 	 0.9993 
0.2100 	 0.9985 	 0.7517 	 0.9979 
0.2200 	 0.9962 	 0.7545 	 0.9947 
0.2300 	 0.9913 	 0.7603 	 0.9878 
0.2400 	 0.9821 	 0.7713 	 0.9751 
0.2500 	 0.9670 	 0.7895 	 0.9542 
0.2600 	 0.9447 	 0.8167 	 0.9237 
0.2700 	 0.9150 	 0.8538 	 0.8835 
0.2800 	 0.8785 	 0.9006 	 0.8349 
0.2900 	 0.8362 	 0.9568 	 0.7796 
0.3000 	 0.7896 	 1.0215 	 0.7197 
0.3100 	 0.7393 	 1.0949 	 0.6566 
0.3200 	 0.6638 	 1.2132 	 0.5650 
0.3300 	 0.6270 	 1.2744 	 0.5221 
0.3400 	 0.6028 	 1.3161 	 0.4945 
0.3500 	 0.5873 	 1.3428 	 0.4775 
0.3600 	 0.5783 	 1.3570 	 0.4686 
0.3700 	 0.5727 	 1.3629 	 0.4651 
0.3800 	 0.5673 	 1.3643 	 0.4642 
0.3900 	 0.5591 	 1.3640 	 0.4644 
0.4000 	 0.5460 	 1.3635 	 0.4647 
0.4100 	 0.5270 	 1.3630 	 0.4650 
0.4200 	 0.5022 	 1.3626 	 0.4652 
0.4300 	 0.4733 	 1.3621 	 0.4653 
0.4400 	 0.4427 	 1.3616 	 0.4652 
0.4500 	 0.4134 	 1.3605 	 0.4649 
0.4600 	 0.3877 	 1.3582 	 0.4639 
0.4700 	 0.3667 	 1.3530 	 0.4615 
0.4800 	 0.3500 	 1.3413 	 0.4561 
0.4900 	 0.3349 	 1.3150 	 0.4442 
0.5000 	 0.3169 	 1.2570 	 0.4188 
0.5100 	 0.2887 	 1.1354 	 0.3697 
0.5200 	 0.2448 	 0.9044 	 0.2899 
0.5300 	 0.1908 	 0.5510 	 0.1960 
0.5400 	 0.1487 	 0.2085 	 0.1303 
0.5500 	 0.1305 	 0.0474 	 0.1064 
0.5600 	 0.1260 	 0.0084 	 0.1011 
0.5700 	 0.1252 	 0.0014 	 0.1002 
0.5800 	 0.1250 	 0.0002 	 0.1000 
0.5900 	 0.1250 	 0.0000 	 0.1000 
0.6000 	 0.1250 	 0.0000 	 0.1000 
0.6100 	 0.1250 	 0.0000 	 0.1000 
0.6200 	 0.1250 	 0.0000 	 0.1000 
0.6300 	 0.1250 	 0.0000 	 0.1000 
0.6400 	 0.1250 	 0.0000 	 0.1000 
0.6500 	 0.1250 	 0.0000 	 0.1000 
0.6600 	 0.1250 	 0.0000 	 0.1000 
0.6700 	 0.1250 	 0.0000 	 0.1000 
0.6800 	 0.1250 	 0.0000 	 0.1000 
0.6900 	 0.1250 	 0.0000 	 0.1000 
0.7000 	 0.1250 	 0.0000 	 0.1000 
0.7100 	 0.1250 	 0.0000 	 0.1000 
0.7200 	 0.1250 	 0.0000 	 0.1000 
0.7300 	 0.1250 	 0.0000 	 0.1000 
0.7400 	 0.1250 	 0.0000 	 0.1000 
0.7500 	 0.1250 	 0.0000 	 0.1000 
0.7600 	 0.1250 	 0.0000 	 0.1000 
0.7700 	 0.1250 	 0.0000 	 0.1000 
0.7800 	 0.1250 	 0.0000 	 0.1000 
0.7900 	 0.1250 	 0.0000 	 0.1000 
0.8000 	 0.1250 	 0.0000 	 0.1000 
0.8100 	 0.1250 	 0.0000 	 0.1000 
0.8200 	 0.1250 	 0.0000 	 0.1000 
0.8300 	 0.1250 	 0.0000 	 0.1000 
0.8400 	 0.1250 	 0.0000 	 0.1000 
0.8500 	 0.1250 	 0.0000 	 0.1000 
0.8600 	 0.1250 	 0.0000 	 0.1000 
0.8700 	 0.1250 	 0.0000 	 0.1000 
0.8800 	 0.1250 	 0.0000 	 0.1000 
0.8900 	 0.1250 	 0.0000 	 0.1000 
0.9000 	 0.1250 	 0.0000 	 0.1000 
0.9100 	 0.1250 	 0.0000 	 0.1000 
0.9200 	 0.1250 	 0.0000 	 0.1000 
0.9300 	 0.1250 	 0.0000 	 0.1000 
0.9400 	 0.1250 	 0.0000 	 0.1000 
0.9500 	 0.1250 	 0.0000 	 0.1000 
0.9600 	 0.1250 	 0.0000 	 0.1000 
0.9700 	 0.1250 	 0.0000 	 0.1000 
0.9800 	 0.1250 	 0.0000 	 0.1000 
0.9900 	 0.1250 	 0.0000 	 0.1000 
