0.0000 	 1.0000 	 0.7500 	 1.0000 
0.0100 	 1.0000 	 0.7500 	 1.0000 
0.0200 	 1.0000 	 0.7500 	 1.0000 
0.0300 	 1.0000 	 0.7500 	 1.0000 
0.0400 	 1.0000 	 0.7500 	 1.0000 
0.0500 	 1.0000 	 0.7500 	 1.0000 
0.0600 	 1.0000 	 0.7500 	 1.0000 
0.0700 	 1.0000 	 0.7500 	 1.0000 
0.0800 	 1.0000 	 0.7500 	 1.0000 
0.0900 	 1.0000 	 0.7500 	 1.0000 
0.1000 	 1.0000 	 0.7500 	 1.0000 
0.1100 	 1.0000 	 0.7500 	 1.0000 
0.1200 	 1.0000 	 0.7500 	 1.0000 
0.1300 	 1.0000 	 0.7500 	 1.0000 
0.1400 	 1.0000 	 0.7500 	 1.0000 
0.1500 	 1.0000 	 0.7500 	 1.0000 
0.1600 	 1.0000 	 0.7500 	 1.0000 
0.1700 	 0.9999 	 0.7501 	 0.9999 
0.1800 	 0.9998 	 0.7502 	 0.9998 
0.1900 	 0.9995 	 0.7506 	 0.9993 
0.2000 	 0.9986 	 0.7517 	 0.9980 
0.2100 	 0.9966 	 0.7540 	 0.9952 
0.2200 	 0.9925 	 0.7589 	 0.9895 
0.2300 	 0.9849 	 0.7679 	 0.9790 
0.2400 	 0.9727 	 0.7826 	 0.9620 
0.2500 	 0.9547 	 0.8045 	 0.9373 
0.2600 	 0.9306 	 0.8342 	 0.9045 
0.2700 	 0.9007 	 0.8720 	 0.8643 
0.2800 	 0.8658 	 0.9173 	 0.8181 
0.2900 	 0.8269 	 0.9696 	 0.7674 
0.3000 	 0.7850 	 1.0283 	 0.7137 
0.3100 	 0.7402 	 1.0939 	 0.6575 
0.3200 	 0.6713 	 1.2014 	 0.5736 
0.3300 	 0.6355 	 1.2605 	 0.5316 
0.3400 	 0.6109 	 1.3026 	 0.5033 
0.3500 	 0.5940 	 1.3321 	 0.4842 
0.3600 	 0.5835 	 1.3503 	 0.4728 
0.3700 	 0.5776 	 1.3596 	 0.4670 
0.3800 	 0.5740 	 1.3632 	 0.4648 
0.3900 	 0.5704 	 1.3639 	 0.4644 
0.4000 	 0.5649 	 1.3636 	 0.4646 
0.4100 	 0.5557 	 1.3632 	 0.4649 
0.4200 	 0.5419 	 1.3627 	 0.4652 
0.4300 	 0.5228 	 1.3624 	 0.4653 
0.4400 	 0.4990 	 1.3622 	 0.4655 
0.4500 	 0.4718 	 1.3619 	 0.4656 
0.4600 	 0.4435 	 1.3616 	 0.4656 
0.4700 	 0.4162 	 1.3611 	 0.4654 
0.4800 	 0.3922 	 1.3601 	 0.4650 
0.4900 	 0.3724 	 1.3580 	 0.4641 
0.5000 	 0.3571 	 1.3532 	 0.4619 
0.5100 	 0.3449 	 1.3426 	 0.4570 
0.5200 	 0.3335 	 1.3189 	 0.4462 
0.5300 	 0.3185 	 1.2672 	 0.4234 
0.5400 	 0.2936 	 1.1589 	 0.3790 
0.5500 	 0.2530 	 0.9502 	 0.3046 
0.5600 	 0.1999 	 0.6161 	 0.2111 
0.5700 	 0.1544 	 0.2581 	 0.1386 
0.5800 	 0.1324 	 0.0641 	 0.1087 
0.5900 	 0.1264 	 0.0119 	 0.1016 
0.6000 	 0.1252 	 0.0020 	 0.1003 
0.6100 	 0.1250 	 0.0003 	 0.1000 
0.6200 	 0.1250 	 0.0001 	 0.1000 
0.6300 	 0.1250 	 0.0000 	 0.1000 
0.6400 	 0.1250 	 0.0000 	 0.1000 
0.6500 	 0.1250 	 0.0000 	 0.1000 
0.6600 	 0.1250 	 0.0000 	 0.1000 
0.6700 	 0.1250 	 0.0000 	 0.1000 
0.6800 	 0.1250 	 0.0000 	 0.1000 
0.6900 	 0.1250 	 0.0000 	 0.1000 
0.7000 	 0.1250 	 0.0000 	 0.1000 
0.7100 	 0.1250 	 0.0000 	 0.1000 
0.7200 	 0.1250 	 0.0000 	 0.1000 
0.7300 	 0.1250 	 0.0000 	 0.1000 
0.7400 	 0.1250 	 0.0000 	 0.1000 
0.7500 	 0.1250 	 0.0000 	 0.1000 
0.7600 	 0.1250 	 0.0000 	 0.1000 
0.7700 	 0.1250 	 0.0000 	 0.1000 
0.7800 	 0.1250 	 0.0000 	 0.1000 
0.7900 	 0.1250 	 0.0000 	 0.1000 
0.8000 	 0.1250 	 0.0000 	 0.1000 
0.8100 	 0.1250 	 0.0000 	 0.1000 
0.8200 	 0.1250 	 0.0000 	 0.1000 
0.8300 	 0.1250 	 0.0000 	 0.1000 
0.8400 	 0.1250 	 0.0000 	 0.1000 
0.8500 	 0.1250 	 0.0000 	 0.1000 
0.8600 	 0.1250 	 0.0000 	 0.1000 
0.8700 	 0.1250 	 0.0000 	 0.1000 
0.8800 	 0.1250 	 0.0000 	 0.1000 
0.8900 	 0.1250 	 0.0000 	 0.1000 
0.9000 	 0.1250 	 0.0000 	 0.1000 
0.9100 	 0.1250 	 0.0000 	 0.1000 
0.9200 	 0.1250 	 0.0000 	 0.1000 
0.9300 	 0.1250 	 0.0000 	 0.1000 
0.9400 	 0.1250 	 0.0000 	 0.1000 
0.9500 	 0.1250 	 0.0000 	 0.1000 
0.9600 	 0.1250 	 0.0000 	 0.1000 
0.9700 	 0.1250 	 0.0000 	 0.1000 
0.9800 	 0.1250 	 0.0000 	 0.1000 
0.9900 	 0.1250 	 0.0000 	 0.1000 
