0.0000 	 1.0000 	 0.7500 	 1.0000 
0.0100 	 1.0000 	 0.7500 	 1.0000 
0.0200 	 1.0000 	 0.7500 	 1.0000 
0.0300 	 1.0000 	 0.7500 	 1.0000 
0.0400 	 1.0000 	 0.7500 	 1.0000 
0.0500 	 1.0000 	 0.7500 	 1.0000 
0.0600 	 1.0000 	 0.7500 	 1.0000 
0.0700 	 1.0000 	 0.7500 	 1.0000 
0.0800 	 1.0000 	 0.7500 	 1.0000 
0.0900 	 1.0000 	 0.7500 	 1.0000 
0.1000 	 1.0000 	 0.7500 	 1.0000 
0.1100 	 1.0000 	 0.7500 	 1.0000 
0.1200 	 1.0000 	 0.7500 	 1.0000 
0.1300 	 0.9999 	 0.7501 	 0.9999 
0.1400 	 0.9998 	 0.7502 	 0.9997 
0.1500 	 0.9995 	 0.7505 	 0.9994 
0.1600 	 0.9989 	 0.7513 	 0.9985 
0.1700 	 0.9977 	 0.7527 	 0.9968 
0.1800 	 0.9954 	 0.7554 	 0.9936 
0.1900 	 0.9916 	 0.7600 	 0.9882 
0.2000 	 0.9854 	 0.7674 	 0.9797 
0.2100 	 0.9764 	 0.7781 	 0.9672 
0.2200 	 0.9643 	 0.7928 	 0.9504 
0.2300 	 0.9487 	 0.8118 	 0.9291 
0.2400 	 0.9300 	 0.8351 	 0.9036 
0.2500 	 0.9084 	 0.8623 	 0.8744 
0.2600 	 0.8843 	 0.8933 	 0.8423 
0.2700 	 0.8583 	 0.9276 	 0.8079 
0.2800 	 0.8307 	 0.9648 	 0.7719 
0.2900 	 0.8020 	 1.0046 	 0.7349 
0.3000 	 0.7722 	 1.0472 	 0.6971 
0.3100 	 0.7406 	 1.0938 	 0.6576 
0.3200 	 0.6910 	 1.1705 	 0.5968 
0.3300 	 0.6604 	 1.2198 	 0.5603 
0.3400 	 0.6374 	 1.2582 	 0.5332 
0.3500 	 0.6188 	 1.2899 	 0.5117 
0.3600 	 0.6042 	 1.3155 	 0.4949 
0.3700 	 0.5932 	 1.3349 	 0.4825 
0.3800 	 0.5857 	 1.3484 	 0.4740 
0.3900 	 0.5810 	 1.3566 	 0.4689 
0.4000 	 0.5785 	 1.3609 	 0.4662 
0.4100 	 0.5774 	 1.3627 	 0.4651 
0.4200 	 0.5767 	 1.3631 	 0.4649 
0.4300 	 0.5761 	 1.3630 	 0.4650 
0.4400 	 0.5750 	 1.3627 	 0.4652 
0.4500 	 0.5730 	 1.3624 	 0.4653 
0.4600 	 0.5696 	 1.3621 	 0.4655 
0.4700 	 0.5642 	 1.3619 	 0.4656 
0.4800 	 0.5563 	 1.3618 	 0.4657 
0.4900 	 0.5453 	 1.3617 	 0.4658 
0.5000 	 0.5310 	 1.3615 	 0.4658 
0.5100 	 0.5135 	 1.3615 	 0.4659 
0.5200 	 0.4932 	 1.3614 	 0.4659 
0.5300 	 0.4712 	 1.3613 	 0.4660 
0.5400 	 0.4485 	 1.3613 	 0.4660 
0.5500 	 0.4264 	 1.3612 	 0.4660 
0.5600 	 0.4061 	 1.3611 	 0.4660 
0.5700 	 0.3883 	 1.3611 	 0.4660 
0.5800 	 0.3737 	 1.3609 	 0.4660 
0.5900 	 0.3622 	 1.3606 	 0.4659 
0.6000 	 0.3536 	 1.3601 	 0.4656 
0.6100 	 0.3474 	 1.3588 	 0.4651 
0.6200 	 0.3429 	 1.3562 	 0.4638 
0.6300 	 0.3392 	 1.3504 	 0.4611 
0.6400 	 0.3348 	 1.3376 	 0.4552 
0.6500 	 0.3276 	 1.3100 	 0.4427 
0.6600 	 0.3138 	 1.2515 	 0.4171 
0.6700 	 0.2882 	 1.1322 	 0.3689 
0.6800 	 0.2461 	 0.9091 	 0.2916 
0.6900 	 0.1934 	 0.5675 	 0.1998 
0.7000 	 0.1507 	 0.2259 	 0.1332 
0.7100 	 0.1313 	 0.0546 	 0.1074 
0.7200 	 0.1262 	 0.0103 	 0.1014 
0.7300 	 0.1252 	 0.0018 	 0.1002 
0.7400 	 0.1250 	 0.0003 	 0.1000 
0.7500 	 0.1250 	 0.0001 	 0.1000 
0.7600 	 0.1250 	 0.0000 	 0.1000 
0.7700 	 0.1250 	 0.0000 	 0.1000 
0.7800 	 0.1250 	 0.0000 	 0.1000 
0.7900 	 0.1250 	 0.0000 	 0.1000 
0.8000 	 0.1250 	 0.0000 	 0.1000 
0.8100 	 0.1250 	 0.0000 	 0.1000 
0.8200 	 0.1250 	 0.0000 	 0.1000 
0.8300 	 0.1250 	 0.0000 	 0.1000 
0.8400 	 0.1250 	 0.0000 	 0.1000 
0.8500 	 0.1250 	 0.0000 	 0.1000 
0.8600 	 0.1250 	 0.0000 	 0.1000 
0.8700 	 0.1250 	 0.0000 	 0.1000 
0.8800 	 0.1250 	 0.0000 	 0.1000 
0.8900 	 0.1250 	 0.0000 	 0.1000 
0.9000 	 0.1250 	 0.0000 	 0.1000 
0.9100 	 0.1250 	 0.0000 	 0.1000 
0.9200 	 0.1250 	 0.0000 	 0.1000 
0.9300 	 0.1250 	 0.0000 	 0.1000 
0.9400 	 0.1250 	 0.0000 	 0.1000 
0.9500 	 0.1250 	 0.0000 	 0.1000 
0.9600 	 0.1250 	 0.0000 	 0.1000 
0.9700 	 0.1250 	 0.0000 	 0.1000 
0.9800 	 0.1250 	 0.0000 	 0.1000 
0.9900 	 0.1250 	 0.0000 	 0.1000 
