0.0000 	 1.0000 	 0.7500 	 1.0000 
0.0100 	 1.0000 	 0.7500 	 1.0000 
0.0200 	 1.0000 	 0.7500 	 1.0000 
0.0300 	 1.0000 	 0.7500 	 1.0000 
0.0400 	 1.0000 	 0.7500 	 1.0000 
0.0500 	 1.0000 	 0.7500 	 1.0000 
0.0600 	 1.0000 	 0.7500 	 1.0000 
0.0700 	 1.0000 	 0.7500 	 1.0000 
0.0800 	 1.0000 	 0.7500 	 1.0000 
0.0900 	 1.0000 	 0.7500 	 1.0000 
0.1000 	 1.0000 	 0.7500 	 1.0000 
0.1100 	 1.0000 	 0.7500 	 1.0000 
0.1200 	 1.0000 	 0.7500 	 1.0000 
0.1300 	 1.0000 	 0.7500 	 1.0000 
0.1400 	 1.0000 	 0.7500 	 0.9999 
0.1500 	 0.9999 	 0.7501 	 0.9998 
0.1600 	 0.9997 	 0.7503 	 0.9996 
0.1700 	 0.9993 	 0.7509 	 0.9990 
0.1800 	 0.9983 	 0.7520 	 0.9976 
0.1900 	 0.9963 	 0.7544 	 0.9948 
0.2000 	 0.9926 	 0.7588 	 0.9897 
0.2100 	 0.9864 	 0.7661 	 0.9811 
0.2200 	 0.9770 	 0.7774 	 0.9680 
0.2300 	 0.9638 	 0.7935 	 0.9497 
0.2400 	 0.9464 	 0.8147 	 0.9259 
0.2500 	 0.9250 	 0.8412 	 0.8969 
0.2600 	 0.9001 	 0.8728 	 0.8634 
0.2700 	 0.8722 	 0.9090 	 0.8264 
0.2800 	 0.8420 	 0.9493 	 0.7866 
0.2900 	 0.8099 	 0.9934 	 0.7451 
0.3000 	 0.7763 	 1.0410 	 0.7024 
0.3100 	 0.7408 	 1.0934 	 0.6579 
0.3200 	 0.6848 	 1.1801 	 0.5895 
0.3300 	 0.6523 	 1.2331 	 0.5508 
0.3400 	 0.6283 	 1.2734 	 0.5228 
0.3500 	 0.6097 	 1.3054 	 0.5014 
0.3600 	 0.5960 	 1.3295 	 0.4859 
0.3700 	 0.5867 	 1.3461 	 0.4754 
0.3800 	 0.5810 	 1.3561 	 0.4692 
0.3900 	 0.5780 	 1.3611 	 0.4661 
0.4000 	 0.5765 	 1.3630 	 0.4650 
0.4100 	 0.5754 	 1.3633 	 0.4647 
0.4200 	 0.5738 	 1.3631 	 0.4649 
0.4300 	 0.5709 	 1.3628 	 0.4651 
0.4400 	 0.5661 	 1.3624 	 0.4653 
0.4500 	 0.5585 	 1.3622 	 0.4655 
0.4600 	 0.5475 	 1.3620 	 0.4656 
0.4700 	 0.5327 	 1.3618 	 0.4657 
0.4800 	 0.5141 	 1.3617 	 0.4658 
0.4900 	 0.4924 	 1.3616 	 0.4658 
0.5000 	 0.4685 	 1.3615 	 0.4659 
0.5100 	 0.4441 	 1.3614 	 0.4659 
0.5200 	 0.4205 	 1.3613 	 0.4659 
0.5300 	 0.3993 	 1.3611 	 0.4659 
0.5400 	 0.3813 	 1.3608 	 0.4658 
0.5500 	 0.3670 	 1.3603 	 0.4656 
0.5600 	 0.3561 	 1.3591 	 0.4650 
0.5700 	 0.3482 	 1.3565 	 0.4639 
0.5800 	 0.3420 	 1.3508 	 0.4612 
0.5900 	 0.3362 	 1.3382 	 0.4554 
0.6000 	 0.3282 	 1.3109 	 0.4430 
0.6100 	 0.3141 	 1.2524 	 0.4174 
0.6200 	 0.2882 	 1.1327 	 0.3691 
0.6300 	 0.2459 	 0.9084 	 0.2914 
0.6400 	 0.1930 	 0.5649 	 0.1992 
0.6500 	 0.1504 	 0.2231 	 0.1327 
0.6600 	 0.1312 	 0.0535 	 0.1072 
0.6700 	 0.1262 	 0.0099 	 0.1013 
0.6800 	 0.1252 	 0.0017 	 0.1002 
0.6900 	 0.1250 	 0.0003 	 0.1000 
0.7000 	 0.1250 	 0.0001 	 0.1000 
0.7100 	 0.1250 	 0.0000 	 0.1000 
0.7200 	 0.1250 	 0.0000 	 0.1000 
0.7300 	 0.1250 	 0.0000 	 0.1000 
0.7400 	 0.1250 	 0.0000 	 0.1000 
0.7500 	 0.1250 	 0.0000 	 0.1000 
0.7600 	 0.1250 	 0.0000 	 0.1000 
0.7700 	 0.1250 	 0.0000 	 0.1000 
0.7800 	 0.1250 	 0.0000 	 0.1000 
0.7900 	 0.1250 	 0.0000 	 0.1000 
0.8000 	 0.1250 	 0.0000 	 0.1000 
0.8100 	 0.1250 	 0.0000 	 0.1000 
0.8200 	 0.1250 	 0.0000 	 0.1000 
0.8300 	 0.1250 	 0.0000 	 0.1000 
0.8400 	 0.1250 	 0.0000 	 0.1000 
0.8500 	 0.1250 	 0.0000 	 0.1000 
0.8600 	 0.1250 	 0.0000 	 0.1000 
0.8700 	 0.1250 	 0.0000 	 0.1000 
0.8800 	 0.1250 	 0.0000 	 0.1000 
0.8900 	 0.1250 	 0.0000 	 0.1000 
0.9000 	 0.1250 	 0.0000 	 0.1000 
0.9100 	 0.1250 	 0.0000 	 0.1000 
0.9200 	 0.1250 	 0.0000 	 0.1000 
0.9300 	 0.1250 	 0.0000 	 0.1000 
0.9400 	 0.1250 	 0.0000 	 0.1000 
0.9500 	 0.1250 	 0.0000 	 0.1000 
0.9600 	 0.1250 	 0.0000 	 0.1000 
0.9700 	 0.1250 	 0.0000 	 0.1000 
0.9800 	 0.1250 	 0.0000 	 0.1000 
0.9900 	 0.1250 	 0.0000 	 0.1000 
