0.0000 	 1.0000 	 0.7500 	 1.0000 
0.0100 	 1.0000 	 0.7500 	 1.0000 
0.0200 	 1.0000 	 0.7500 	 1.0000 
0.0300 	 1.0000 	 0.7500 	 1.0000 
0.0400 	 1.0000 	 0.7500 	 1.0000 
0.0500 	 1.0000 	 0.7500 	 1.0000 
0.0600 	 1.0000 	 0.7500 	 1.0000 
0.0700 	 1.0000 	 0.7500 	 1.0000 
0.0800 	 1.0000 	 0.7500 	 1.0000 
0.0900 	 1.0000 	 0.7500 	 1.0000 
0.1000 	 1.0000 	 0.7500 	 1.0000 
0.1100 	 1.0000 	 0.7500 	 1.0000 
0.1200 	 1.0000 	 0.7500 	 1.0000 
0.1300 	 0.9999 	 0.7501 	 0.9999 
0.1400 	 0.9998 	 0.7502 	 0.9997 
0.1500 	 0.9995 	 0.7506 	 0.9993 
0.1600 	 0.9989 	 0.7513 	 0.9984 
0.1700 	 0.9976 	 0.7529 	 0.9966 
0.1800 	 0.9952 	 0.7557 	 0.9933 
0.1900 	 0.9912 	 0.7605 	 0.9877 
0.2000 	 0.9849 	 0.7680 	 0.9789 
0.2100 	 0.9757 	 0.7789 	 0.9663 
0.2200 	 0.9634 	 0.7939 	 0.9493 
0.2300 	 0.9478 	 0.8130 	 0.9278 
0.2400 	 0.9290 	 0.8363 	 0.9023 
0.2500 	 0.9074 	 0.8636 	 0.8731 
0.2600 	 0.8834 	 0.8945 	 0.8411 
0.2700 	 0.8575 	 0.9286 	 0.8068 
0.2800 	 0.8301 	 0.9656 	 0.7711 
0.2900 	 0.8015 	 1.0053 	 0.7343 
0.3000 	 0.7720 	 1.0475 	 0.6968 
0.3100 	 0.7406 	 1.0938 	 0.6575 
0.3200 	 0.6913 	 1.1700 	 0.5972 
0.3300 	 0.6609 	 1.2190 	 0.5608 
0.3400 	 0.6379 	 1.2573 	 0.5338 
0.3500 	 0.6194 	 1.2890 	 0.5123 
0.3600 	 0.6047 	 1.3146 	 0.4955 
0.3700 	 0.5936 	 1.3342 	 0.4829 
0.3800 	 0.5860 	 1.3478 	 0.4743 
0.3900 	 0.5812 	 1.3563 	 0.4691 
0.4000 	 0.5787 	 1.3607 	 0.4663 
0.4100 	 0.5774 	 1.3626 	 0.4652 
0.4200 	 0.5768 	 1.3631 	 0.4649 
0.4300 	 0.5762 	 1.3630 	 0.4650 
0.4400 	 0.5753 	 1.3627 	 0.4651 
0.4500 	 0.5734 	 1.3624 	 0.4653 
0.4600 	 0.5703 	 1.3621 	 0.4655 
0.4700 	 0.5653 	 1.3619 	 0.4656 
0.4800 	 0.5579 	 1.3618 	 0.4657 
0.4900 	 0.5475 	 1.3617 	 0.4658 
0.5000 	 0.5338 	 1.3616 	 0.4658 
0.5100 	 0.5169 	 1.3615 	 0.4659 
0.5200 	 0.4972 	 1.3614 	 0.4659 
0.5300 	 0.4755 	 1.3613 	 0.4660 
0.5400 	 0.4530 	 1.3613 	 0.4660 
0.5500 	 0.4308 	 1.3612 	 0.4660 
0.5600 	 0.4101 	 1.3612 	 0.4660 
0.5700 	 0.3918 	 1.3611 	 0.4660 
0.5800 	 0.3766 	 1.3610 	 0.4660 
0.5900 	 0.3645 	 1.3607 	 0.4659 
0.6000 	 0.3553 	 1.3603 	 0.4657 
0.6100 	 0.3487 	 1.3593 	 0.4653 
0.6200 	 0.3439 	 1.3572 	 0.4643 
0.6300 	 0.3402 	 1.3527 	 0.4622 
0.6400 	 0.3362 	 1.3427 	 0.4576 
0.6500 	 0.3303 	 1.3210 	 0.4476 
0.6600 	 0.3191 	 1.2745 	 0.4270 
0.6700 	 0.2978 	 1.1784 	 0.3870 
0.6800 	 0.2610 	 0.9923 	 0.3187 
0.6900 	 0.2099 	 0.6835 	 0.2278 
0.7000 	 0.1617 	 0.3193 	 0.1493 
0.7100 	 0.1352 	 0.0888 	 0.1122 
0.7200 	 0.1271 	 0.0175 	 0.1023 
0.7300 	 0.1254 	 0.0031 	 0.1004 
0.7400 	 0.1251 	 0.0005 	 0.1001 
0.7500 	 0.1250 	 0.0001 	 0.1000 
0.7600 	 0.1250 	 0.0000 	 0.1000 
0.7700 	 0.1250 	 0.0000 	 0.1000 
0.7800 	 0.1250 	 0.0000 	 0.1000 
0.7900 	 0.1250 	 0.0000 	 0.1000 
0.8000 	 0.1250 	 0.0000 	 0.1000 
0.8100 	 0.1250 	 0.0000 	 0.1000 
0.8200 	 0.1250 	 0.0000 	 0.1000 
0.8300 	 0.1250 	 0.0000 	 0.1000 
0.8400 	 0.1250 	 0.0000 	 0.1000 
0.8500 	 0.1250 	 0.0000 	 0.1000 
0.8600 	 0.1250 	 0.0000 	 0.1000 
0.8700 	 0.1250 	 0.0000 	 0.1000 
0.8800 	 0.1250 	 0.0000 	 0.1000 
0.8900 	 0.1250 	 0.0000 	 0.1000 
0.9000 	 0.1250 	 0.0000 	 0.1000 
0.9100 	 0.1250 	 0.0000 	 0.1000 
0.9200 	 0.1250 	 0.0000 	 0.1000 
0.9300 	 0.1250 	 0.0000 	 0.1000 
0.9400 	 0.1250 	 0.0000 	 0.1000 
0.9500 	 0.1250 	 0.0000 	 0.1000 
0.9600 	 0.1250 	 0.0000 	 0.1000 
0.9700 	 0.1250 	 0.0000 	 0.1000 
0.9800 	 0.1250 	 0.0000 	 0.1000 
0.9900 	 0.1250 	 0.0000 	 0.1000 
