0.0000 	 1.0000 	 0.7500 	 1.0000 
0.0100 	 1.0000 	 0.7500 	 1.0000 
0.0200 	 1.0000 	 0.7500 	 1.0000 
0.0300 	 1.0000 	 0.7500 	 1.0000 
0.0400 	 1.0000 	 0.7500 	 1.0000 
0.0500 	 1.0000 	 0.7500 	 1.0000 
0.0600 	 1.0000 	 0.7500 	 1.0000 
0.0700 	 1.0000 	 0.7500 	 1.0000 
0.0800 	 1.0000 	 0.7500 	 1.0000 
0.0900 	 1.0000 	 0.7500 	 1.0000 
0.1000 	 1.0000 	 0.7500 	 1.0000 
0.1100 	 1.0000 	 0.7500 	 1.0000 
0.1200 	 1.0000 	 0.7500 	 1.0000 
0.1300 	 1.0000 	 0.7500 	 1.0000 
0.1400 	 1.0000 	 0.7500 	 1.0000 
0.1500 	 1.0000 	 0.7500 	 1.0000 
0.1600 	 1.0000 	 0.7501 	 0.9999 
0.1700 	 0.9999 	 0.7502 	 0.9998 
0.1800 	 0.9996 	 0.7505 	 0.9994 
0.1900 	 0.9989 	 0.7513 	 0.9985 
0.2000 	 0.9973 	 0.7531 	 0.9963 
0.2100 	 0.9942 	 0.7569 	 0.9919 
0.2200 	 0.9884 	 0.7638 	 0.9838 
0.2300 	 0.9788 	 0.7753 	 0.9705 
0.2400 	 0.9644 	 0.7926 	 0.9507 
0.2500 	 0.9448 	 0.8166 	 0.9239 
0.2600 	 0.9201 	 0.8475 	 0.8903 
0.2700 	 0.8906 	 0.8851 	 0.8507 
0.2800 	 0.8571 	 0.9289 	 0.8066 
0.2900 	 0.8207 	 0.9783 	 0.7592 
0.3000 	 0.7819 	 1.0329 	 0.7096 
0.3100 	 0.7406 	 1.0935 	 0.6578 
0.3200 	 0.6763 	 1.1935 	 0.5795 
0.3300 	 0.6415 	 1.2506 	 0.5384 
0.3400 	 0.6169 	 1.2925 	 0.5099 
0.3500 	 0.5992 	 1.3234 	 0.4898 
0.3600 	 0.5874 	 1.3441 	 0.4767 
0.3700 	 0.5805 	 1.3561 	 0.4692 
0.3800 	 0.5767 	 1.3617 	 0.4658 
0.3900 	 0.5743 	 1.3635 	 0.4646 
0.4000 	 0.5715 	 1.3637 	 0.4646 
0.4100 	 0.5670 	 1.3633 	 0.4648 
0.4200 	 0.5595 	 1.3629 	 0.4651 
0.4300 	 0.5479 	 1.3625 	 0.4653 
0.4400 	 0.5317 	 1.3622 	 0.4654 
0.4500 	 0.5110 	 1.3620 	 0.4656 
0.4600 	 0.4865 	 1.3619 	 0.4656 
0.4700 	 0.4599 	 1.3617 	 0.4657 
0.4800 	 0.4332 	 1.3615 	 0.4657 
0.4900 	 0.4083 	 1.3611 	 0.4656 
0.5000 	 0.3868 	 1.3604 	 0.4654 
0.5100 	 0.3694 	 1.3589 	 0.4647 
0.5200 	 0.3561 	 1.3557 	 0.4632 
0.5300 	 0.3459 	 1.3486 	 0.4599 
0.5400 	 0.3369 	 1.3327 	 0.4526 
0.5500 	 0.3258 	 1.2977 	 0.4369 
0.5600 	 0.3077 	 1.2233 	 0.4050 
0.5700 	 0.2761 	 1.0730 	 0.3467 
0.5800 	 0.2284 	 0.8041 	 0.2602 
0.5900 	 0.1759 	 0.4362 	 0.1715 
0.6000 	 0.1412 	 0.1420 	 0.1200 
0.6100 	 0.1285 	 0.0298 	 0.1040 
0.6200 	 0.1256 	 0.0053 	 0.1007 
0.6300 	 0.1251 	 0.0009 	 0.1001 
0.6400 	 0.1250 	 0.0002 	 0.1000 
0.6500 	 0.1250 	 0.0000 	 0.1000 
0.6600 	 0.1250 	 0.0000 	 0.1000 
0.6700 	 0.1250 	 0.0000 	 0.1000 
0.6800 	 0.1250 	 0.0000 	 0.1000 
0.6900 	 0.1250 	 0.0000 	 0.1000 
0.7000 	 0.1250 	 0.0000 	 0.1000 
0.7100 	 0.1250 	 0.0000 	 0.1000 
0.7200 	 0.1250 	 0.0000 	 0.1000 
0.7300 	 0.1250 	 0.0000 	 0.1000 
0.7400 	 0.1250 	 0.0000 	 0.1000 
0.7500 	 0.1250 	 0.0000 	 0.1000 
0.7600 	 0.1250 	 0.0000 	 0.1000 
0.7700 	 0.1250 	 0.0000 	 0.1000 
0.7800 	 0.1250 	 0.0000 	 0.1000 
0.7900 	 0.1250 	 0.0000 	 0.1000 
0.8000 	 0.1250 	 0.0000 	 0.1000 
0.8100 	 0.1250 	 0.0000 	 0.1000 
0.8200 	 0.1250 	 0.0000 	 0.1000 
0.8300 	 0.1250 	 0.0000 	 0.1000 
0.8400 	 0.1250 	 0.0000 	 0.1000 
0.8500 	 0.1250 	 0.0000 	 0.1000 
0.8600 	 0.1250 	 0.0000 	 0.1000 
0.8700 	 0.1250 	 0.0000 	 0.1000 
0.8800 	 0.1250 	 0.0000 	 0.1000 
0.8900 	 0.1250 	 0.0000 	 0.1000 
0.9000 	 0.1250 	 0.0000 	 0.1000 
0.9100 	 0.1250 	 0.0000 	 0.1000 
0.9200 	 0.1250 	 0.0000 	 0.1000 
0.9300 	 0.1250 	 0.0000 	 0.1000 
0.9400 	 0.1250 	 0.0000 	 0.1000 
0.9500 	 0.1250 	 0.0000 	 0.1000 
0.9600 	 0.1250 	 0.0000 	 0.1000 
0.9700 	 0.1250 	 0.0000 	 0.1000 
0.9800 	 0.1250 	 0.0000 	 0.1000 
0.9900 	 0.1250 	 0.0000 	 0.1000 
