0.0000 	 1.0000 	 0.7500 	 1.0000 
0.0100 	 1.0000 	 0.7500 	 1.0000 
0.0200 	 1.0000 	 0.7500 	 1.0000 
0.0300 	 1.0000 	 0.7500 	 1.0000 
0.0400 	 1.0000 	 0.7500 	 1.0000 
0.0500 	 1.0000 	 0.7500 	 1.0000 
0.0600 	 1.0000 	 0.7500 	 1.0000 
0.0700 	 1.0000 	 0.7500 	 1.0000 
0.0800 	 1.0000 	 0.7500 	 1.0000 
0.0900 	 1.0000 	 0.7500 	 1.0000 
0.1000 	 1.0000 	 0.7500 	 1.0000 
0.1100 	 1.0000 	 0.7500 	 1.0000 
0.1200 	 1.0000 	 0.7500 	 1.0000 
0.1300 	 1.0000 	 0.7500 	 1.0000 
0.1400 	 1.0000 	 0.7500 	 1.0000 
0.1500 	 1.0000 	 0.7500 	 1.0000 
0.1600 	 1.0000 	 0.7500 	 1.0000 
0.1700 	 1.0000 	 0.7500 	 1.0000 
0.1800 	 1.0000 	 0.7500 	 1.0000 
0.1900 	 1.0000 	 0.7500 	 1.0000 
0.2000 	 1.0000 	 0.7501 	 0.9999 
0.2100 	 0.9998 	 0.7502 	 0.9997 
0.2200 	 0.9993 	 0.7508 	 0.9991 
0.2300 	 0.9979 	 0.7525 	 0.9971 
0.2400 	 0.9941 	 0.7570 	 0.9918 
0.2500 	 0.9857 	 0.7670 	 0.9801 
0.2600 	 0.9697 	 0.7861 	 0.9581 
0.2700 	 0.9436 	 0.8180 	 0.9223 
0.2800 	 0.9061 	 0.8650 	 0.8718 
0.2900 	 0.8577 	 0.9277 	 0.8078 
0.3000 	 0.8001 	 1.0061 	 0.7336 
0.3100 	 0.7354 	 1.1000 	 0.6524 
0.3200 	 0.6468 	 1.2400 	 0.5459 
0.3300 	 0.6090 	 1.3032 	 0.5029 
0.3400 	 0.5864 	 1.3404 	 0.4790 
0.3500 	 0.5727 	 1.3585 	 0.4678 
0.3600 	 0.5617 	 1.3645 	 0.4642 
0.3700 	 0.5473 	 1.3652 	 0.4638 
0.3800 	 0.5257 	 1.3644 	 0.4642 
0.3900 	 0.4963 	 1.3633 	 0.4645 
0.4000 	 0.4616 	 1.3618 	 0.4642 
0.4100 	 0.4255 	 1.3588 	 0.4632 
0.4200 	 0.3922 	 1.3523 	 0.4603 
0.4300 	 0.3636 	 1.3372 	 0.4533 
0.4400 	 0.3384 	 1.3020 	 0.4375 
0.4500 	 0.3111 	 1.2233 	 0.4039 
0.4600 	 0.2734 	 1.0592 	 0.3411 
0.4700 	 0.2214 	 0.7643 	 0.2488 
0.4800 	 0.1686 	 0.3796 	 0.1604 
0.4900 	 0.1373 	 0.1079 	 0.1149 
0.5000 	 0.1274 	 0.0201 	 0.1027 
0.5100 	 0.1254 	 0.0032 	 0.1004 
0.5200 	 0.1251 	 0.0005 	 0.1001 
0.5300 	 0.1250 	 0.0001 	 0.1000 
0.5400 	 0.1250 	 0.0000 	 0.1000 
0.5500 	 0.1250 	 0.0000 	 0.1000 
0.5600 	 0.1250 	 0.0000 	 0.1000 
0.5700 	 0.1250 	 0.0000 	 0.1000 
0.5800 	 0.1250 	 0.0000 	 0.1000 
0.5900 	 0.1250 	 0.0000 	 0.1000 
0.6000 	 0.1250 	 0.0000 	 0.1000 
0.6100 	 0.1250 	 0.0000 	 0.1000 
0.6200 	 0.1250 	 0.0000 	 0.1000 
0.6300 	 0.1250 	 0.0000 	 0.1000 
0.6400 	 0.1250 	 0.0000 	 0.1000 
0.6500 	 0.1250 	 0.0000 	 0.1000 
0.6600 	 0.1250 	 0.0000 	 0.1000 
0.6700 	 0.1250 	 0.0000 	 0.1000 
0.6800 	 0.1250 	 0.0000 	 0.1000 
0.6900 	 0.1250 	 0.0000 	 0.1000 
0.7000 	 0.1250 	 0.0000 	 0.1000 
0.7100 	 0.1250 	 0.0000 	 0.1000 
0.7200 	 0.1250 	 0.0000 	 0.1000 
0.7300 	 0.1250 	 0.0000 	 0.1000 
0.7400 	 0.1250 	 0.0000 	 0.1000 
0.7500 	 0.1250 	 0.0000 	 0.1000 
0.7600 	 0.1250 	 0.0000 	 0.1000 
0.7700 	 0.1250 	 0.0000 	 0.1000 
0.7800 	 0.1250 	 0.0000 	 0.1000 
0.7900 	 0.1250 	 0.0000 	 0.1000 
0.8000 	 0.1250 	 0.0000 	 0.1000 
0.8100 	 0.1250 	 0.0000 	 0.1000 
0.8200 	 0.1250 	 0.0000 	 0.1000 
0.8300 	 0.1250 	 0.0000 	 0.1000 
0.8400 	 0.1250 	 0.0000 	 0.1000 
0.8500 	 0.1250 	 0.0000 	 0.1000 
0.8600 	 0.1250 	 0.0000 	 0.1000 
0.8700 	 0.1250 	 0.0000 	 0.1000 
0.8800 	 0.1250 	 0.0000 	 0.1000 
0.8900 	 0.1250 	 0.0000 	 0.1000 
0.9000 	 0.1250 	 0.0000 	 0.1000 
0.9100 	 0.1250 	 0.0000 	 0.1000 
0.9200 	 0.1250 	 0.0000 	 0.1000 
0.9300 	 0.1250 	 0.0000 	 0.1000 
0.9400 	 0.1250 	 0.0000 	 0.1000 
0.9500 	 0.1250 	 0.0000 	 0.1000 
0.9600 	 0.1250 	 0.0000 	 0.1000 
0.9700 	 0.1250 	 0.0000 	 0.1000 
0.9800 	 0.1250 	 0.0000 	 0.1000 
0.9900 	 0.1250 	 0.0000 	 0.1000 
