0.0000 	 1.0000 	 0.7500 	 1.0000 
0.0100 	 1.0000 	 0.7500 	 1.0000 
0.0200 	 1.0000 	 0.7500 	 1.0000 
0.0300 	 1.0000 	 0.7500 	 1.0000 
0.0400 	 1.0000 	 0.7500 	 1.0000 
0.0500 	 1.0000 	 0.7500 	 1.0000 
0.0600 	 1.0000 	 0.7500 	 1.0000 
0.0700 	 1.0000 	 0.7500 	 1.0000 
0.0800 	 1.0000 	 0.7500 	 1.0000 
0.0900 	 1.0000 	 0.7500 	 1.0000 
0.1000 	 1.0000 	 0.7500 	 1.0000 
0.1100 	 1.0000 	 0.7500 	 1.0000 
0.1200 	 1.0000 	 0.7500 	 1.0000 
0.1300 	 1.0000 	 0.7500 	 1.0000 
0.1400 	 1.0000 	 0.7500 	 1.0000 
0.1500 	 1.0000 	 0.7500 	 1.0000 
0.1600 	 1.0000 	 0.7500 	 1.0000 
0.1700 	 1.0000 	 0.7500 	 1.0000 
0.1800 	 0.9999 	 0.7501 	 0.9999 
0.1900 	 0.9998 	 0.7503 	 0.9997 
0.2000 	 0.9993 	 0.7508 	 0.9990 
0.2100 	 0.9981 	 0.7523 	 0.9973 
0.2200 	 0.9952 	 0.7556 	 0.9934 
0.2300 	 0.9896 	 0.7624 	 0.9854 
0.2400 	 0.9794 	 0.7745 	 0.9714 
0.2500 	 0.9633 	 0.7940 	 0.9492 
0.2600 	 0.9404 	 0.8221 	 0.9178 
0.2700 	 0.9105 	 0.8595 	 0.8775 
0.2800 	 0.8744 	 0.9059 	 0.8295 
0.2900 	 0.8333 	 0.9609 	 0.7756 
0.3000 	 0.7881 	 1.0236 	 0.7178 
0.3100 	 0.7396 	 1.0945 	 0.6569 
0.3200 	 0.6662 	 1.2094 	 0.5678 
0.3300 	 0.6297 	 1.2700 	 0.5251 
0.3400 	 0.6053 	 1.3120 	 0.4971 
0.3500 	 0.5894 	 1.3396 	 0.4795 
0.3600 	 0.5799 	 1.3552 	 0.4698 
0.3700 	 0.5745 	 1.3621 	 0.4655 
0.3800 	 0.5700 	 1.3640 	 0.4643 
0.3900 	 0.5636 	 1.3640 	 0.4644 
0.4000 	 0.5534 	 1.3635 	 0.4647 
0.4100 	 0.5378 	 1.3630 	 0.4650 
0.4200 	 0.5165 	 1.3626 	 0.4652 
0.4300 	 0.4902 	 1.3623 	 0.4654 
0.4400 	 0.4609 	 1.3619 	 0.4654 
0.4500 	 0.4312 	 1.3613 	 0.4653 
0.4600 	 0.4038 	 1.3602 	 0.4649 
0.4700 	 0.3804 	 1.3578 	 0.4638 
0.4800 	 0.3617 	 1.3523 	 0.4613 
0.4900 	 0.3468 	 1.3400 	 0.4556 
0.5000 	 0.3329 	 1.3124 	 0.4431 
0.5100 	 0.3152 	 1.2519 	 0.4167 
0.5200 	 0.2868 	 1.1261 	 0.3662 
0.5300 	 0.2423 	 0.8893 	 0.2853 
0.5400 	 0.1884 	 0.5330 	 0.1920 
0.5500 	 0.1474 	 0.1972 	 0.1285 
0.5600 	 0.1301 	 0.0443 	 0.1059 
0.5700 	 0.1259 	 0.0079 	 0.1010 
0.5800 	 0.1252 	 0.0013 	 0.1002 
0.5900 	 0.1250 	 0.0002 	 0.1000 
0.6000 	 0.1250 	 0.0000 	 0.1000 
0.6100 	 0.1250 	 0.0000 	 0.1000 
0.6200 	 0.1250 	 0.0000 	 0.1000 
0.6300 	 0.1250 	 0.0000 	 0.1000 
0.6400 	 0.1250 	 0.0000 	 0.1000 
0.6500 	 0.1250 	 0.0000 	 0.1000 
0.6600 	 0.1250 	 0.0000 	 0.1000 
0.6700 	 0.1250 	 0.0000 	 0.1000 
0.6800 	 0.1250 	 0.0000 	 0.1000 
0.6900 	 0.1250 	 0.0000 	 0.1000 
0.7000 	 0.1250 	 0.0000 	 0.1000 
0.7100 	 0.1250 	 0.0000 	 0.1000 
0.7200 	 0.1250 	 0.0000 	 0.1000 
0.7300 	 0.1250 	 0.0000 	 0.1000 
0.7400 	 0.1250 	 0.0000 	 0.1000 
0.7500 	 0.1250 	 0.0000 	 0.1000 
0.7600 	 0.1250 	 0.0000 	 0.1000 
0.7700 	 0.1250 	 0.0000 	 0.1000 
0.7800 	 0.1250 	 0.0000 	 0.1000 
0.7900 	 0.1250 	 0.0000 	 0.1000 
0.8000 	 0.1250 	 0.0000 	 0.1000 
0.8100 	 0.1250 	 0.0000 	 0.1000 
0.8200 	 0.1250 	 0.0000 	 0.1000 
0.8300 	 0.1250 	 0.0000 	 0.1000 
0.8400 	 0.1250 	 0.0000 	 0.1000 
0.8500 	 0.1250 	 0.0000 	 0.1000 
0.8600 	 0.1250 	 0.0000 	 0.1000 
0.8700 	 0.1250 	 0.0000 	 0.1000 
0.8800 	 0.1250 	 0.0000 	 0.1000 
0.8900 	 0.1250 	 0.0000 	 0.1000 
0.9000 	 0.1250 	 0.0000 	 0.1000 
0.9100 	 0.1250 	 0.0000 	 0.1000 
0.9200 	 0.1250 	 0.0000 	 0.1000 
0.9300 	 0.1250 	 0.0000 	 0.1000 
0.9400 	 0.1250 	 0.0000 	 0.1000 
0.9500 	 0.1250 	 0.0000 	 0.1000 
0.9600 	 0.1250 	 0.0000 	 0.1000 
0.9700 	 0.1250 	 0.0000 	 0.1000 
0.9800 	 0.1250 	 0.0000 	 0.1000 
0.9900 	 0.1250 	 0.0000 	 0.1000 
