0.0000 	 1.0000 	 0.7500 	 1.0000 
0.0100 	 1.0000 	 0.7500 	 1.0000 
0.0200 	 1.0000 	 0.7500 	 1.0000 
0.0300 	 1.0000 	 0.7500 	 1.0000 
0.0400 	 1.0000 	 0.7500 	 1.0000 
0.0500 	 1.0000 	 0.7500 	 1.0000 
0.0600 	 1.0000 	 0.7500 	 1.0000 
0.0700 	 1.0000 	 0.7500 	 1.0000 
0.0800 	 1.0000 	 0.7500 	 1.0000 
0.0900 	 1.0000 	 0.7500 	 1.0000 
0.1000 	 1.0000 	 0.7500 	 1.0000 
0.1100 	 1.0000 	 0.7500 	 1.0000 
0.1200 	 1.0000 	 0.7500 	 1.0000 
0.1300 	 1.0000 	 0.7500 	 1.0000 
0.1400 	 1.0000 	 0.7500 	 0.9999 
0.1500 	 0.9999 	 0.7501 	 0.9998 
0.1600 	 0.9997 	 0.7504 	 0.9996 
0.1700 	 0.9992 	 0.7510 	 0.9989 
0.1800 	 0.9981 	 0.7522 	 0.9974 
0.1900 	 0.9960 	 0.7547 	 0.9945 
0.2000 	 0.9922 	 0.7592 	 0.9891 
0.2100 	 0.9859 	 0.7668 	 0.9803 
0.2200 	 0.9763 	 0.7783 	 0.9670 
0.2300 	 0.9628 	 0.7946 	 0.9484 
0.2400 	 0.9453 	 0.8160 	 0.9245 
0.2500 	 0.9239 	 0.8426 	 0.8954 
0.2600 	 0.8991 	 0.8742 	 0.8620 
0.2700 	 0.8713 	 0.9103 	 0.8251 
0.2800 	 0.8412 	 0.9504 	 0.7856 
0.2900 	 0.8093 	 0.9942 	 0.7444 
0.3000 	 0.7761 	 1.0414 	 0.7021 
0.3100 	 0.7408 	 1.0934 	 0.6579 
0.3200 	 0.6852 	 1.1794 	 0.5900 
0.3300 	 0.6528 	 1.2322 	 0.5514 
0.3400 	 0.6289 	 1.2724 	 0.5235 
0.3500 	 0.6103 	 1.3044 	 0.5021 
0.3600 	 0.5965 	 1.3287 	 0.4864 
0.3700 	 0.5871 	 1.3455 	 0.4758 
0.3800 	 0.5813 	 1.3557 	 0.4695 
0.3900 	 0.5782 	 1.3609 	 0.4663 
0.4000 	 0.5766 	 1.3629 	 0.4650 
0.4100 	 0.5755 	 1.3633 	 0.4647 
0.4200 	 0.5741 	 1.3631 	 0.4649 
0.4300 	 0.5715 	 1.3628 	 0.4651 
0.4400 	 0.5671 	 1.3625 	 0.4653 
0.4500 	 0.5601 	 1.3622 	 0.4654 
0.4600 	 0.5497 	 1.3620 	 0.4656 
0.4700 	 0.5357 	 1.3618 	 0.4657 
0.4800 	 0.5178 	 1.3617 	 0.4657 
0.4900 	 0.4967 	 1.3616 	 0.4658 
0.5000 	 0.4732 	 1.3615 	 0.4659 
0.5100 	 0.4489 	 1.3614 	 0.4659 
0.5200 	 0.4252 	 1.3613 	 0.4659 
0.5300 	 0.4035 	 1.3612 	 0.4659 
0.5400 	 0.3849 	 1.3609 	 0.4658 
0.5500 	 0.3699 	 1.3605 	 0.4657 
0.5600 	 0.3583 	 1.3596 	 0.4653 
0.5700 	 0.3499 	 1.3575 	 0.4643 
0.5800 	 0.3435 	 1.3531 	 0.4623 
0.5900 	 0.3380 	 1.3432 	 0.4577 
0.6000 	 0.3311 	 1.3217 	 0.4479 
0.6100 	 0.3195 	 1.2755 	 0.4273 
0.6200 	 0.2979 	 1.1792 	 0.3872 
0.6300 	 0.2609 	 0.9923 	 0.3186 
0.6400 	 0.2096 	 0.6818 	 0.2273 
0.6500 	 0.1613 	 0.3166 	 0.1488 
0.6600 	 0.1350 	 0.0872 	 0.1120 
0.6700 	 0.1270 	 0.0171 	 0.1023 
0.6800 	 0.1254 	 0.0030 	 0.1004 
0.6900 	 0.1251 	 0.0005 	 0.1001 
0.7000 	 0.1250 	 0.0001 	 0.1000 
0.7100 	 0.1250 	 0.0000 	 0.1000 
0.7200 	 0.1250 	 0.0000 	 0.1000 
0.7300 	 0.1250 	 0.0000 	 0.1000 
0.7400 	 0.1250 	 0.0000 	 0.1000 
0.7500 	 0.1250 	 0.0000 	 0.1000 
0.7600 	 0.1250 	 0.0000 	 0.1000 
0.7700 	 0.1250 	 0.0000 	 0.1000 
0.7800 	 0.1250 	 0.0000 	 0.1000 
0.7900 	 0.1250 	 0.0000 	 0.1000 
0.8000 	 0.1250 	 0.0000 	 0.1000 
0.8100 	 0.1250 	 0.0000 	 0.1000 
0.8200 	 0.1250 	 0.0000 	 0.1000 
0.8300 	 0.1250 	 0.0000 	 0.1000 
0.8400 	 0.1250 	 0.0000 	 0.1000 
0.8500 	 0.1250 	 0.0000 	 0.1000 
0.8600 	 0.1250 	 0.0000 	 0.1000 
0.8700 	 0.1250 	 0.0000 	 0.1000 
0.8800 	 0.1250 	 0.0000 	 0.1000 
0.8900 	 0.1250 	 0.0000 	 0.1000 
0.9000 	 0.1250 	 0.0000 	 0.1000 
0.9100 	 0.1250 	 0.0000 	 0.1000 
0.9200 	 0.1250 	 0.0000 	 0.1000 
0.9300 	 0.1250 	 0.0000 	 0.1000 
0.9400 	 0.1250 	 0.0000 	 0.1000 
0.9500 	 0.1250 	 0.0000 	 0.1000 
0.9600 	 0.1250 	 0.0000 	 0.1000 
0.9700 	 0.1250 	 0.0000 	 0.1000 
0.9800 	 0.1250 	 0.0000 	 0.1000 
0.9900 	 0.1250 	 0.0000 	 0.1000 
