0.0000 	 1.0000 	 0.7500 	 1.0000 
0.0100 	 1.0000 	 0.7500 	 1.0000 
0.0200 	 1.0000 	 0.7500 	 1.0000 
0.0300 	 1.0000 	 0.7500 	 1.0000 
0.0400 	 1.0000 	 0.7500 	 1.0000 
0.0500 	 1.0000 	 0.7500 	 1.0000 
0.0600 	 1.0000 	 0.7500 	 1.0000 
0.0700 	 1.0000 	 0.7500 	 1.0000 
0.0800 	 1.0000 	 0.7500 	 1.0000 
0.0900 	 1.0000 	 0.7500 	 1.0000 
0.1000 	 1.0000 	 0.7500 	 1.0000 
0.1100 	 1.0000 	 0.7500 	 1.0000 
0.1200 	 1.0000 	 0.7500 	 1.0000 
0.1300 	 1.0000 	 0.7500 	 1.0000 
0.1400 	 1.0000 	 0.7500 	 1.0000 
0.1500 	 1.0000 	 0.7500 	 1.0000 
0.1600 	 1.0000 	 0.7500 	 1.0000 
0.1700 	 1.0000 	 0.7500 	 1.0000 
0.1800 	 1.0000 	 0.7500 	 1.0000 
0.1900 	 1.0000 	 0.7500 	 1.0000 
0.2000 	 1.0000 	 0.7500 	 1.0000 
0.2100 	 1.0000 	 0.7500 	 1.0000 
0.2200 	 1.0000 	 0.7500 	 1.0000 
0.2300 	 1.0000 	 0.7500 	 1.0000 
0.2400 	 1.0000 	 0.7500 	 1.0000 
0.2500 	 1.0000 	 0.7500 	 1.0000 
0.2600 	 1.0000 	 0.7500 	 1.0000 
0.2700 	 0.9999 	 0.7501 	 0.9999 
0.2800 	 0.9985 	 0.7518 	 0.9979 
0.2900 	 0.9848 	 0.7681 	 0.9791 
0.3000 	 0.9060 	 0.8613 	 0.8824 
0.3100 	 0.5793 	 1.2097 	 0.5305 
0.3200 	 0.3840 	 1.2346 	 0.3875 
0.3300 	 0.2432 	 0.8609 	 0.2659 
0.3400 	 0.1539 	 0.2746 	 0.1406 
0.3500 	 0.1276 	 0.0233 	 0.1031 
0.3600 	 0.1251 	 0.0006 	 0.1001 
0.3700 	 0.1250 	 0.0000 	 0.1000 
0.3800 	 0.1250 	 0.0000 	 0.1000 
0.3900 	 0.1250 	 0.0000 	 0.1000 
0.4000 	 0.1250 	 0.0000 	 0.1000 
0.4100 	 0.1250 	 0.0000 	 0.1000 
0.4200 	 0.1250 	 0.0000 	 0.1000 
0.4300 	 0.1250 	 0.0000 	 0.1000 
0.4400 	 0.1250 	 0.0000 	 0.1000 
0.4500 	 0.1250 	 0.0000 	 0.1000 
0.4600 	 0.1250 	 0.0000 	 0.1000 
0.4700 	 0.1250 	 0.0000 	 0.1000 
0.4800 	 0.1250 	 0.0000 	 0.1000 
0.4900 	 0.1250 	 0.0000 	 0.1000 
0.5000 	 0.1250 	 0.0000 	 0.1000 
0.5100 	 0.1250 	 0.0000 	 0.1000 
0.5200 	 0.1250 	 0.0000 	 0.1000 
0.5300 	 0.1250 	 0.0000 	 0.1000 
0.5400 	 0.1250 	 0.0000 	 0.1000 
0.5500 	 0.1250 	 0.0000 	 0.1000 
0.5600 	 0.1250 	 0.0000 	 0.1000 
0.5700 	 0.1250 	 0.0000 	 0.1000 
0.5800 	 0.1250 	 0.0000 	 0.1000 
0.5900 	 0.1250 	 0.0000 	 0.1000 
0.6000 	 0.1250 	 0.0000 	 0.1000 
0.6100 	 0.1250 	 0.0000 	 0.1000 
0.6200 	 0.1250 	 0.0000 	 0.1000 
0.6300 	 0.1250 	 0.0000 	 0.1000 
0.6400 	 0.1250 	 0.0000 	 0.1000 
0.6500 	 0.1250 	 0.0000 	 0.1000 
0.6600 	 0.1250 	 0.0000 	 0.1000 
0.6700 	 0.1250 	 0.0000 	 0.1000 
0.6800 	 0.1250 	 0.0000 	 0.1000 
0.6900 	 0.1250 	 0.0000 	 0.1000 
0.7000 	 0.1250 	 0.0000 	 0.1000 
0.7100 	 0.1250 	 0.0000 	 0.1000 
0.7200 	 0.1250 	 0.0000 	 0.1000 
0.7300 	 0.1250 	 0.0000 	 0.1000 
0.7400 	 0.1250 	 0.0000 	 0.1000 
0.7500 	 0.1250 	 0.0000 	 0.1000 
0.7600 	 0.1250 	 0.0000 	 0.1000 
0.7700 	 0.1250 	 0.0000 	 0.1000 
0.7800 	 0.1250 	 0.0000 	 0.1000 
0.7900 	 0.1250 	 0.0000 	 0.1000 
0.8000 	 0.1250 	 0.0000 	 0.1000 
0.8100 	 0.1250 	 0.0000 	 0.1000 
0.8200 	 0.1250 	 0.0000 	 0.1000 
0.8300 	 0.1250 	 0.0000 	 0.1000 
0.8400 	 0.1250 	 0.0000 	 0.1000 
0.8500 	 0.1250 	 0.0000 	 0.1000 
0.8600 	 0.1250 	 0.0000 	 0.1000 
0.8700 	 0.1250 	 0.0000 	 0.1000 
0.8800 	 0.1250 	 0.0000 	 0.1000 
0.8900 	 0.1250 	 0.0000 	 0.1000 
0.9000 	 0.1250 	 0.0000 	 0.1000 
0.9100 	 0.1250 	 0.0000 	 0.1000 
0.9200 	 0.1250 	 0.0000 	 0.1000 
0.9300 	 0.1250 	 0.0000 	 0.1000 
0.9400 	 0.1250 	 0.0000 	 0.1000 
0.9500 	 0.1250 	 0.0000 	 0.1000 
0.9600 	 0.1250 	 0.0000 	 0.1000 
0.9700 	 0.1250 	 0.0000 	 0.1000 
0.9800 	 0.1250 	 0.0000 	 0.1000 
0.9900 	 0.1250 	 0.0000 	 0.1000 
