0.0000 	 1.0000 	 0.7500 	 1.0000 
0.0100 	 1.0000 	 0.7500 	 1.0000 
0.0200 	 1.0000 	 0.7500 	 1.0000 
0.0300 	 1.0000 	 0.7500 	 1.0000 
0.0400 	 1.0000 	 0.7500 	 1.0000 
0.0500 	 1.0000 	 0.7500 	 1.0000 
0.0600 	 1.0000 	 0.7500 	 1.0000 
0.0700 	 1.0000 	 0.7500 	 1.0000 
0.0800 	 1.0000 	 0.7500 	 1.0000 
0.0900 	 1.0000 	 0.7500 	 1.0000 
0.1000 	 1.0000 	 0.7500 	 1.0000 
0.1100 	 1.0000 	 0.7500 	 1.0000 
0.1200 	 1.0000 	 0.7500 	 1.0000 
0.1300 	 1.0000 	 0.7500 	 0.9999 
0.1400 	 0.9999 	 0.7501 	 0.9999 
0.1500 	 0.9997 	 0.7503 	 0.9996 
0.1600 	 0.9993 	 0.7508 	 0.9990 
0.1700 	 0.9984 	 0.7518 	 0.9978 
0.1800 	 0.9967 	 0.7539 	 0.9954 
0.1900 	 0.9936 	 0.7576 	 0.9911 
0.2000 	 0.9884 	 0.7638 	 0.9838 
0.2100 	 0.9804 	 0.7733 	 0.9728 
0.2200 	 0.9692 	 0.7869 	 0.9572 
0.2300 	 0.9544 	 0.8049 	 0.9368 
0.2400 	 0.9360 	 0.8275 	 0.9118 
0.2500 	 0.9144 	 0.8547 	 0.8825 
0.2600 	 0.8899 	 0.8860 	 0.8498 
0.2700 	 0.8632 	 0.9210 	 0.8144 
0.2800 	 0.8346 	 0.9593 	 0.7770 
0.2900 	 0.8047 	 1.0007 	 0.7385 
0.3000 	 0.7737 	 1.0450 	 0.6989 
0.3100 	 0.7407 	 1.0936 	 0.6577 
0.3200 	 0.6888 	 1.1738 	 0.5942 
0.3300 	 0.6576 	 1.2245 	 0.5569 
0.3400 	 0.6341 	 1.2636 	 0.5295 
0.3500 	 0.6155 	 1.2955 	 0.5080 
0.3600 	 0.6011 	 1.3207 	 0.4915 
0.3700 	 0.5907 	 1.3392 	 0.4797 
0.3800 	 0.5838 	 1.3515 	 0.4720 
0.3900 	 0.5798 	 1.3586 	 0.4677 
0.4000 	 0.5778 	 1.3619 	 0.4656 
0.4100 	 0.5768 	 1.3630 	 0.4649 
0.4200 	 0.5761 	 1.3632 	 0.4649 
0.4300 	 0.5750 	 1.3629 	 0.4650 
0.4400 	 0.5730 	 1.3626 	 0.4652 
0.4500 	 0.5696 	 1.3623 	 0.4654 
0.4600 	 0.5641 	 1.3621 	 0.4655 
0.4700 	 0.5559 	 1.3619 	 0.4656 
0.4800 	 0.5445 	 1.3617 	 0.4657 
0.4900 	 0.5295 	 1.3616 	 0.4658 
0.5000 	 0.5112 	 1.3615 	 0.4658 
0.5100 	 0.4902 	 1.3614 	 0.4659 
0.5200 	 0.4673 	 1.3614 	 0.4659 
0.5300 	 0.4440 	 1.3613 	 0.4660 
0.5400 	 0.4216 	 1.3612 	 0.4660 
0.5500 	 0.4013 	 1.3611 	 0.4660 
0.5600 	 0.3838 	 1.3610 	 0.4660 
0.5700 	 0.3697 	 1.3607 	 0.4659 
0.5800 	 0.3588 	 1.3602 	 0.4656 
0.5900 	 0.3508 	 1.3591 	 0.4652 
0.6000 	 0.3451 	 1.3567 	 0.4641 
0.6100 	 0.3405 	 1.3515 	 0.4616 
0.6200 	 0.3359 	 1.3400 	 0.4563 
0.6300 	 0.3289 	 1.3151 	 0.4449 
0.6400 	 0.3162 	 1.2618 	 0.4215 
0.6500 	 0.2923 	 1.1523 	 0.3767 
0.6600 	 0.2523 	 0.9442 	 0.3028 
0.6700 	 0.1999 	 0.6142 	 0.2107 
0.6800 	 0.1547 	 0.2606 	 0.1390 
0.6900 	 0.1326 	 0.0663 	 0.1090 
0.7000 	 0.1265 	 0.0126 	 0.1017 
0.7100 	 0.1253 	 0.0022 	 0.1003 
0.7200 	 0.1250 	 0.0004 	 0.1001 
0.7300 	 0.1250 	 0.0001 	 0.1000 
0.7400 	 0.1250 	 0.0000 	 0.1000 
0.7500 	 0.1250 	 0.0000 	 0.1000 
0.7600 	 0.1250 	 0.0000 	 0.1000 
0.7700 	 0.1250 	 0.0000 	 0.1000 
0.7800 	 0.1250 	 0.0000 	 0.1000 
0.7900 	 0.1250 	 0.0000 	 0.1000 
0.8000 	 0.1250 	 0.0000 	 0.1000 
0.8100 	 0.1250 	 0.0000 	 0.1000 
0.8200 	 0.1250 	 0.0000 	 0.1000 
0.8300 	 0.1250 	 0.0000 	 0.1000 
0.8400 	 0.1250 	 0.0000 	 0.1000 
0.8500 	 0.1250 	 0.0000 	 0.1000 
0.8600 	 0.1250 	 0.0000 	 0.1000 
0.8700 	 0.1250 	 0.0000 	 0.1000 
0.8800 	 0.1250 	 0.0000 	 0.1000 
0.8900 	 0.1250 	 0.0000 	 0.1000 
0.9000 	 0.1250 	 0.0000 	 0.1000 
0.9100 	 0.1250 	 0.0000 	 0.1000 
0.9200 	 0.1250 	 0.0000 	 0.1000 
0.9300 	 0.1250 	 0.0000 	 0.1000 
0.9400 	 0.1250 	 0.0000 	 0.1000 
0.9500 	 0.1250 	 0.0000 	 0.1000 
0.9600 	 0.1250 	 0.0000 	 0.1000 
0.9700 	 0.1250 	 0.0000 	 0.1000 
0.9800 	 0.1250 	 0.0000 	 0.1000 
0.9900 	 0.1250 	 0.0000 	 0.1000 
