0.0000 	 1.0000 	 0.7500 	 1.0000 
0.0100 	 1.0000 	 0.7500 	 1.0000 
0.0200 	 1.0000 	 0.7500 	 1.0000 
0.0300 	 1.0000 	 0.7500 	 1.0000 
0.0400 	 1.0000 	 0.7500 	 1.0000 
0.0500 	 1.0000 	 0.7500 	 1.0000 
0.0600 	 1.0000 	 0.7500 	 1.0000 
0.0700 	 1.0000 	 0.7500 	 1.0000 
0.0800 	 1.0000 	 0.7500 	 1.0000 
0.0900 	 1.0000 	 0.7500 	 1.0000 
0.1000 	 1.0000 	 0.7500 	 1.0000 
0.1100 	 1.0000 	 0.7500 	 1.0000 
0.1200 	 1.0000 	 0.7500 	 1.0000 
0.1300 	 1.0000 	 0.7500 	 1.0000 
0.1400 	 1.0000 	 0.7500 	 1.0000 
0.1500 	 0.9999 	 0.7501 	 0.9999 
0.1600 	 0.9998 	 0.7502 	 0.9997 
0.1700 	 0.9995 	 0.7506 	 0.9993 
0.1800 	 0.9988 	 0.7514 	 0.9983 
0.1900 	 0.9973 	 0.7532 	 0.9962 
0.2000 	 0.9943 	 0.7567 	 0.9920 
0.2100 	 0.9891 	 0.7630 	 0.9848 
0.2200 	 0.9807 	 0.7730 	 0.9731 
0.2300 	 0.9683 	 0.7879 	 0.9561 
0.2400 	 0.9517 	 0.8082 	 0.9332 
0.2500 	 0.9307 	 0.8342 	 0.9046 
0.2600 	 0.9057 	 0.8657 	 0.8708 
0.2700 	 0.8772 	 0.9025 	 0.8330 
0.2800 	 0.8460 	 0.9438 	 0.7920 
0.2900 	 0.8128 	 0.9894 	 0.7489 
0.3000 	 0.7778 	 1.0388 	 0.7043 
0.3100 	 0.7408 	 1.0934 	 0.6579 
0.3200 	 0.6826 	 1.1836 	 0.5868 
0.3300 	 0.6493 	 1.2378 	 0.5474 
0.3400 	 0.6251 	 1.2787 	 0.5192 
0.3500 	 0.6067 	 1.3106 	 0.4981 
0.3600 	 0.5935 	 1.3339 	 0.4831 
0.3700 	 0.5848 	 1.3493 	 0.4734 
0.3800 	 0.5798 	 1.3580 	 0.4680 
0.3900 	 0.5771 	 1.3620 	 0.4655 
0.4000 	 0.5756 	 1.3633 	 0.4647 
0.4100 	 0.5741 	 1.3634 	 0.4647 
0.4200 	 0.5715 	 1.3631 	 0.4649 
0.4300 	 0.5670 	 1.3627 	 0.4651 
0.4400 	 0.5598 	 1.3624 	 0.4653 
0.4500 	 0.5491 	 1.3621 	 0.4655 
0.4600 	 0.5344 	 1.3619 	 0.4656 
0.4700 	 0.5157 	 1.3618 	 0.4657 
0.4800 	 0.4935 	 1.3617 	 0.4658 
0.4900 	 0.4691 	 1.3616 	 0.4658 
0.5000 	 0.4440 	 1.3614 	 0.4659 
0.5100 	 0.4199 	 1.3613 	 0.4659 
0.5200 	 0.3982 	 1.3611 	 0.4658 
0.5300 	 0.3799 	 1.3607 	 0.4657 
0.5400 	 0.3655 	 1.3598 	 0.4653 
0.5500 	 0.3546 	 1.3580 	 0.4645 
0.5600 	 0.3465 	 1.3540 	 0.4626 
0.5700 	 0.3399 	 1.3452 	 0.4585 
0.5800 	 0.3327 	 1.3257 	 0.4496 
0.5900 	 0.3215 	 1.2836 	 0.4308 
0.6000 	 0.3014 	 1.1953 	 0.3937 
0.6100 	 0.2663 	 1.0214 	 0.3286 
0.6200 	 0.2160 	 0.7247 	 0.2385 
0.6300 	 0.1660 	 0.3559 	 0.1560 
0.6400 	 0.1369 	 0.1037 	 0.1143 
0.6500 	 0.1274 	 0.0207 	 0.1028 
0.6600 	 0.1254 	 0.0037 	 0.1005 
0.6700 	 0.1251 	 0.0006 	 0.1001 
0.6800 	 0.1250 	 0.0001 	 0.1000 
0.6900 	 0.1250 	 0.0000 	 0.1000 
0.7000 	 0.1250 	 0.0000 	 0.1000 
0.7100 	 0.1250 	 0.0000 	 0.1000 
0.7200 	 0.1250 	 0.0000 	 0.1000 
0.7300 	 0.1250 	 0.0000 	 0.1000 
0.7400 	 0.1250 	 0.0000 	 0.1000 
0.7500 	 0.1250 	 0.0000 	 0.1000 
0.7600 	 0.1250 	 0.0000 	 0.1000 
0.7700 	 0.1250 	 0.0000 	 0.1000 
0.7800 	 0.1250 	 0.0000 	 0.1000 
0.7900 	 0.1250 	 0.0000 	 0.1000 
0.8000 	 0.1250 	 0.0000 	 0.1000 
0.8100 	 0.1250 	 0.0000 	 0.1000 
0.8200 	 0.1250 	 0.0000 	 0.1000 
0.8300 	 0.1250 	 0.0000 	 0.1000 
0.8400 	 0.1250 	 0.0000 	 0.1000 
0.8500 	 0.1250 	 0.0000 	 0.1000 
0.8600 	 0.1250 	 0.0000 	 0.1000 
0.8700 	 0.1250 	 0.0000 	 0.1000 
0.8800 	 0.1250 	 0.0000 	 0.1000 
0.8900 	 0.1250 	 0.0000 	 0.1000 
0.9000 	 0.1250 	 0.0000 	 0.1000 
0.9100 	 0.1250 	 0.0000 	 0.1000 
0.9200 	 0.1250 	 0.0000 	 0.1000 
0.9300 	 0.1250 	 0.0000 	 0.1000 
0.9400 	 0.1250 	 0.0000 	 0.1000 
0.9500 	 0.1250 	 0.0000 	 0.1000 
0.9600 	 0.1250 	 0.0000 	 0.1000 
0.9700 	 0.1250 	 0.0000 	 0.1000 
0.9800 	 0.1250 	 0.0000 	 0.1000 
0.9900 	 0.1250 	 0.0000 	 0.1000 
