0.0000 	 1.0000 	 0.7500 	 1.0000 
0.0100 	 1.0000 	 0.7500 	 1.0000 
0.0200 	 1.0000 	 0.7500 	 1.0000 
0.0300 	 1.0000 	 0.7500 	 1.0000 
0.0400 	 1.0000 	 0.7500 	 1.0000 
0.0500 	 1.0000 	 0.7500 	 1.0000 
0.0600 	 1.0000 	 0.7500 	 1.0000 
0.0700 	 1.0000 	 0.7500 	 1.0000 
0.0800 	 1.0000 	 0.7500 	 1.0000 
0.0900 	 1.0000 	 0.7500 	 1.0000 
0.1000 	 1.0000 	 0.7500 	 1.0000 
0.1100 	 1.0000 	 0.7500 	 1.0000 
0.1200 	 1.0000 	 0.7500 	 1.0000 
0.1300 	 1.0000 	 0.7500 	 1.0000 
0.1400 	 0.9999 	 0.7501 	 0.9999 
0.1500 	 0.9998 	 0.7502 	 0.9998 
0.1600 	 0.9995 	 0.7505 	 0.9994 
0.1700 	 0.9989 	 0.7513 	 0.9985 
0.1800 	 0.9976 	 0.7529 	 0.9966 
0.1900 	 0.9950 	 0.7559 	 0.9931 
0.2000 	 0.9906 	 0.7611 	 0.9869 
0.2100 	 0.9836 	 0.7696 	 0.9771 
0.2200 	 0.9732 	 0.7820 	 0.9627 
0.2300 	 0.9591 	 0.7991 	 0.9433 
0.2400 	 0.9412 	 0.8212 	 0.9188 
0.2500 	 0.9196 	 0.8481 	 0.8896 
0.2600 	 0.8949 	 0.8795 	 0.8564 
0.2700 	 0.8676 	 0.9152 	 0.8202 
0.2800 	 0.8382 	 0.9545 	 0.7817 
0.2900 	 0.8072 	 0.9972 	 0.7417 
0.3000 	 0.7750 	 1.0431 	 0.7006 
0.3100 	 0.7407 	 1.0935 	 0.6578 
0.3200 	 0.6869 	 1.1768 	 0.5920 
0.3300 	 0.6550 	 1.2286 	 0.5539 
0.3400 	 0.6313 	 1.2684 	 0.5262 
0.3500 	 0.6127 	 1.3004 	 0.5047 
0.3600 	 0.5986 	 1.3251 	 0.4887 
0.3700 	 0.5887 	 1.3428 	 0.4775 
0.3800 	 0.5824 	 1.3539 	 0.4706 
0.3900 	 0.5789 	 1.3599 	 0.4668 
0.4000 	 0.5772 	 1.3625 	 0.4652 
0.4100 	 0.5762 	 1.3632 	 0.4648 
0.4200 	 0.5752 	 1.3632 	 0.4649 
0.4300 	 0.5734 	 1.3628 	 0.4650 
0.4400 	 0.5703 	 1.3625 	 0.4653 
0.4500 	 0.5651 	 1.3622 	 0.4654 
0.4600 	 0.5572 	 1.3620 	 0.4655 
0.4700 	 0.5460 	 1.3619 	 0.4657 
0.4800 	 0.5311 	 1.3617 	 0.4657 
0.4900 	 0.5126 	 1.3616 	 0.4658 
0.5000 	 0.4912 	 1.3615 	 0.4659 
0.5100 	 0.4679 	 1.3614 	 0.4659 
0.5200 	 0.4441 	 1.3613 	 0.4659 
0.5300 	 0.4211 	 1.3613 	 0.4659 
0.5400 	 0.4003 	 1.3611 	 0.4659 
0.5500 	 0.3826 	 1.3609 	 0.4659 
0.5600 	 0.3684 	 1.3606 	 0.4657 
0.5700 	 0.3575 	 1.3598 	 0.4654 
0.5800 	 0.3496 	 1.3581 	 0.4646 
0.5900 	 0.3437 	 1.3544 	 0.4629 
0.6000 	 0.3387 	 1.3463 	 0.4592 
0.6100 	 0.3328 	 1.3286 	 0.4510 
0.6200 	 0.3229 	 1.2903 	 0.4339 
0.6300 	 0.3046 	 1.2098 	 0.3996 
0.6400 	 0.2718 	 1.0502 	 0.3387 
0.6500 	 0.2232 	 0.7710 	 0.2510 
0.6600 	 0.1719 	 0.4036 	 0.1651 
0.6700 	 0.1394 	 0.1266 	 0.1177 
0.6800 	 0.1281 	 0.0263 	 0.1035 
0.6900 	 0.1256 	 0.0047 	 0.1006 
0.7000 	 0.1251 	 0.0008 	 0.1001 
0.7100 	 0.1250 	 0.0001 	 0.1000 
0.7200 	 0.1250 	 0.0000 	 0.1000 
0.7300 	 0.1250 	 0.0000 	 0.1000 
0.7400 	 0.1250 	 0.0000 	 0.1000 
0.7500 	 0.1250 	 0.0000 	 0.1000 
0.7600 	 0.1250 	 0.0000 	 0.1000 
0.7700 	 0.1250 	 0.0000 	 0.1000 
0.7800 	 0.1250 	 0.0000 	 0.1000 
0.7900 	 0.1250 	 0.0000 	 0.1000 
0.8000 	 0.1250 	 0.0000 	 0.1000 
0.8100 	 0.1250 	 0.0000 	 0.1000 
0.8200 	 0.1250 	 0.0000 	 0.1000 
0.8300 	 0.1250 	 0.0000 	 0.1000 
0.8400 	 0.1250 	 0.0000 	 0.1000 
0.8500 	 0.1250 	 0.0000 	 0.1000 
0.8600 	 0.1250 	 0.0000 	 0.1000 
0.8700 	 0.1250 	 0.0000 	 0.1000 
0.8800 	 0.1250 	 0.0000 	 0.1000 
0.8900 	 0.1250 	 0.0000 	 0.1000 
0.9000 	 0.1250 	 0.0000 	 0.1000 
0.9100 	 0.1250 	 0.0000 	 0.1000 
0.9200 	 0.1250 	 0.0000 	 0.1000 
0.9300 	 0.1250 	 0.0000 	 0.1000 
0.9400 	 0.1250 	 0.0000 	 0.1000 
0.9500 	 0.1250 	 0.0000 	 0.1000 
0.9600 	 0.1250 	 0.0000 	 0.1000 
0.9700 	 0.1250 	 0.0000 	 0.1000 
0.9800 	 0.1250 	 0.0000 	 0.1000 
0.9900 	 0.1250 	 0.0000 	 0.1000 
