0.0000 	 1.0000 	 0.7500 	 1.0000 
0.0100 	 1.0000 	 0.7500 	 1.0000 
0.0200 	 1.0000 	 0.7500 	 1.0000 
0.0300 	 1.0000 	 0.7500 	 1.0000 
0.0400 	 1.0000 	 0.7500 	 1.0000 
0.0500 	 1.0000 	 0.7500 	 1.0000 
0.0600 	 1.0000 	 0.7500 	 1.0000 
0.0700 	 1.0000 	 0.7500 	 1.0000 
0.0800 	 1.0000 	 0.7500 	 1.0000 
0.0900 	 1.0000 	 0.7500 	 1.0000 
0.1000 	 1.0000 	 0.7500 	 1.0000 
0.1100 	 1.0000 	 0.7500 	 1.0000 
0.1200 	 1.0000 	 0.7500 	 1.0000 
0.1300 	 1.0000 	 0.7500 	 1.0000 
0.1400 	 1.0000 	 0.7500 	 1.0000 
0.1500 	 1.0000 	 0.7500 	 1.0000 
0.1600 	 1.0000 	 0.7500 	 1.0000 
0.1700 	 1.0000 	 0.7500 	 1.0000 
0.1800 	 1.0000 	 0.7500 	 1.0000 
0.1900 	 1.0000 	 0.7500 	 1.0000 
0.2000 	 1.0000 	 0.7500 	 1.0000 
0.2100 	 1.0000 	 0.7500 	 1.0000 
0.2200 	 1.0000 	 0.7500 	 1.0000 
0.2300 	 1.0000 	 0.7500 	 1.0000 
0.2400 	 0.9999 	 0.7502 	 0.9998 
0.2500 	 0.9992 	 0.7510 	 0.9989 
0.2600 	 0.9964 	 0.7543 	 0.9949 
0.2700 	 0.9869 	 0.7656 	 0.9818 
0.2800 	 0.9623 	 0.7951 	 0.9480 
0.2900 	 0.9123 	 0.8566 	 0.8809 
0.3000 	 0.8295 	 0.9631 	 0.7741 
0.3100 	 0.7104 	 1.1309 	 0.6274 
0.3200 	 0.6009 	 1.3004 	 0.5049 
0.3300 	 0.5550 	 1.3536 	 0.4705 
0.3400 	 0.5156 	 1.3649 	 0.4610 
0.3500 	 0.4669 	 1.3569 	 0.4568 
0.3600 	 0.4098 	 1.3317 	 0.4462 
0.3700 	 0.3516 	 1.2685 	 0.4189 
0.3800 	 0.2931 	 1.1187 	 0.3598 
0.3900 	 0.2294 	 0.8175 	 0.2625 
0.4000 	 0.1697 	 0.3948 	 0.1631 
0.4100 	 0.1361 	 0.0986 	 0.1135 
0.4200 	 0.1267 	 0.0147 	 0.1019 
0.4300 	 0.1252 	 0.0018 	 0.1002 
0.4400 	 0.1250 	 0.0002 	 0.1000 
0.4500 	 0.1250 	 0.0000 	 0.1000 
0.4600 	 0.1250 	 0.0000 	 0.1000 
0.4700 	 0.1250 	 0.0000 	 0.1000 
0.4800 	 0.1250 	 0.0000 	 0.1000 
0.4900 	 0.1250 	 0.0000 	 0.1000 
0.5000 	 0.1250 	 0.0000 	 0.1000 
0.5100 	 0.1250 	 0.0000 	 0.1000 
0.5200 	 0.1250 	 0.0000 	 0.1000 
0.5300 	 0.1250 	 0.0000 	 0.1000 
0.5400 	 0.1250 	 0.0000 	 0.1000 
0.5500 	 0.1250 	 0.0000 	 0.1000 
0.5600 	 0.1250 	 0.0000 	 0.1000 
0.5700 	 0.1250 	 0.0000 	 0.1000 
0.5800 	 0.1250 	 0.0000 	 0.1000 
0.5900 	 0.1250 	 0.0000 	 0.1000 
0.6000 	 0.1250 	 0.0000 	 0.1000 
0.6100 	 0.1250 	 0.0000 	 0.1000 
0.6200 	 0.1250 	 0.0000 	 0.1000 
0.6300 	 0.1250 	 0.0000 	 0.1000 
0.6400 	 0.1250 	 0.0000 	 0.1000 
0.6500 	 0.1250 	 0.0000 	 0.1000 
0.6600 	 0.1250 	 0.0000 	 0.1000 
0.6700 	 0.1250 	 0.0000 	 0.1000 
0.6800 	 0.1250 	 0.0000 	 0.1000 
0.6900 	 0.1250 	 0.0000 	 0.1000 
0.7000 	 0.1250 	 0.0000 	 0.1000 
0.7100 	 0.1250 	 0.0000 	 0.1000 
0.7200 	 0.1250 	 0.0000 	 0.1000 
0.7300 	 0.1250 	 0.0000 	 0.1000 
0.7400 	 0.1250 	 0.0000 	 0.1000 
0.7500 	 0.1250 	 0.0000 	 0.1000 
0.7600 	 0.1250 	 0.0000 	 0.1000 
0.7700 	 0.1250 	 0.0000 	 0.1000 
0.7800 	 0.1250 	 0.0000 	 0.1000 
0.7900 	 0.1250 	 0.0000 	 0.1000 
0.8000 	 0.1250 	 0.0000 	 0.1000 
0.8100 	 0.1250 	 0.0000 	 0.1000 
0.8200 	 0.1250 	 0.0000 	 0.1000 
0.8300 	 0.1250 	 0.0000 	 0.1000 
0.8400 	 0.1250 	 0.0000 	 0.1000 
0.8500 	 0.1250 	 0.0000 	 0.1000 
0.8600 	 0.1250 	 0.0000 	 0.1000 
0.8700 	 0.1250 	 0.0000 	 0.1000 
0.8800 	 0.1250 	 0.0000 	 0.1000 
0.8900 	 0.1250 	 0.0000 	 0.1000 
0.9000 	 0.1250 	 0.0000 	 0.1000 
0.9100 	 0.1250 	 0.0000 	 0.1000 
0.9200 	 0.1250 	 0.0000 	 0.1000 
0.9300 	 0.1250 	 0.0000 	 0.1000 
0.9400 	 0.1250 	 0.0000 	 0.1000 
0.9500 	 0.1250 	 0.0000 	 0.1000 
0.9600 	 0.1250 	 0.0000 	 0.1000 
0.9700 	 0.1250 	 0.0000 	 0.1000 
0.9800 	 0.1250 	 0.0000 	 0.1000 
0.9900 	 0.1250 	 0.0000 	 0.1000 
