0.0000 	 1.0000 	 0.7500 	 1.0000 
0.0100 	 1.0000 	 0.7500 	 1.0000 
0.0200 	 1.0000 	 0.7500 	 1.0000 
0.0300 	 1.0000 	 0.7500 	 1.0000 
0.0400 	 1.0000 	 0.7500 	 1.0000 
0.0500 	 1.0000 	 0.7500 	 1.0000 
0.0600 	 1.0000 	 0.7500 	 1.0000 
0.0700 	 1.0000 	 0.7500 	 1.0000 
0.0800 	 1.0000 	 0.7500 	 1.0000 
0.0900 	 1.0000 	 0.7500 	 1.0000 
0.1000 	 1.0000 	 0.7500 	 1.0000 
0.1100 	 1.0000 	 0.7500 	 1.0000 
0.1200 	 1.0000 	 0.7500 	 1.0000 
0.1300 	 1.0000 	 0.7500 	 1.0000 
0.1400 	 1.0000 	 0.7500 	 1.0000 
0.1500 	 1.0000 	 0.7500 	 1.0000 
0.1600 	 1.0000 	 0.7500 	 1.0000 
0.1700 	 1.0000 	 0.7500 	 1.0000 
0.1800 	 0.9999 	 0.7501 	 0.9999 
0.1900 	 0.9998 	 0.7502 	 0.9997 
0.2000 	 0.9994 	 0.7507 	 0.9992 
0.2100 	 0.9984 	 0.7519 	 0.9977 
0.2200 	 0.9959 	 0.7549 	 0.9943 
0.2300 	 0.9907 	 0.7610 	 0.9871 
0.2400 	 0.9812 	 0.7724 	 0.9739 
0.2500 	 0.9658 	 0.7910 	 0.9525 
0.2600 	 0.9432 	 0.8185 	 0.9217 
0.2700 	 0.9135 	 0.8557 	 0.8815 
0.2800 	 0.8771 	 0.9024 	 0.8330 
0.2900 	 0.8352 	 0.9582 	 0.7782 
0.3000 	 0.7891 	 1.0222 	 0.7190 
0.3100 	 0.7394 	 1.0948 	 0.6567 
0.3200 	 0.6646 	 1.2119 	 0.5659 
0.3300 	 0.6279 	 1.2729 	 0.5231 
0.3400 	 0.6036 	 1.3147 	 0.4954 
0.3500 	 0.5880 	 1.3417 	 0.4782 
0.3600 	 0.5789 	 1.3564 	 0.4690 
0.3700 	 0.5733 	 1.3626 	 0.4652 
0.3800 	 0.5683 	 1.3642 	 0.4643 
0.3900 	 0.5607 	 1.3640 	 0.4644 
0.4000 	 0.5487 	 1.3635 	 0.4647 
0.4100 	 0.5308 	 1.3630 	 0.4650 
0.4200 	 0.5072 	 1.3626 	 0.4652 
0.4300 	 0.4791 	 1.3622 	 0.4653 
0.4400 	 0.4489 	 1.3617 	 0.4653 
0.4500 	 0.4193 	 1.3608 	 0.4650 
0.4600 	 0.3929 	 1.3590 	 0.4643 
0.4700 	 0.3712 	 1.3550 	 0.4625 
0.4800 	 0.3539 	 1.3460 	 0.4583 
0.4900 	 0.3392 	 1.3255 	 0.4489 
0.5000 	 0.3230 	 1.2801 	 0.4288 
0.5100 	 0.2991 	 1.1832 	 0.3884 
0.5200 	 0.2605 	 0.9919 	 0.3182 
0.5300 	 0.2079 	 0.6724 	 0.2249 
0.5400 	 0.1595 	 0.3022 	 0.1462 
0.5500 	 0.1341 	 0.0793 	 0.1108 
0.5600 	 0.1267 	 0.0148 	 0.1020 
0.5700 	 0.1253 	 0.0025 	 0.1003 
0.5800 	 0.1250 	 0.0004 	 0.1001 
0.5900 	 0.1250 	 0.0001 	 0.1000 
0.6000 	 0.1250 	 0.0000 	 0.1000 
0.6100 	 0.1250 	 0.0000 	 0.1000 
0.6200 	 0.1250 	 0.0000 	 0.1000 
0.6300 	 0.1250 	 0.0000 	 0.1000 
0.6400 	 0.1250 	 0.0000 	 0.1000 
0.6500 	 0.1250 	 0.0000 	 0.1000 
0.6600 	 0.1250 	 0.0000 	 0.1000 
0.6700 	 0.1250 	 0.0000 	 0.1000 
0.6800 	 0.1250 	 0.0000 	 0.1000 
0.6900 	 0.1250 	 0.0000 	 0.1000 
0.7000 	 0.1250 	 0.0000 	 0.1000 
0.7100 	 0.1250 	 0.0000 	 0.1000 
0.7200 	 0.1250 	 0.0000 	 0.1000 
0.7300 	 0.1250 	 0.0000 	 0.1000 
0.7400 	 0.1250 	 0.0000 	 0.1000 
0.7500 	 0.1250 	 0.0000 	 0.1000 
0.7600 	 0.1250 	 0.0000 	 0.1000 
0.7700 	 0.1250 	 0.0000 	 0.1000 
0.7800 	 0.1250 	 0.0000 	 0.1000 
0.7900 	 0.1250 	 0.0000 	 0.1000 
0.8000 	 0.1250 	 0.0000 	 0.1000 
0.8100 	 0.1250 	 0.0000 	 0.1000 
0.8200 	 0.1250 	 0.0000 	 0.1000 
0.8300 	 0.1250 	 0.0000 	 0.1000 
0.8400 	 0.1250 	 0.0000 	 0.1000 
0.8500 	 0.1250 	 0.0000 	 0.1000 
0.8600 	 0.1250 	 0.0000 	 0.1000 
0.8700 	 0.1250 	 0.0000 	 0.1000 
0.8800 	 0.1250 	 0.0000 	 0.1000 
0.8900 	 0.1250 	 0.0000 	 0.1000 
0.9000 	 0.1250 	 0.0000 	 0.1000 
0.9100 	 0.1250 	 0.0000 	 0.1000 
0.9200 	 0.1250 	 0.0000 	 0.1000 
0.9300 	 0.1250 	 0.0000 	 0.1000 
0.9400 	 0.1250 	 0.0000 	 0.1000 
0.9500 	 0.1250 	 0.0000 	 0.1000 
0.9600 	 0.1250 	 0.0000 	 0.1000 
0.9700 	 0.1250 	 0.0000 	 0.1000 
0.9800 	 0.1250 	 0.0000 	 0.1000 
0.9900 	 0.1250 	 0.0000 	 0.1000 
