0.0000 	 1.0000 	 0.7500 	 1.0000 
0.0100 	 1.0000 	 0.7500 	 1.0000 
0.0200 	 1.0000 	 0.7500 	 1.0000 
0.0300 	 1.0000 	 0.7500 	 1.0000 
0.0400 	 1.0000 	 0.7500 	 1.0000 
0.0500 	 1.0000 	 0.7500 	 1.0000 
0.0600 	 1.0000 	 0.7500 	 1.0000 
0.0700 	 1.0000 	 0.7500 	 1.0000 
0.0800 	 1.0000 	 0.7500 	 1.0000 
0.0900 	 1.0000 	 0.7500 	 1.0000 
0.1000 	 1.0000 	 0.7500 	 1.0000 
0.1100 	 1.0000 	 0.7500 	 1.0000 
0.1200 	 1.0000 	 0.7500 	 1.0000 
0.1300 	 1.0000 	 0.7500 	 1.0000 
0.1400 	 1.0000 	 0.7500 	 1.0000 
0.1500 	 1.0000 	 0.7500 	 1.0000 
0.1600 	 1.0000 	 0.7500 	 1.0000 
0.1700 	 1.0000 	 0.7500 	 1.0000 
0.1800 	 1.0000 	 0.7500 	 1.0000 
0.1900 	 1.0000 	 0.7500 	 1.0000 
0.2000 	 0.9999 	 0.7501 	 0.9999 
0.2100 	 0.9997 	 0.7504 	 0.9995 
0.2200 	 0.9989 	 0.7513 	 0.9985 
0.2300 	 0.9968 	 0.7537 	 0.9956 
0.2400 	 0.9919 	 0.7596 	 0.9887 
0.2500 	 0.9818 	 0.7717 	 0.9746 
0.2600 	 0.9639 	 0.7932 	 0.9500 
0.2700 	 0.9364 	 0.8269 	 0.9125 
0.2800 	 0.8987 	 0.8743 	 0.8619 
0.2900 	 0.8518 	 0.9356 	 0.8001 
0.3000 	 0.7972 	 1.0103 	 0.7298 
0.3100 	 0.7367 	 1.0982 	 0.6538 
0.3200 	 0.6514 	 1.2327 	 0.5510 
0.3300 	 0.6138 	 1.2958 	 0.5077 
0.3400 	 0.5907 	 1.3347 	 0.4826 
0.3500 	 0.5770 	 1.3552 	 0.4698 
0.3600 	 0.5677 	 1.3633 	 0.4649 
0.3700 	 0.5573 	 1.3650 	 0.4639 
0.3800 	 0.5415 	 1.3645 	 0.4642 
0.3900 	 0.5184 	 1.3637 	 0.4646 
0.4000 	 0.4886 	 1.3628 	 0.4647 
0.4100 	 0.4547 	 1.3616 	 0.4645 
0.4200 	 0.4205 	 1.3592 	 0.4636 
0.4300 	 0.3896 	 1.3539 	 0.4613 
0.4400 	 0.3635 	 1.3416 	 0.4556 
0.4500 	 0.3411 	 1.3133 	 0.4428 
0.4600 	 0.3175 	 1.2498 	 0.4152 
0.4700 	 0.2849 	 1.1153 	 0.3617 
0.4800 	 0.2373 	 0.8616 	 0.2767 
0.4900 	 0.1826 	 0.4903 	 0.1827 
0.5000 	 0.1438 	 0.1662 	 0.1237 
0.5100 	 0.1290 	 0.0344 	 0.1046 
0.5200 	 0.1257 	 0.0058 	 0.1008 
0.5300 	 0.1251 	 0.0009 	 0.1001 
0.5400 	 0.1250 	 0.0001 	 0.1000 
0.5500 	 0.1250 	 0.0000 	 0.1000 
0.5600 	 0.1250 	 0.0000 	 0.1000 
0.5700 	 0.1250 	 0.0000 	 0.1000 
0.5800 	 0.1250 	 0.0000 	 0.1000 
0.5900 	 0.1250 	 0.0000 	 0.1000 
0.6000 	 0.1250 	 0.0000 	 0.1000 
0.6100 	 0.1250 	 0.0000 	 0.1000 
0.6200 	 0.1250 	 0.0000 	 0.1000 
0.6300 	 0.1250 	 0.0000 	 0.1000 
0.6400 	 0.1250 	 0.0000 	 0.1000 
0.6500 	 0.1250 	 0.0000 	 0.1000 
0.6600 	 0.1250 	 0.0000 	 0.1000 
0.6700 	 0.1250 	 0.0000 	 0.1000 
0.6800 	 0.1250 	 0.0000 	 0.1000 
0.6900 	 0.1250 	 0.0000 	 0.1000 
0.7000 	 0.1250 	 0.0000 	 0.1000 
0.7100 	 0.1250 	 0.0000 	 0.1000 
0.7200 	 0.1250 	 0.0000 	 0.1000 
0.7300 	 0.1250 	 0.0000 	 0.1000 
0.7400 	 0.1250 	 0.0000 	 0.1000 
0.7500 	 0.1250 	 0.0000 	 0.1000 
0.7600 	 0.1250 	 0.0000 	 0.1000 
0.7700 	 0.1250 	 0.0000 	 0.1000 
0.7800 	 0.1250 	 0.0000 	 0.1000 
0.7900 	 0.1250 	 0.0000 	 0.1000 
0.8000 	 0.1250 	 0.0000 	 0.1000 
0.8100 	 0.1250 	 0.0000 	 0.1000 
0.8200 	 0.1250 	 0.0000 	 0.1000 
0.8300 	 0.1250 	 0.0000 	 0.1000 
0.8400 	 0.1250 	 0.0000 	 0.1000 
0.8500 	 0.1250 	 0.0000 	 0.1000 
0.8600 	 0.1250 	 0.0000 	 0.1000 
0.8700 	 0.1250 	 0.0000 	 0.1000 
0.8800 	 0.1250 	 0.0000 	 0.1000 
0.8900 	 0.1250 	 0.0000 	 0.1000 
0.9000 	 0.1250 	 0.0000 	 0.1000 
0.9100 	 0.1250 	 0.0000 	 0.1000 
0.9200 	 0.1250 	 0.0000 	 0.1000 
0.9300 	 0.1250 	 0.0000 	 0.1000 
0.9400 	 0.1250 	 0.0000 	 0.1000 
0.9500 	 0.1250 	 0.0000 	 0.1000 
0.9600 	 0.1250 	 0.0000 	 0.1000 
0.9700 	 0.1250 	 0.0000 	 0.1000 
0.9800 	 0.1250 	 0.0000 	 0.1000 
0.9900 	 0.1250 	 0.0000 	 0.1000 
