0.0000 	 1.0000 	 0.7500 	 1.0000 
0.0100 	 1.0000 	 0.7500 	 1.0000 
0.0200 	 1.0000 	 0.7500 	 1.0000 
0.0300 	 1.0000 	 0.7500 	 1.0000 
0.0400 	 1.0000 	 0.7500 	 1.0000 
0.0500 	 1.0000 	 0.7500 	 1.0000 
0.0600 	 1.0000 	 0.7500 	 1.0000 
0.0700 	 1.0000 	 0.7500 	 1.0000 
0.0800 	 1.0000 	 0.7500 	 1.0000 
0.0900 	 1.0000 	 0.7500 	 1.0000 
0.1000 	 1.0000 	 0.7500 	 1.0000 
0.1100 	 1.0000 	 0.7500 	 1.0000 
0.1200 	 0.9999 	 0.7501 	 0.9999 
0.1300 	 0.9998 	 0.7502 	 0.9997 
0.1400 	 0.9995 	 0.7505 	 0.9994 
0.1500 	 0.9990 	 0.7512 	 0.9986 
0.1600 	 0.9979 	 0.7525 	 0.9970 
0.1700 	 0.9958 	 0.7549 	 0.9942 
0.1800 	 0.9924 	 0.7590 	 0.9894 
0.1900 	 0.9870 	 0.7655 	 0.9819 
0.2000 	 0.9792 	 0.7748 	 0.9710 
0.2100 	 0.9686 	 0.7876 	 0.9563 
0.2200 	 0.9550 	 0.8041 	 0.9377 
0.2300 	 0.9386 	 0.8244 	 0.9152 
0.2400 	 0.9195 	 0.8483 	 0.8893 
0.2500 	 0.8981 	 0.8755 	 0.8606 
0.2600 	 0.8748 	 0.9057 	 0.8297 
0.2700 	 0.8501 	 0.9385 	 0.7971 
0.2800 	 0.8242 	 0.9737 	 0.7634 
0.2900 	 0.7974 	 1.0111 	 0.7290 
0.3000 	 0.7698 	 1.0508 	 0.6939 
0.3100 	 0.7404 	 1.0942 	 0.6573 
0.3200 	 0.6944 	 1.1651 	 0.6009 
0.3300 	 0.6652 	 1.2121 	 0.5659 
0.3400 	 0.6429 	 1.2490 	 0.5396 
0.3500 	 0.6246 	 1.2801 	 0.5183 
0.3600 	 0.6096 	 1.3061 	 0.5010 
0.3700 	 0.5979 	 1.3268 	 0.4877 
0.3800 	 0.5893 	 1.3421 	 0.4779 
0.3900 	 0.5835 	 1.3524 	 0.4715 
0.4000 	 0.5801 	 1.3585 	 0.4677 
0.4100 	 0.5783 	 1.3616 	 0.4658 
0.4200 	 0.5775 	 1.3627 	 0.4651 
0.4300 	 0.5771 	 1.3630 	 0.4650 
0.4400 	 0.5768 	 1.3628 	 0.4651 
0.4500 	 0.5761 	 1.3625 	 0.4653 
0.4600 	 0.5748 	 1.3622 	 0.4654 
0.4700 	 0.5726 	 1.3620 	 0.4655 
0.4800 	 0.5690 	 1.3619 	 0.4656 
0.4900 	 0.5634 	 1.3617 	 0.4657 
0.5000 	 0.5555 	 1.3616 	 0.4658 
0.5100 	 0.5447 	 1.3615 	 0.4659 
0.5200 	 0.5310 	 1.3614 	 0.4659 
0.5300 	 0.5142 	 1.3614 	 0.4659 
0.5400 	 0.4951 	 1.3613 	 0.4660 
0.5500 	 0.4741 	 1.3612 	 0.4660 
0.5600 	 0.4525 	 1.3612 	 0.4660 
0.5700 	 0.4312 	 1.3612 	 0.4661 
0.5800 	 0.4113 	 1.3611 	 0.4661 
0.5900 	 0.3936 	 1.3611 	 0.4661 
0.6000 	 0.3787 	 1.3610 	 0.4661 
0.6100 	 0.3666 	 1.3609 	 0.4660 
0.6200 	 0.3573 	 1.3607 	 0.4660 
0.6300 	 0.3506 	 1.3603 	 0.4658 
0.6400 	 0.3457 	 1.3594 	 0.4654 
0.6500 	 0.3423 	 1.3575 	 0.4645 
0.6600 	 0.3394 	 1.3532 	 0.4625 
0.6700 	 0.3362 	 1.3441 	 0.4583 
0.6800 	 0.3309 	 1.3242 	 0.4492 
0.6900 	 0.3207 	 1.2817 	 0.4302 
0.7000 	 0.3011 	 1.1934 	 0.3930 
0.7100 	 0.2664 	 1.0208 	 0.3284 
0.7200 	 0.2165 	 0.7269 	 0.2391 
0.7300 	 0.1666 	 0.3605 	 0.1568 
0.7400 	 0.1372 	 0.1067 	 0.1148 
0.7500 	 0.1275 	 0.0217 	 0.1029 
0.7600 	 0.1255 	 0.0039 	 0.1005 
0.7700 	 0.1251 	 0.0007 	 0.1001 
0.7800 	 0.1250 	 0.0001 	 0.1000 
0.7900 	 0.1250 	 0.0000 	 0.1000 
0.8000 	 0.1250 	 0.0000 	 0.1000 
0.8100 	 0.1250 	 0.0000 	 0.1000 
0.8200 	 0.1250 	 0.0000 	 0.1000 
0.8300 	 0.1250 	 0.0000 	 0.1000 
0.8400 	 0.1250 	 0.0000 	 0.1000 
0.8500 	 0.1250 	 0.0000 	 0.1000 
0.8600 	 0.1250 	 0.0000 	 0.1000 
0.8700 	 0.1250 	 0.0000 	 0.1000 
0.8800 	 0.1250 	 0.0000 	 0.1000 
0.8900 	 0.1250 	 0.0000 	 0.1000 
0.9000 	 0.1250 	 0.0000 	 0.1000 
0.9100 	 0.1250 	 0.0000 	 0.1000 
0.9200 	 0.1250 	 0.0000 	 0.1000 
0.9300 	 0.1250 	 0.0000 	 0.1000 
0.9400 	 0.1250 	 0.0000 	 0.1000 
0.9500 	 0.1250 	 0.0000 	 0.1000 
0.9600 	 0.1250 	 0.0000 	 0.1000 
0.9700 	 0.1250 	 0.0000 	 0.1000 
0.9800 	 0.1250 	 0.0000 	 0.1000 
0.9900 	 0.1250 	 0.0000 	 0.1000 
