0.0000 	 1.0000 	 0.7500 	 1.0000 
0.0100 	 1.0000 	 0.7500 	 1.0000 
0.0200 	 1.0000 	 0.7500 	 1.0000 
0.0300 	 1.0000 	 0.7500 	 1.0000 
0.0400 	 1.0000 	 0.7500 	 1.0000 
0.0500 	 1.0000 	 0.7500 	 1.0000 
0.0600 	 1.0000 	 0.7500 	 1.0000 
0.0700 	 1.0000 	 0.7500 	 1.0000 
0.0800 	 1.0000 	 0.7500 	 1.0000 
0.0900 	 1.0000 	 0.7500 	 1.0000 
0.1000 	 1.0000 	 0.7500 	 1.0000 
0.1100 	 1.0000 	 0.7500 	 1.0000 
0.1200 	 1.0000 	 0.7500 	 1.0000 
0.1300 	 1.0000 	 0.7500 	 1.0000 
0.1400 	 1.0000 	 0.7500 	 1.0000 
0.1500 	 1.0000 	 0.7500 	 1.0000 
0.1600 	 1.0000 	 0.7500 	 1.0000 
0.1700 	 1.0000 	 0.7500 	 1.0000 
0.1800 	 1.0000 	 0.7500 	 1.0000 
0.1900 	 1.0000 	 0.7500 	 1.0000 
0.2000 	 0.9999 	 0.7501 	 0.9999 
0.2100 	 0.9997 	 0.7503 	 0.9996 
0.2200 	 0.9990 	 0.7511 	 0.9987 
0.2300 	 0.9971 	 0.7534 	 0.9960 
0.2400 	 0.9925 	 0.7589 	 0.9895 
0.2500 	 0.9828 	 0.7705 	 0.9760 
0.2600 	 0.9654 	 0.7914 	 0.9520 
0.2700 	 0.9382 	 0.8247 	 0.9149 
0.2800 	 0.9005 	 0.8720 	 0.8643 
0.2900 	 0.8532 	 0.9337 	 0.8019 
0.3000 	 0.7979 	 1.0093 	 0.7307 
0.3100 	 0.7364 	 1.0986 	 0.6535 
0.3200 	 0.6503 	 1.2345 	 0.5497 
0.3300 	 0.6126 	 1.2976 	 0.5065 
0.3400 	 0.5897 	 1.3361 	 0.4817 
0.3500 	 0.5760 	 1.3561 	 0.4693 
0.3600 	 0.5664 	 1.3636 	 0.4647 
0.3700 	 0.5551 	 1.3650 	 0.4639 
0.3800 	 0.5380 	 1.3645 	 0.4642 
0.3900 	 0.5134 	 1.3636 	 0.4646 
0.4000 	 0.4822 	 1.3627 	 0.4647 
0.4100 	 0.4476 	 1.3612 	 0.4643 
0.4200 	 0.4134 	 1.3581 	 0.4631 
0.4300 	 0.3831 	 1.3512 	 0.4600 
0.4400 	 0.3576 	 1.3353 	 0.4527 
0.4500 	 0.3348 	 1.2986 	 0.4362 
0.4600 	 0.3088 	 1.2172 	 0.4016 
0.4700 	 0.2714 	 1.0494 	 0.3377 
0.4800 	 0.2195 	 0.7512 	 0.2453 
0.4900 	 0.1673 	 0.3686 	 0.1583 
0.5000 	 0.1368 	 0.1039 	 0.1143 
0.5100 	 0.1273 	 0.0194 	 0.1026 
0.5200 	 0.1254 	 0.0032 	 0.1004 
0.5300 	 0.1251 	 0.0005 	 0.1001 
0.5400 	 0.1250 	 0.0001 	 0.1000 
0.5500 	 0.1250 	 0.0000 	 0.1000 
0.5600 	 0.1250 	 0.0000 	 0.1000 
0.5700 	 0.1250 	 0.0000 	 0.1000 
0.5800 	 0.1250 	 0.0000 	 0.1000 
0.5900 	 0.1250 	 0.0000 	 0.1000 
0.6000 	 0.1250 	 0.0000 	 0.1000 
0.6100 	 0.1250 	 0.0000 	 0.1000 
0.6200 	 0.1250 	 0.0000 	 0.1000 
0.6300 	 0.1250 	 0.0000 	 0.1000 
0.6400 	 0.1250 	 0.0000 	 0.1000 
0.6500 	 0.1250 	 0.0000 	 0.1000 
0.6600 	 0.1250 	 0.0000 	 0.1000 
0.6700 	 0.1250 	 0.0000 	 0.1000 
0.6800 	 0.1250 	 0.0000 	 0.1000 
0.6900 	 0.1250 	 0.0000 	 0.1000 
0.7000 	 0.1250 	 0.0000 	 0.1000 
0.7100 	 0.1250 	 0.0000 	 0.1000 
0.7200 	 0.1250 	 0.0000 	 0.1000 
0.7300 	 0.1250 	 0.0000 	 0.1000 
0.7400 	 0.1250 	 0.0000 	 0.1000 
0.7500 	 0.1250 	 0.0000 	 0.1000 
0.7600 	 0.1250 	 0.0000 	 0.1000 
0.7700 	 0.1250 	 0.0000 	 0.1000 
0.7800 	 0.1250 	 0.0000 	 0.1000 
0.7900 	 0.1250 	 0.0000 	 0.1000 
0.8000 	 0.1250 	 0.0000 	 0.1000 
0.8100 	 0.1250 	 0.0000 	 0.1000 
0.8200 	 0.1250 	 0.0000 	 0.1000 
0.8300 	 0.1250 	 0.0000 	 0.1000 
0.8400 	 0.1250 	 0.0000 	 0.1000 
0.8500 	 0.1250 	 0.0000 	 0.1000 
0.8600 	 0.1250 	 0.0000 	 0.1000 
0.8700 	 0.1250 	 0.0000 	 0.1000 
0.8800 	 0.1250 	 0.0000 	 0.1000 
0.8900 	 0.1250 	 0.0000 	 0.1000 
0.9000 	 0.1250 	 0.0000 	 0.1000 
0.9100 	 0.1250 	 0.0000 	 0.1000 
0.9200 	 0.1250 	 0.0000 	 0.1000 
0.9300 	 0.1250 	 0.0000 	 0.1000 
0.9400 	 0.1250 	 0.0000 	 0.1000 
0.9500 	 0.1250 	 0.0000 	 0.1000 
0.9600 	 0.1250 	 0.0000 	 0.1000 
0.9700 	 0.1250 	 0.0000 	 0.1000 
0.9800 	 0.1250 	 0.0000 	 0.1000 
0.9900 	 0.1250 	 0.0000 	 0.1000 
