0.0000 	 1.0000 	 0.7500 	 1.0000 
0.0100 	 1.0000 	 0.7500 	 1.0000 
0.0200 	 1.0000 	 0.7500 	 1.0000 
0.0300 	 1.0000 	 0.7500 	 1.0000 
0.0400 	 1.0000 	 0.7500 	 1.0000 
0.0500 	 1.0000 	 0.7500 	 1.0000 
0.0600 	 1.0000 	 0.7500 	 1.0000 
0.0700 	 1.0000 	 0.7500 	 1.0000 
0.0800 	 1.0000 	 0.7500 	 1.0000 
0.0900 	 1.0000 	 0.7500 	 1.0000 
0.1000 	 1.0000 	 0.7500 	 1.0000 
0.1100 	 1.0000 	 0.7500 	 1.0000 
0.1200 	 1.0000 	 0.7500 	 1.0000 
0.1300 	 1.0000 	 0.7500 	 1.0000 
0.1400 	 1.0000 	 0.7500 	 1.0000 
0.1500 	 1.0000 	 0.7500 	 1.0000 
0.1600 	 1.0000 	 0.7500 	 1.0000 
0.1700 	 1.0000 	 0.7500 	 1.0000 
0.1800 	 1.0000 	 0.7500 	 1.0000 
0.1900 	 1.0000 	 0.7501 	 0.9999 
0.2000 	 0.9998 	 0.7502 	 0.9998 
0.2100 	 0.9994 	 0.7507 	 0.9992 
0.2200 	 0.9983 	 0.7520 	 0.9976 
0.2300 	 0.9955 	 0.7554 	 0.9937 
0.2400 	 0.9893 	 0.7628 	 0.9850 
0.2500 	 0.9775 	 0.7769 	 0.9687 
0.2600 	 0.9580 	 0.8004 	 0.9419 
0.2700 	 0.9295 	 0.8356 	 0.9031 
0.2800 	 0.8920 	 0.8830 	 0.8529 
0.2900 	 0.8465 	 0.9428 	 0.7931 
0.3000 	 0.7946 	 1.0141 	 0.7263 
0.3100 	 0.7378 	 1.0969 	 0.6550 
0.3200 	 0.6556 	 1.2261 	 0.5557 
0.3300 	 0.6182 	 1.2888 	 0.5124 
0.3400 	 0.5947 	 1.3289 	 0.4863 
0.3500 	 0.5806 	 1.3517 	 0.4720 
0.3600 	 0.5720 	 1.3617 	 0.4658 
0.3700 	 0.5641 	 1.3645 	 0.4641 
0.3800 	 0.5529 	 1.3645 	 0.4641 
0.3900 	 0.5355 	 1.3639 	 0.4645 
0.4000 	 0.5112 	 1.3632 	 0.4648 
0.4100 	 0.4811 	 1.3625 	 0.4650 
0.4200 	 0.4482 	 1.3615 	 0.4648 
0.4300 	 0.4158 	 1.3595 	 0.4640 
0.4400 	 0.3871 	 1.3552 	 0.4621 
0.4500 	 0.3633 	 1.3452 	 0.4575 
0.4600 	 0.3432 	 1.3223 	 0.4471 
0.4700 	 0.3227 	 1.2710 	 0.4244 
0.4800 	 0.2946 	 1.1608 	 0.3793 
0.4900 	 0.2519 	 0.9455 	 0.3028 
0.5000 	 0.1976 	 0.6010 	 0.2075 
0.5100 	 0.1524 	 0.2412 	 0.1357 
0.5200 	 0.1315 	 0.0567 	 0.1077 
0.5300 	 0.1262 	 0.0100 	 0.1013 
0.5400 	 0.1252 	 0.0016 	 0.1002 
0.5500 	 0.1250 	 0.0003 	 0.1000 
0.5600 	 0.1250 	 0.0000 	 0.1000 
0.5700 	 0.1250 	 0.0000 	 0.1000 
0.5800 	 0.1250 	 0.0000 	 0.1000 
0.5900 	 0.1250 	 0.0000 	 0.1000 
0.6000 	 0.1250 	 0.0000 	 0.1000 
0.6100 	 0.1250 	 0.0000 	 0.1000 
0.6200 	 0.1250 	 0.0000 	 0.1000 
0.6300 	 0.1250 	 0.0000 	 0.1000 
0.6400 	 0.1250 	 0.0000 	 0.1000 
0.6500 	 0.1250 	 0.0000 	 0.1000 
0.6600 	 0.1250 	 0.0000 	 0.1000 
0.6700 	 0.1250 	 0.0000 	 0.1000 
0.6800 	 0.1250 	 0.0000 	 0.1000 
0.6900 	 0.1250 	 0.0000 	 0.1000 
0.7000 	 0.1250 	 0.0000 	 0.1000 
0.7100 	 0.1250 	 0.0000 	 0.1000 
0.7200 	 0.1250 	 0.0000 	 0.1000 
0.7300 	 0.1250 	 0.0000 	 0.1000 
0.7400 	 0.1250 	 0.0000 	 0.1000 
0.7500 	 0.1250 	 0.0000 	 0.1000 
0.7600 	 0.1250 	 0.0000 	 0.1000 
0.7700 	 0.1250 	 0.0000 	 0.1000 
0.7800 	 0.1250 	 0.0000 	 0.1000 
0.7900 	 0.1250 	 0.0000 	 0.1000 
0.8000 	 0.1250 	 0.0000 	 0.1000 
0.8100 	 0.1250 	 0.0000 	 0.1000 
0.8200 	 0.1250 	 0.0000 	 0.1000 
0.8300 	 0.1250 	 0.0000 	 0.1000 
0.8400 	 0.1250 	 0.0000 	 0.1000 
0.8500 	 0.1250 	 0.0000 	 0.1000 
0.8600 	 0.1250 	 0.0000 	 0.1000 
0.8700 	 0.1250 	 0.0000 	 0.1000 
0.8800 	 0.1250 	 0.0000 	 0.1000 
0.8900 	 0.1250 	 0.0000 	 0.1000 
0.9000 	 0.1250 	 0.0000 	 0.1000 
0.9100 	 0.1250 	 0.0000 	 0.1000 
0.9200 	 0.1250 	 0.0000 	 0.1000 
0.9300 	 0.1250 	 0.0000 	 0.1000 
0.9400 	 0.1250 	 0.0000 	 0.1000 
0.9500 	 0.1250 	 0.0000 	 0.1000 
0.9600 	 0.1250 	 0.0000 	 0.1000 
0.9700 	 0.1250 	 0.0000 	 0.1000 
0.9800 	 0.1250 	 0.0000 	 0.1000 
0.9900 	 0.1250 	 0.0000 	 0.1000 
