0.0000 	 1.0000 	 0.7500 	 1.0000 
0.0100 	 1.0000 	 0.7500 	 1.0000 
0.0200 	 1.0000 	 0.7500 	 1.0000 
0.0300 	 1.0000 	 0.7500 	 1.0000 
0.0400 	 1.0000 	 0.7500 	 1.0000 
0.0500 	 1.0000 	 0.7500 	 1.0000 
0.0600 	 1.0000 	 0.7500 	 1.0000 
0.0700 	 1.0000 	 0.7500 	 1.0000 
0.0800 	 1.0000 	 0.7500 	 1.0000 
0.0900 	 1.0000 	 0.7500 	 1.0000 
0.1000 	 1.0000 	 0.7500 	 1.0000 
0.1100 	 1.0000 	 0.7500 	 1.0000 
0.1200 	 1.0000 	 0.7500 	 1.0000 
0.1300 	 1.0000 	 0.7501 	 0.9999 
0.1400 	 0.9999 	 0.7502 	 0.9998 
0.1500 	 0.9997 	 0.7504 	 0.9995 
0.1600 	 0.9992 	 0.7509 	 0.9989 
0.1700 	 0.9982 	 0.7521 	 0.9975 
0.1800 	 0.9963 	 0.7543 	 0.9949 
0.1900 	 0.9930 	 0.7584 	 0.9902 
0.2000 	 0.9874 	 0.7649 	 0.9825 
0.2100 	 0.9791 	 0.7749 	 0.9709 
0.2200 	 0.9676 	 0.7888 	 0.9550 
0.2300 	 0.9525 	 0.8072 	 0.9343 
0.2400 	 0.9340 	 0.8301 	 0.9090 
0.2500 	 0.9123 	 0.8573 	 0.8798 
0.2600 	 0.8880 	 0.8885 	 0.8472 
0.2700 	 0.8615 	 0.9232 	 0.8122 
0.2800 	 0.8333 	 0.9612 	 0.7753 
0.2900 	 0.8038 	 1.0021 	 0.7372 
0.3000 	 0.7732 	 1.0458 	 0.6983 
0.3100 	 0.7407 	 1.0937 	 0.6577 
0.3200 	 0.6896 	 1.1727 	 0.5951 
0.3300 	 0.6585 	 1.2229 	 0.5581 
0.3400 	 0.6352 	 1.2618 	 0.5307 
0.3500 	 0.6166 	 1.2936 	 0.5092 
0.3600 	 0.6021 	 1.3190 	 0.4926 
0.3700 	 0.5915 	 1.3378 	 0.4806 
0.3800 	 0.5844 	 1.3505 	 0.4727 
0.3900 	 0.5802 	 1.3579 	 0.4681 
0.4000 	 0.5780 	 1.3616 	 0.4658 
0.4100 	 0.5770 	 1.3629 	 0.4650 
0.4200 	 0.5763 	 1.3631 	 0.4649 
0.4300 	 0.5754 	 1.3629 	 0.4650 
0.4400 	 0.5738 	 1.3626 	 0.4652 
0.4500 	 0.5709 	 1.3623 	 0.4654 
0.4600 	 0.5662 	 1.3621 	 0.4655 
0.4700 	 0.5591 	 1.3619 	 0.4656 
0.4800 	 0.5489 	 1.3618 	 0.4657 
0.4900 	 0.5353 	 1.3616 	 0.4658 
0.5000 	 0.5183 	 1.3615 	 0.4658 
0.5100 	 0.4984 	 1.3615 	 0.4659 
0.5200 	 0.4763 	 1.3614 	 0.4659 
0.5300 	 0.4532 	 1.3613 	 0.4660 
0.5400 	 0.4305 	 1.3612 	 0.4660 
0.5500 	 0.4094 	 1.3612 	 0.4660 
0.5600 	 0.3908 	 1.3611 	 0.4660 
0.5700 	 0.3754 	 1.3609 	 0.4659 
0.5800 	 0.3633 	 1.3606 	 0.4658 
0.5900 	 0.3542 	 1.3599 	 0.4655 
0.6000 	 0.3476 	 1.3584 	 0.4648 
0.6100 	 0.3428 	 1.3552 	 0.4634 
0.6200 	 0.3386 	 1.3481 	 0.4601 
0.6300 	 0.3336 	 1.3327 	 0.4530 
0.6400 	 0.3250 	 1.2994 	 0.4380 
0.6500 	 0.3088 	 1.2292 	 0.4077 
0.6600 	 0.2793 	 1.0881 	 0.3524 
0.6700 	 0.2333 	 0.8334 	 0.2687 
0.6800 	 0.1808 	 0.4734 	 0.1792 
0.6900 	 0.1437 	 0.1647 	 0.1234 
0.7000 	 0.1292 	 0.0363 	 0.1049 
0.7100 	 0.1258 	 0.0066 	 0.1009 
0.7200 	 0.1251 	 0.0012 	 0.1002 
0.7300 	 0.1250 	 0.0002 	 0.1000 
0.7400 	 0.1250 	 0.0000 	 0.1000 
0.7500 	 0.1250 	 0.0000 	 0.1000 
0.7600 	 0.1250 	 0.0000 	 0.1000 
0.7700 	 0.1250 	 0.0000 	 0.1000 
0.7800 	 0.1250 	 0.0000 	 0.1000 
0.7900 	 0.1250 	 0.0000 	 0.1000 
0.8000 	 0.1250 	 0.0000 	 0.1000 
0.8100 	 0.1250 	 0.0000 	 0.1000 
0.8200 	 0.1250 	 0.0000 	 0.1000 
0.8300 	 0.1250 	 0.0000 	 0.1000 
0.8400 	 0.1250 	 0.0000 	 0.1000 
0.8500 	 0.1250 	 0.0000 	 0.1000 
0.8600 	 0.1250 	 0.0000 	 0.1000 
0.8700 	 0.1250 	 0.0000 	 0.1000 
0.8800 	 0.1250 	 0.0000 	 0.1000 
0.8900 	 0.1250 	 0.0000 	 0.1000 
0.9000 	 0.1250 	 0.0000 	 0.1000 
0.9100 	 0.1250 	 0.0000 	 0.1000 
0.9200 	 0.1250 	 0.0000 	 0.1000 
0.9300 	 0.1250 	 0.0000 	 0.1000 
0.9400 	 0.1250 	 0.0000 	 0.1000 
0.9500 	 0.1250 	 0.0000 	 0.1000 
0.9600 	 0.1250 	 0.0000 	 0.1000 
0.9700 	 0.1250 	 0.0000 	 0.1000 
0.9800 	 0.1250 	 0.0000 	 0.1000 
0.9900 	 0.1250 	 0.0000 	 0.1000 
