0.0000 	 1.0000 	 0.7500 	 1.0000 
0.0100 	 1.0000 	 0.7500 	 1.0000 
0.0200 	 1.0000 	 0.7500 	 1.0000 
0.0300 	 1.0000 	 0.7500 	 1.0000 
0.0400 	 1.0000 	 0.7500 	 1.0000 
0.0500 	 1.0000 	 0.7500 	 1.0000 
0.0600 	 1.0000 	 0.7500 	 1.0000 
0.0700 	 1.0000 	 0.7500 	 1.0000 
0.0800 	 1.0000 	 0.7500 	 1.0000 
0.0900 	 1.0000 	 0.7500 	 1.0000 
0.1000 	 1.0000 	 0.7500 	 1.0000 
0.1100 	 1.0000 	 0.7500 	 0.9999 
0.1200 	 0.9999 	 0.7501 	 0.9998 
0.1300 	 0.9997 	 0.7503 	 0.9996 
0.1400 	 0.9994 	 0.7507 	 0.9991 
0.1500 	 0.9987 	 0.7516 	 0.9981 
0.1600 	 0.9973 	 0.7532 	 0.9963 
0.1700 	 0.9949 	 0.7560 	 0.9929 
0.1800 	 0.9910 	 0.7606 	 0.9875 
0.1900 	 0.9851 	 0.7677 	 0.9792 
0.2000 	 0.9767 	 0.7778 	 0.9676 
0.2100 	 0.9656 	 0.7913 	 0.9522 
0.2200 	 0.9516 	 0.8083 	 0.9330 
0.2300 	 0.9349 	 0.8289 	 0.9103 
0.2400 	 0.9158 	 0.8529 	 0.8844 
0.2500 	 0.8946 	 0.8800 	 0.8559 
0.2600 	 0.8717 	 0.9099 	 0.8255 
0.2700 	 0.8474 	 0.9422 	 0.7935 
0.2800 	 0.8220 	 0.9767 	 0.7606 
0.2900 	 0.7959 	 1.0133 	 0.7270 
0.3000 	 0.7690 	 1.0520 	 0.6929 
0.3100 	 0.7404 	 1.0943 	 0.6571 
0.3200 	 0.6955 	 1.1634 	 0.6022 
0.3300 	 0.6668 	 1.2095 	 0.5677 
0.3400 	 0.6448 	 1.2459 	 0.5418 
0.3500 	 0.6266 	 1.2768 	 0.5205 
0.3600 	 0.6115 	 1.3028 	 0.5032 
0.3700 	 0.5996 	 1.3238 	 0.4896 
0.3800 	 0.5907 	 1.3397 	 0.4795 
0.3900 	 0.5845 	 1.3507 	 0.4726 
0.4000 	 0.5807 	 1.3574 	 0.4684 
0.4100 	 0.5787 	 1.3610 	 0.4662 
0.4200 	 0.5778 	 1.3625 	 0.4652 
0.4300 	 0.5773 	 1.3629 	 0.4650 
0.4400 	 0.5771 	 1.3628 	 0.4651 
0.4500 	 0.5766 	 1.3626 	 0.4652 
0.4600 	 0.5758 	 1.3623 	 0.4654 
0.4700 	 0.5742 	 1.3621 	 0.4655 
0.4800 	 0.5716 	 1.3619 	 0.4656 
0.4900 	 0.5674 	 1.3617 	 0.4657 
0.5000 	 0.5612 	 1.3616 	 0.4658 
0.5100 	 0.5526 	 1.3615 	 0.4659 
0.5200 	 0.5411 	 1.3614 	 0.4659 
0.5300 	 0.5268 	 1.3614 	 0.4659 
0.5400 	 0.5096 	 1.3613 	 0.4660 
0.5500 	 0.4902 	 1.3612 	 0.4660 
0.5600 	 0.4694 	 1.3612 	 0.4660 
0.5700 	 0.4481 	 1.3612 	 0.4661 
0.5800 	 0.4273 	 1.3611 	 0.4661 
0.5900 	 0.4081 	 1.3611 	 0.4661 
0.6000 	 0.3911 	 1.3610 	 0.4661 
0.6100 	 0.3768 	 1.3610 	 0.4661 
0.6200 	 0.3653 	 1.3609 	 0.4661 
0.6300 	 0.3565 	 1.3607 	 0.4660 
0.6400 	 0.3501 	 1.3604 	 0.4658 
0.6500 	 0.3456 	 1.3596 	 0.4655 
0.6600 	 0.3423 	 1.3580 	 0.4648 
0.6700 	 0.3398 	 1.3546 	 0.4632 
0.6800 	 0.3369 	 1.3470 	 0.4596 
0.6900 	 0.3324 	 1.3305 	 0.4520 
0.7000 	 0.3239 	 1.2952 	 0.4361 
0.7100 	 0.3071 	 1.2212 	 0.4044 
0.7200 	 0.2765 	 1.0737 	 0.3472 
0.7300 	 0.2297 	 0.8110 	 0.2623 
0.7400 	 0.1777 	 0.4489 	 0.1741 
0.7500 	 0.1422 	 0.1513 	 0.1214 
0.7600 	 0.1288 	 0.0329 	 0.1044 
0.7700 	 0.1257 	 0.0060 	 0.1008 
0.7800 	 0.1251 	 0.0011 	 0.1001 
0.7900 	 0.1250 	 0.0002 	 0.1000 
0.8000 	 0.1250 	 0.0000 	 0.1000 
0.8100 	 0.1250 	 0.0000 	 0.1000 
0.8200 	 0.1250 	 0.0000 	 0.1000 
0.8300 	 0.1250 	 0.0000 	 0.1000 
0.8400 	 0.1250 	 0.0000 	 0.1000 
0.8500 	 0.1250 	 0.0000 	 0.1000 
0.8600 	 0.1250 	 0.0000 	 0.1000 
0.8700 	 0.1250 	 0.0000 	 0.1000 
0.8800 	 0.1250 	 0.0000 	 0.1000 
0.8900 	 0.1250 	 0.0000 	 0.1000 
0.9000 	 0.1250 	 0.0000 	 0.1000 
0.9100 	 0.1250 	 0.0000 	 0.1000 
0.9200 	 0.1250 	 0.0000 	 0.1000 
0.9300 	 0.1250 	 0.0000 	 0.1000 
0.9400 	 0.1250 	 0.0000 	 0.1000 
0.9500 	 0.1250 	 0.0000 	 0.1000 
0.9600 	 0.1250 	 0.0000 	 0.1000 
0.9700 	 0.1250 	 0.0000 	 0.1000 
0.9800 	 0.1250 	 0.0000 	 0.1000 
0.9900 	 0.1250 	 0.0000 	 0.1000 
