0.0000 	 1.0000 	 0.7500 	 1.0000 
0.0100 	 1.0000 	 0.7500 	 1.0000 
0.0200 	 1.0000 	 0.7500 	 1.0000 
0.0300 	 1.0000 	 0.7500 	 1.0000 
0.0400 	 1.0000 	 0.7500 	 1.0000 
0.0500 	 1.0000 	 0.7500 	 1.0000 
0.0600 	 1.0000 	 0.7500 	 1.0000 
0.0700 	 1.0000 	 0.7500 	 1.0000 
0.0800 	 1.0000 	 0.7500 	 1.0000 
0.0900 	 1.0000 	 0.7500 	 1.0000 
0.1000 	 1.0000 	 0.7500 	 1.0000 
0.1100 	 1.0000 	 0.7500 	 1.0000 
0.1200 	 1.0000 	 0.7500 	 1.0000 
0.1300 	 1.0000 	 0.7500 	 1.0000 
0.1400 	 1.0000 	 0.7500 	 1.0000 
0.1500 	 1.0000 	 0.7500 	 1.0000 
0.1600 	 1.0000 	 0.7500 	 1.0000 
0.1700 	 1.0000 	 0.7500 	 1.0000 
0.1800 	 1.0000 	 0.7500 	 1.0000 
0.1900 	 1.0000 	 0.7500 	 1.0000 
0.2000 	 1.0000 	 0.7500 	 1.0000 
0.2100 	 0.9999 	 0.7502 	 0.9998 
0.2200 	 0.9995 	 0.7506 	 0.9993 
0.2300 	 0.9983 	 0.7520 	 0.9977 
0.2400 	 0.9951 	 0.7558 	 0.9932 
0.2500 	 0.9876 	 0.7648 	 0.9827 
0.2600 	 0.9726 	 0.7827 	 0.9620 
0.2700 	 0.9473 	 0.8135 	 0.9273 
0.2800 	 0.9099 	 0.8600 	 0.8770 
0.2900 	 0.8608 	 0.9234 	 0.8121 
0.3000 	 0.8017 	 1.0038 	 0.7357 
0.3100 	 0.7345 	 1.1011 	 0.6515 
0.3200 	 0.6443 	 1.2438 	 0.5432 
0.3300 	 0.6064 	 1.3070 	 0.5004 
0.3400 	 0.5840 	 1.3433 	 0.4772 
0.3500 	 0.5701 	 1.3599 	 0.4670 
0.3600 	 0.5577 	 1.3650 	 0.4639 
0.3700 	 0.5407 	 1.3652 	 0.4638 
0.3800 	 0.5158 	 1.3642 	 0.4642 
0.3900 	 0.4833 	 1.3628 	 0.4643 
0.4000 	 0.4467 	 1.3606 	 0.4637 
0.4100 	 0.4103 	 1.3558 	 0.4616 
0.4200 	 0.3779 	 1.3448 	 0.4566 
0.4300 	 0.3500 	 1.3189 	 0.4449 
0.4400 	 0.3229 	 1.2599 	 0.4191 
0.4500 	 0.2891 	 1.1321 	 0.3677 
0.4600 	 0.2413 	 0.8858 	 0.2839 
0.4700 	 0.1857 	 0.5148 	 0.1879 
0.4800 	 0.1451 	 0.1783 	 0.1255 
0.4900 	 0.1293 	 0.0369 	 0.1049 
0.5000 	 0.1257 	 0.0060 	 0.1008 
0.5100 	 0.1251 	 0.0009 	 0.1001 
0.5200 	 0.1250 	 0.0001 	 0.1000 
0.5300 	 0.1250 	 0.0000 	 0.1000 
0.5400 	 0.1250 	 0.0000 	 0.1000 
0.5500 	 0.1250 	 0.0000 	 0.1000 
0.5600 	 0.1250 	 0.0000 	 0.1000 
0.5700 	 0.1250 	 0.0000 	 0.1000 
0.5800 	 0.1250 	 0.0000 	 0.1000 
0.5900 	 0.1250 	 0.0000 	 0.1000 
0.6000 	 0.1250 	 0.0000 	 0.1000 
0.6100 	 0.1250 	 0.0000 	 0.1000 
0.6200 	 0.1250 	 0.0000 	 0.1000 
0.6300 	 0.1250 	 0.0000 	 0.1000 
0.6400 	 0.1250 	 0.0000 	 0.1000 
0.6500 	 0.1250 	 0.0000 	 0.1000 
0.6600 	 0.1250 	 0.0000 	 0.1000 
0.6700 	 0.1250 	 0.0000 	 0.1000 
0.6800 	 0.1250 	 0.0000 	 0.1000 
0.6900 	 0.1250 	 0.0000 	 0.1000 
0.7000 	 0.1250 	 0.0000 	 0.1000 
0.7100 	 0.1250 	 0.0000 	 0.1000 
0.7200 	 0.1250 	 0.0000 	 0.1000 
0.7300 	 0.1250 	 0.0000 	 0.1000 
0.7400 	 0.1250 	 0.0000 	 0.1000 
0.7500 	 0.1250 	 0.0000 	 0.1000 
0.7600 	 0.1250 	 0.0000 	 0.1000 
0.7700 	 0.1250 	 0.0000 	 0.1000 
0.7800 	 0.1250 	 0.0000 	 0.1000 
0.7900 	 0.1250 	 0.0000 	 0.1000 
0.8000 	 0.1250 	 0.0000 	 0.1000 
0.8100 	 0.1250 	 0.0000 	 0.1000 
0.8200 	 0.1250 	 0.0000 	 0.1000 
0.8300 	 0.1250 	 0.0000 	 0.1000 
0.8400 	 0.1250 	 0.0000 	 0.1000 
0.8500 	 0.1250 	 0.0000 	 0.1000 
0.8600 	 0.1250 	 0.0000 	 0.1000 
0.8700 	 0.1250 	 0.0000 	 0.1000 
0.8800 	 0.1250 	 0.0000 	 0.1000 
0.8900 	 0.1250 	 0.0000 	 0.1000 
0.9000 	 0.1250 	 0.0000 	 0.1000 
0.9100 	 0.1250 	 0.0000 	 0.1000 
0.9200 	 0.1250 	 0.0000 	 0.1000 
0.9300 	 0.1250 	 0.0000 	 0.1000 
0.9400 	 0.1250 	 0.0000 	 0.1000 
0.9500 	 0.1250 	 0.0000 	 0.1000 
0.9600 	 0.1250 	 0.0000 	 0.1000 
0.9700 	 0.1250 	 0.0000 	 0.1000 
0.9800 	 0.1250 	 0.0000 	 0.1000 
0.9900 	 0.1250 	 0.0000 	 0.1000 
