0.0000 	 1.0000 	 0.7500 	 1.0000 
0.0100 	 1.0000 	 0.7500 	 1.0000 
0.0200 	 1.0000 	 0.7500 	 1.0000 
0.0300 	 1.0000 	 0.7500 	 1.0000 
0.0400 	 1.0000 	 0.7500 	 1.0000 
0.0500 	 1.0000 	 0.7500 	 1.0000 
0.0600 	 1.0000 	 0.7500 	 1.0000 
0.0700 	 1.0000 	 0.7500 	 1.0000 
0.0800 	 1.0000 	 0.7500 	 1.0000 
0.0900 	 1.0000 	 0.7500 	 1.0000 
0.1000 	 1.0000 	 0.7500 	 1.0000 
0.1100 	 1.0000 	 0.7500 	 1.0000 
0.1200 	 1.0000 	 0.7500 	 1.0000 
0.1300 	 1.0000 	 0.7500 	 1.0000 
0.1400 	 1.0000 	 0.7500 	 1.0000 
0.1500 	 1.0000 	 0.7500 	 1.0000 
0.1600 	 1.0000 	 0.7500 	 1.0000 
0.1700 	 1.0000 	 0.7500 	 1.0000 
0.1800 	 1.0000 	 0.7500 	 1.0000 
0.1900 	 0.9999 	 0.7501 	 0.9999 
0.2000 	 0.9998 	 0.7503 	 0.9997 
0.2100 	 0.9992 	 0.7509 	 0.9989 
0.2200 	 0.9977 	 0.7527 	 0.9968 
0.2300 	 0.9943 	 0.7568 	 0.9920 
0.2400 	 0.9871 	 0.7654 	 0.9820 
0.2500 	 0.9741 	 0.7809 	 0.9640 
0.2600 	 0.9535 	 0.8059 	 0.9358 
0.2700 	 0.9245 	 0.8418 	 0.8964 
0.2800 	 0.8872 	 0.8892 	 0.8465 
0.2900 	 0.8428 	 0.9477 	 0.7882 
0.3000 	 0.7929 	 1.0167 	 0.7240 
0.3100 	 0.7384 	 1.0961 	 0.6556 
0.3200 	 0.6585 	 1.2216 	 0.5590 
0.3300 	 0.6213 	 1.2838 	 0.5157 
0.3400 	 0.5975 	 1.3246 	 0.4890 
0.3500 	 0.5830 	 1.3488 	 0.4737 
0.3600 	 0.5744 	 1.3603 	 0.4666 
0.3700 	 0.5678 	 1.3641 	 0.4643 
0.3800 	 0.5591 	 1.3645 	 0.4641 
0.3900 	 0.5454 	 1.3640 	 0.4645 
0.4000 	 0.5252 	 1.3633 	 0.4648 
0.4100 	 0.4987 	 1.3628 	 0.4651 
0.4200 	 0.4678 	 1.3621 	 0.4651 
0.4300 	 0.4356 	 1.3611 	 0.4648 
0.4400 	 0.4053 	 1.3590 	 0.4640 
0.4500 	 0.3793 	 1.3544 	 0.4619 
0.4600 	 0.3581 	 1.3439 	 0.4571 
0.4700 	 0.3400 	 1.3199 	 0.4461 
0.4800 	 0.3205 	 1.2665 	 0.4226 
0.4900 	 0.2926 	 1.1527 	 0.3762 
0.5000 	 0.2496 	 0.9325 	 0.2987 
0.5100 	 0.1954 	 0.5851 	 0.2038 
0.5200 	 0.1512 	 0.2307 	 0.1340 
0.5300 	 0.1312 	 0.0537 	 0.1072 
0.5400 	 0.1261 	 0.0095 	 0.1013 
0.5500 	 0.1252 	 0.0016 	 0.1002 
0.5600 	 0.1250 	 0.0002 	 0.1000 
0.5700 	 0.1250 	 0.0000 	 0.1000 
0.5800 	 0.1250 	 0.0000 	 0.1000 
0.5900 	 0.1250 	 0.0000 	 0.1000 
0.6000 	 0.1250 	 0.0000 	 0.1000 
0.6100 	 0.1250 	 0.0000 	 0.1000 
0.6200 	 0.1250 	 0.0000 	 0.1000 
0.6300 	 0.1250 	 0.0000 	 0.1000 
0.6400 	 0.1250 	 0.0000 	 0.1000 
0.6500 	 0.1250 	 0.0000 	 0.1000 
0.6600 	 0.1250 	 0.0000 	 0.1000 
0.6700 	 0.1250 	 0.0000 	 0.1000 
0.6800 	 0.1250 	 0.0000 	 0.1000 
0.6900 	 0.1250 	 0.0000 	 0.1000 
0.7000 	 0.1250 	 0.0000 	 0.1000 
0.7100 	 0.1250 	 0.0000 	 0.1000 
0.7200 	 0.1250 	 0.0000 	 0.1000 
0.7300 	 0.1250 	 0.0000 	 0.1000 
0.7400 	 0.1250 	 0.0000 	 0.1000 
0.7500 	 0.1250 	 0.0000 	 0.1000 
0.7600 	 0.1250 	 0.0000 	 0.1000 
0.7700 	 0.1250 	 0.0000 	 0.1000 
0.7800 	 0.1250 	 0.0000 	 0.1000 
0.7900 	 0.1250 	 0.0000 	 0.1000 
0.8000 	 0.1250 	 0.0000 	 0.1000 
0.8100 	 0.1250 	 0.0000 	 0.1000 
0.8200 	 0.1250 	 0.0000 	 0.1000 
0.8300 	 0.1250 	 0.0000 	 0.1000 
0.8400 	 0.1250 	 0.0000 	 0.1000 
0.8500 	 0.1250 	 0.0000 	 0.1000 
0.8600 	 0.1250 	 0.0000 	 0.1000 
0.8700 	 0.1250 	 0.0000 	 0.1000 
0.8800 	 0.1250 	 0.0000 	 0.1000 
0.8900 	 0.1250 	 0.0000 	 0.1000 
0.9000 	 0.1250 	 0.0000 	 0.1000 
0.9100 	 0.1250 	 0.0000 	 0.1000 
0.9200 	 0.1250 	 0.0000 	 0.1000 
0.9300 	 0.1250 	 0.0000 	 0.1000 
0.9400 	 0.1250 	 0.0000 	 0.1000 
0.9500 	 0.1250 	 0.0000 	 0.1000 
0.9600 	 0.1250 	 0.0000 	 0.1000 
0.9700 	 0.1250 	 0.0000 	 0.1000 
0.9800 	 0.1250 	 0.0000 	 0.1000 
0.9900 	 0.1250 	 0.0000 	 0.1000 
