0.0000 	 1.0000 	 0.7500 	 1.0000 
0.0100 	 1.0000 	 0.7500 	 1.0000 
0.0200 	 1.0000 	 0.7500 	 1.0000 
0.0300 	 1.0000 	 0.7500 	 1.0000 
0.0400 	 1.0000 	 0.7500 	 1.0000 
0.0500 	 1.0000 	 0.7500 	 1.0000 
0.0600 	 1.0000 	 0.7500 	 1.0000 
0.0700 	 1.0000 	 0.7500 	 1.0000 
0.0800 	 1.0000 	 0.7500 	 1.0000 
0.0900 	 1.0000 	 0.7500 	 1.0000 
0.1000 	 1.0000 	 0.7500 	 1.0000 
0.1100 	 1.0000 	 0.7500 	 1.0000 
0.1200 	 0.9999 	 0.7501 	 0.9999 
0.1300 	 0.9998 	 0.7503 	 0.9997 
0.1400 	 0.9995 	 0.7506 	 0.9993 
0.1500 	 0.9988 	 0.7514 	 0.9984 
0.1600 	 0.9976 	 0.7528 	 0.9966 
0.1700 	 0.9954 	 0.7555 	 0.9936 
0.1800 	 0.9917 	 0.7598 	 0.9884 
0.1900 	 0.9861 	 0.7666 	 0.9806 
0.2000 	 0.9780 	 0.7763 	 0.9693 
0.2100 	 0.9671 	 0.7894 	 0.9543 
0.2200 	 0.9533 	 0.8062 	 0.9354 
0.2300 	 0.9367 	 0.8267 	 0.9127 
0.2400 	 0.9176 	 0.8506 	 0.8869 
0.2500 	 0.8963 	 0.8778 	 0.8583 
0.2600 	 0.8732 	 0.9078 	 0.8276 
0.2700 	 0.8487 	 0.9404 	 0.7953 
0.2800 	 0.8231 	 0.9753 	 0.7620 
0.2900 	 0.7966 	 1.0122 	 0.7280 
0.3000 	 0.7694 	 1.0514 	 0.6934 
0.3100 	 0.7404 	 1.0942 	 0.6572 
0.3200 	 0.6950 	 1.1642 	 0.6015 
0.3300 	 0.6660 	 1.2108 	 0.5668 
0.3400 	 0.6439 	 1.2474 	 0.5407 
0.3500 	 0.6256 	 1.2784 	 0.5194 
0.3600 	 0.6106 	 1.3044 	 0.5021 
0.3700 	 0.5987 	 1.3253 	 0.4886 
0.3800 	 0.5900 	 1.3409 	 0.4787 
0.3900 	 0.5840 	 1.3516 	 0.4720 
0.4000 	 0.5804 	 1.3580 	 0.4680 
0.4100 	 0.5785 	 1.3613 	 0.4660 
0.4200 	 0.5776 	 1.3626 	 0.4652 
0.4300 	 0.5772 	 1.3629 	 0.4650 
0.4400 	 0.5769 	 1.3628 	 0.4651 
0.4500 	 0.5764 	 1.3625 	 0.4652 
0.4600 	 0.5753 	 1.3623 	 0.4654 
0.4700 	 0.5735 	 1.3620 	 0.4655 
0.4800 	 0.5704 	 1.3619 	 0.4656 
0.4900 	 0.5656 	 1.3617 	 0.4657 
0.5000 	 0.5585 	 1.3616 	 0.4658 
0.5100 	 0.5489 	 1.3615 	 0.4659 
0.5200 	 0.5363 	 1.3614 	 0.4659 
0.5300 	 0.5207 	 1.3614 	 0.4659 
0.5400 	 0.5025 	 1.3613 	 0.4660 
0.5500 	 0.4823 	 1.3612 	 0.4660 
0.5600 	 0.4610 	 1.3612 	 0.4660 
0.5700 	 0.4396 	 1.3612 	 0.4661 
0.5800 	 0.4192 	 1.3611 	 0.4661 
0.5900 	 0.4007 	 1.3611 	 0.4661 
0.6000 	 0.3847 	 1.3610 	 0.4661 
0.6100 	 0.3715 	 1.3609 	 0.4661 
0.6200 	 0.3611 	 1.3608 	 0.4660 
0.6300 	 0.3534 	 1.3605 	 0.4659 
0.6400 	 0.3478 	 1.3600 	 0.4657 
0.6500 	 0.3439 	 1.3588 	 0.4651 
0.6600 	 0.3409 	 1.3562 	 0.4639 
0.6700 	 0.3382 	 1.3506 	 0.4613 
0.6800 	 0.3345 	 1.3383 	 0.4556 
0.6900 	 0.3278 	 1.3117 	 0.4435 
0.7000 	 0.3148 	 1.2555 	 0.4189 
0.7100 	 0.2900 	 1.1407 	 0.3723 
0.7200 	 0.2490 	 0.9251 	 0.2967 
0.7300 	 0.1964 	 0.5895 	 0.2049 
0.7400 	 0.1526 	 0.2425 	 0.1359 
0.7500 	 0.1320 	 0.0603 	 0.1082 
0.7600 	 0.1263 	 0.0114 	 0.1015 
0.7700 	 0.1252 	 0.0020 	 0.1003 
0.7800 	 0.1250 	 0.0004 	 0.1000 
0.7900 	 0.1250 	 0.0001 	 0.1000 
0.8000 	 0.1250 	 0.0000 	 0.1000 
0.8100 	 0.1250 	 0.0000 	 0.1000 
0.8200 	 0.1250 	 0.0000 	 0.1000 
0.8300 	 0.1250 	 0.0000 	 0.1000 
0.8400 	 0.1250 	 0.0000 	 0.1000 
0.8500 	 0.1250 	 0.0000 	 0.1000 
0.8600 	 0.1250 	 0.0000 	 0.1000 
0.8700 	 0.1250 	 0.0000 	 0.1000 
0.8800 	 0.1250 	 0.0000 	 0.1000 
0.8900 	 0.1250 	 0.0000 	 0.1000 
0.9000 	 0.1250 	 0.0000 	 0.1000 
0.9100 	 0.1250 	 0.0000 	 0.1000 
0.9200 	 0.1250 	 0.0000 	 0.1000 
0.9300 	 0.1250 	 0.0000 	 0.1000 
0.9400 	 0.1250 	 0.0000 	 0.1000 
0.9500 	 0.1250 	 0.0000 	 0.1000 
0.9600 	 0.1250 	 0.0000 	 0.1000 
0.9700 	 0.1250 	 0.0000 	 0.1000 
0.9800 	 0.1250 	 0.0000 	 0.1000 
0.9900 	 0.1250 	 0.0000 	 0.1000 
