0.0000 	 1.0000 	 0.7500 	 1.0000 
0.0100 	 1.0000 	 0.7500 	 1.0000 
0.0200 	 1.0000 	 0.7500 	 1.0000 
0.0300 	 1.0000 	 0.7500 	 1.0000 
0.0400 	 1.0000 	 0.7500 	 1.0000 
0.0500 	 1.0000 	 0.7500 	 1.0000 
0.0600 	 1.0000 	 0.7500 	 1.0000 
0.0700 	 1.0000 	 0.7500 	 1.0000 
0.0800 	 1.0000 	 0.7500 	 1.0000 
0.0900 	 1.0000 	 0.7500 	 1.0000 
0.1000 	 1.0000 	 0.7500 	 1.0000 
0.1100 	 1.0000 	 0.7500 	 1.0000 
0.1200 	 1.0000 	 0.7500 	 1.0000 
0.1300 	 1.0000 	 0.7500 	 1.0000 
0.1400 	 1.0000 	 0.7500 	 1.0000 
0.1500 	 0.9999 	 0.7501 	 0.9999 
0.1600 	 0.9998 	 0.7502 	 0.9997 
0.1700 	 0.9995 	 0.7506 	 0.9993 
0.1800 	 0.9987 	 0.7515 	 0.9982 
0.1900 	 0.9971 	 0.7534 	 0.9959 
0.2000 	 0.9940 	 0.7571 	 0.9916 
0.2100 	 0.9886 	 0.7636 	 0.9841 
0.2200 	 0.9800 	 0.7739 	 0.9721 
0.2300 	 0.9674 	 0.7890 	 0.9548 
0.2400 	 0.9506 	 0.8095 	 0.9317 
0.2500 	 0.9295 	 0.8356 	 0.9030 
0.2600 	 0.9045 	 0.8672 	 0.8693 
0.2700 	 0.8762 	 0.9038 	 0.8316 
0.2800 	 0.8452 	 0.9450 	 0.7909 
0.2900 	 0.8122 	 0.9902 	 0.7481 
0.3000 	 0.7775 	 1.0393 	 0.7039 
0.3100 	 0.7408 	 1.0934 	 0.6579 
0.3200 	 0.6830 	 1.1829 	 0.5874 
0.3300 	 0.6499 	 1.2368 	 0.5481 
0.3400 	 0.6257 	 1.2777 	 0.5199 
0.3500 	 0.6073 	 1.3095 	 0.4988 
0.3600 	 0.5940 	 1.3331 	 0.4836 
0.3700 	 0.5852 	 1.3487 	 0.4738 
0.3800 	 0.5800 	 1.3577 	 0.4682 
0.3900 	 0.5773 	 1.3619 	 0.4656 
0.4000 	 0.5758 	 1.3633 	 0.4648 
0.4100 	 0.5744 	 1.3634 	 0.4647 
0.4200 	 0.5720 	 1.3631 	 0.4649 
0.4300 	 0.5680 	 1.3627 	 0.4651 
0.4400 	 0.5613 	 1.3624 	 0.4653 
0.4500 	 0.5513 	 1.3621 	 0.4655 
0.4600 	 0.5373 	 1.3620 	 0.4656 
0.4700 	 0.5194 	 1.3618 	 0.4657 
0.4800 	 0.4979 	 1.3617 	 0.4658 
0.4900 	 0.4740 	 1.3616 	 0.4658 
0.5000 	 0.4490 	 1.3615 	 0.4659 
0.5100 	 0.4247 	 1.3613 	 0.4659 
0.5200 	 0.4025 	 1.3611 	 0.4658 
0.5300 	 0.3836 	 1.3608 	 0.4657 
0.5400 	 0.3684 	 1.3601 	 0.4655 
0.5500 	 0.3568 	 1.3587 	 0.4648 
0.5600 	 0.3483 	 1.3556 	 0.4634 
0.5700 	 0.3416 	 1.3487 	 0.4602 
0.5800 	 0.3350 	 1.3334 	 0.4532 
0.5900 	 0.3256 	 1.3003 	 0.4382 
0.6000 	 0.3090 	 1.2299 	 0.4079 
0.6100 	 0.2791 	 1.0879 	 0.3523 
0.6200 	 0.2329 	 0.8311 	 0.2680 
0.6300 	 0.1802 	 0.4690 	 0.1783 
0.6400 	 0.1433 	 0.1613 	 0.1229 
0.6500 	 0.1291 	 0.0352 	 0.1047 
0.6600 	 0.1257 	 0.0064 	 0.1008 
0.6700 	 0.1251 	 0.0011 	 0.1001 
0.6800 	 0.1250 	 0.0002 	 0.1000 
0.6900 	 0.1250 	 0.0000 	 0.1000 
0.7000 	 0.1250 	 0.0000 	 0.1000 
0.7100 	 0.1250 	 0.0000 	 0.1000 
0.7200 	 0.1250 	 0.0000 	 0.1000 
0.7300 	 0.1250 	 0.0000 	 0.1000 
0.7400 	 0.1250 	 0.0000 	 0.1000 
0.7500 	 0.1250 	 0.0000 	 0.1000 
0.7600 	 0.1250 	 0.0000 	 0.1000 
0.7700 	 0.1250 	 0.0000 	 0.1000 
0.7800 	 0.1250 	 0.0000 	 0.1000 
0.7900 	 0.1250 	 0.0000 	 0.1000 
0.8000 	 0.1250 	 0.0000 	 0.1000 
0.8100 	 0.1250 	 0.0000 	 0.1000 
0.8200 	 0.1250 	 0.0000 	 0.1000 
0.8300 	 0.1250 	 0.0000 	 0.1000 
0.8400 	 0.1250 	 0.0000 	 0.1000 
0.8500 	 0.1250 	 0.0000 	 0.1000 
0.8600 	 0.1250 	 0.0000 	 0.1000 
0.8700 	 0.1250 	 0.0000 	 0.1000 
0.8800 	 0.1250 	 0.0000 	 0.1000 
0.8900 	 0.1250 	 0.0000 	 0.1000 
0.9000 	 0.1250 	 0.0000 	 0.1000 
0.9100 	 0.1250 	 0.0000 	 0.1000 
0.9200 	 0.1250 	 0.0000 	 0.1000 
0.9300 	 0.1250 	 0.0000 	 0.1000 
0.9400 	 0.1250 	 0.0000 	 0.1000 
0.9500 	 0.1250 	 0.0000 	 0.1000 
0.9600 	 0.1250 	 0.0000 	 0.1000 
0.9700 	 0.1250 	 0.0000 	 0.1000 
0.9800 	 0.1250 	 0.0000 	 0.1000 
0.9900 	 0.1250 	 0.0000 	 0.1000 
