0.0000 	 1.0000 	 0.7500 	 1.0000 
0.0100 	 1.0000 	 0.7500 	 1.0000 
0.0200 	 1.0000 	 0.7500 	 1.0000 
0.0300 	 1.0000 	 0.7500 	 1.0000 
0.0400 	 1.0000 	 0.7500 	 1.0000 
0.0500 	 1.0000 	 0.7500 	 1.0000 
0.0600 	 1.0000 	 0.7500 	 1.0000 
0.0700 	 1.0000 	 0.7500 	 1.0000 
0.0800 	 1.0000 	 0.7500 	 1.0000 
0.0900 	 1.0000 	 0.7500 	 1.0000 
0.1000 	 1.0000 	 0.7500 	 1.0000 
0.1100 	 1.0000 	 0.7500 	 1.0000 
0.1200 	 1.0000 	 0.7500 	 1.0000 
0.1300 	 1.0000 	 0.7500 	 1.0000 
0.1400 	 0.9999 	 0.7501 	 0.9999 
0.1500 	 0.9998 	 0.7502 	 0.9998 
0.1600 	 0.9996 	 0.7505 	 0.9994 
0.1700 	 0.9990 	 0.7512 	 0.9986 
0.1800 	 0.9977 	 0.7527 	 0.9968 
0.1900 	 0.9953 	 0.7556 	 0.9934 
0.2000 	 0.9910 	 0.7606 	 0.9875 
0.2100 	 0.9842 	 0.7689 	 0.9779 
0.2200 	 0.9740 	 0.7811 	 0.9638 
0.2300 	 0.9600 	 0.7980 	 0.9446 
0.2400 	 0.9422 	 0.8199 	 0.9202 
0.2500 	 0.9207 	 0.8467 	 0.8910 
0.2600 	 0.8959 	 0.8782 	 0.8578 
0.2700 	 0.8685 	 0.9140 	 0.8214 
0.2800 	 0.8389 	 0.9535 	 0.7826 
0.2900 	 0.8077 	 0.9964 	 0.7423 
0.3000 	 0.7752 	 1.0427 	 0.7010 
0.3100 	 0.7408 	 1.0935 	 0.6578 
0.3200 	 0.6865 	 1.1774 	 0.5915 
0.3300 	 0.6545 	 1.2295 	 0.5533 
0.3400 	 0.6307 	 1.2694 	 0.5255 
0.3500 	 0.6121 	 1.3014 	 0.5041 
0.3600 	 0.5981 	 1.3260 	 0.4881 
0.3700 	 0.5883 	 1.3434 	 0.4771 
0.3800 	 0.5821 	 1.3544 	 0.4703 
0.3900 	 0.5787 	 1.3602 	 0.4667 
0.4000 	 0.5770 	 1.3626 	 0.4652 
0.4100 	 0.5760 	 1.3633 	 0.4648 
0.4200 	 0.5749 	 1.3632 	 0.4649 
0.4300 	 0.5730 	 1.3628 	 0.4651 
0.4400 	 0.5696 	 1.3625 	 0.4653 
0.4500 	 0.5640 	 1.3622 	 0.4654 
0.4600 	 0.5555 	 1.3620 	 0.4656 
0.4700 	 0.5436 	 1.3618 	 0.4657 
0.4800 	 0.5280 	 1.3617 	 0.4657 
0.4900 	 0.5089 	 1.3616 	 0.4658 
0.5000 	 0.4869 	 1.3615 	 0.4659 
0.5100 	 0.4632 	 1.3614 	 0.4659 
0.5200 	 0.4393 	 1.3613 	 0.4659 
0.5300 	 0.4166 	 1.3612 	 0.4659 
0.5400 	 0.3963 	 1.3611 	 0.4659 
0.5500 	 0.3792 	 1.3609 	 0.4659 
0.5600 	 0.3657 	 1.3604 	 0.4657 
0.5700 	 0.3555 	 1.3594 	 0.4652 
0.5800 	 0.3480 	 1.3573 	 0.4642 
0.5900 	 0.3424 	 1.3526 	 0.4621 
0.6000 	 0.3372 	 1.3422 	 0.4573 
0.6100 	 0.3303 	 1.3196 	 0.4469 
0.6200 	 0.3184 	 1.2711 	 0.4255 
0.6300 	 0.2961 	 1.1706 	 0.3839 
0.6400 	 0.2581 	 0.9769 	 0.3135 
0.6500 	 0.2064 	 0.6596 	 0.2218 
0.6600 	 0.1590 	 0.2975 	 0.1454 
0.6700 	 0.1342 	 0.0798 	 0.1109 
0.6800 	 0.1268 	 0.0155 	 0.1021 
0.6900 	 0.1253 	 0.0027 	 0.1004 
0.7000 	 0.1251 	 0.0005 	 0.1001 
0.7100 	 0.1250 	 0.0001 	 0.1000 
0.7200 	 0.1250 	 0.0000 	 0.1000 
0.7300 	 0.1250 	 0.0000 	 0.1000 
0.7400 	 0.1250 	 0.0000 	 0.1000 
0.7500 	 0.1250 	 0.0000 	 0.1000 
0.7600 	 0.1250 	 0.0000 	 0.1000 
0.7700 	 0.1250 	 0.0000 	 0.1000 
0.7800 	 0.1250 	 0.0000 	 0.1000 
0.7900 	 0.1250 	 0.0000 	 0.1000 
0.8000 	 0.1250 	 0.0000 	 0.1000 
0.8100 	 0.1250 	 0.0000 	 0.1000 
0.8200 	 0.1250 	 0.0000 	 0.1000 
0.8300 	 0.1250 	 0.0000 	 0.1000 
0.8400 	 0.1250 	 0.0000 	 0.1000 
0.8500 	 0.1250 	 0.0000 	 0.1000 
0.8600 	 0.1250 	 0.0000 	 0.1000 
0.8700 	 0.1250 	 0.0000 	 0.1000 
0.8800 	 0.1250 	 0.0000 	 0.1000 
0.8900 	 0.1250 	 0.0000 	 0.1000 
0.9000 	 0.1250 	 0.0000 	 0.1000 
0.9100 	 0.1250 	 0.0000 	 0.1000 
0.9200 	 0.1250 	 0.0000 	 0.1000 
0.9300 	 0.1250 	 0.0000 	 0.1000 
0.9400 	 0.1250 	 0.0000 	 0.1000 
0.9500 	 0.1250 	 0.0000 	 0.1000 
0.9600 	 0.1250 	 0.0000 	 0.1000 
0.9700 	 0.1250 	 0.0000 	 0.1000 
0.9800 	 0.1250 	 0.0000 	 0.1000 
0.9900 	 0.1250 	 0.0000 	 0.1000 
