0.0000 	 1.0000 	 0.7500 	 1.0000 
0.0100 	 1.0000 	 0.7500 	 1.0000 
0.0200 	 1.0000 	 0.7500 	 1.0000 
0.0300 	 1.0000 	 0.7500 	 1.0000 
0.0400 	 1.0000 	 0.7500 	 1.0000 
0.0500 	 1.0000 	 0.7500 	 1.0000 
0.0600 	 1.0000 	 0.7500 	 1.0000 
0.0700 	 1.0000 	 0.7500 	 1.0000 
0.0800 	 1.0000 	 0.7500 	 1.0000 
0.0900 	 1.0000 	 0.7500 	 1.0000 
0.1000 	 1.0000 	 0.7500 	 1.0000 
0.1100 	 1.0000 	 0.7500 	 1.0000 
0.1200 	 1.0000 	 0.7500 	 1.0000 
0.1300 	 1.0000 	 0.7500 	 1.0000 
0.1400 	 1.0000 	 0.7500 	 1.0000 
0.1500 	 0.9999 	 0.7501 	 0.9999 
0.1600 	 0.9998 	 0.7502 	 0.9998 
0.1700 	 0.9996 	 0.7505 	 0.9994 
0.1800 	 0.9989 	 0.7513 	 0.9985 
0.1900 	 0.9975 	 0.7530 	 0.9964 
0.2000 	 0.9946 	 0.7564 	 0.9925 
0.2100 	 0.9896 	 0.7624 	 0.9854 
0.2200 	 0.9814 	 0.7722 	 0.9741 
0.2300 	 0.9693 	 0.7868 	 0.9573 
0.2400 	 0.9527 	 0.8069 	 0.9346 
0.2500 	 0.9318 	 0.8327 	 0.9061 
0.2600 	 0.9068 	 0.8643 	 0.8724 
0.2700 	 0.8783 	 0.9011 	 0.8343 
0.2800 	 0.8469 	 0.9427 	 0.7931 
0.2900 	 0.8134 	 0.9885 	 0.7497 
0.3000 	 0.7781 	 1.0384 	 0.7047 
0.3100 	 0.7408 	 1.0933 	 0.6579 
0.3200 	 0.6821 	 1.1844 	 0.5863 
0.3300 	 0.6487 	 1.2388 	 0.5467 
0.3400 	 0.6245 	 1.2798 	 0.5184 
0.3500 	 0.6061 	 1.3116 	 0.4974 
0.3600 	 0.5930 	 1.3348 	 0.4825 
0.3700 	 0.5844 	 1.3499 	 0.4730 
0.3800 	 0.5795 	 1.3584 	 0.4678 
0.3900 	 0.5770 	 1.3622 	 0.4654 
0.4000 	 0.5754 	 1.3634 	 0.4647 
0.4100 	 0.5737 	 1.3634 	 0.4647 
0.4200 	 0.5709 	 1.3630 	 0.4649 
0.4300 	 0.5661 	 1.3627 	 0.4652 
0.4400 	 0.5583 	 1.3624 	 0.4653 
0.4500 	 0.5468 	 1.3621 	 0.4655 
0.4600 	 0.5313 	 1.3619 	 0.4656 
0.4700 	 0.5118 	 1.3618 	 0.4657 
0.4800 	 0.4890 	 1.3617 	 0.4658 
0.4900 	 0.4642 	 1.3616 	 0.4658 
0.5000 	 0.4390 	 1.3614 	 0.4658 
0.5100 	 0.4152 	 1.3613 	 0.4658 
0.5200 	 0.3940 	 1.3610 	 0.4658 
0.5300 	 0.3764 	 1.3605 	 0.4656 
0.5400 	 0.3627 	 1.3594 	 0.4651 
0.5500 	 0.3524 	 1.3571 	 0.4641 
0.5600 	 0.3447 	 1.3520 	 0.4617 
0.5700 	 0.3380 	 1.3407 	 0.4564 
0.5800 	 0.3299 	 1.3158 	 0.4451 
0.5900 	 0.3165 	 1.2625 	 0.4217 
0.6000 	 0.2922 	 1.1523 	 0.3766 
0.6100 	 0.2518 	 0.9423 	 0.3021 
0.6200 	 0.1991 	 0.6095 	 0.2096 
0.6300 	 0.1541 	 0.2557 	 0.1381 
0.6400 	 0.1324 	 0.0641 	 0.1087 
0.6500 	 0.1264 	 0.0121 	 0.1016 
0.6600 	 0.1252 	 0.0021 	 0.1003 
0.6700 	 0.1250 	 0.0004 	 0.1000 
0.6800 	 0.1250 	 0.0001 	 0.1000 
0.6900 	 0.1250 	 0.0000 	 0.1000 
0.7000 	 0.1250 	 0.0000 	 0.1000 
0.7100 	 0.1250 	 0.0000 	 0.1000 
0.7200 	 0.1250 	 0.0000 	 0.1000 
0.7300 	 0.1250 	 0.0000 	 0.1000 
0.7400 	 0.1250 	 0.0000 	 0.1000 
0.7500 	 0.1250 	 0.0000 	 0.1000 
0.7600 	 0.1250 	 0.0000 	 0.1000 
0.7700 	 0.1250 	 0.0000 	 0.1000 
0.7800 	 0.1250 	 0.0000 	 0.1000 
0.7900 	 0.1250 	 0.0000 	 0.1000 
0.8000 	 0.1250 	 0.0000 	 0.1000 
0.8100 	 0.1250 	 0.0000 	 0.1000 
0.8200 	 0.1250 	 0.0000 	 0.1000 
0.8300 	 0.1250 	 0.0000 	 0.1000 
0.8400 	 0.1250 	 0.0000 	 0.1000 
0.8500 	 0.1250 	 0.0000 	 0.1000 
0.8600 	 0.1250 	 0.0000 	 0.1000 
0.8700 	 0.1250 	 0.0000 	 0.1000 
0.8800 	 0.1250 	 0.0000 	 0.1000 
0.8900 	 0.1250 	 0.0000 	 0.1000 
0.9000 	 0.1250 	 0.0000 	 0.1000 
0.9100 	 0.1250 	 0.0000 	 0.1000 
0.9200 	 0.1250 	 0.0000 	 0.1000 
0.9300 	 0.1250 	 0.0000 	 0.1000 
0.9400 	 0.1250 	 0.0000 	 0.1000 
0.9500 	 0.1250 	 0.0000 	 0.1000 
0.9600 	 0.1250 	 0.0000 	 0.1000 
0.9700 	 0.1250 	 0.0000 	 0.1000 
0.9800 	 0.1250 	 0.0000 	 0.1000 
0.9900 	 0.1250 	 0.0000 	 0.1000 
