0.0000 	 1.0000 	 0.7500 	 1.0000 
0.0100 	 1.0000 	 0.7500 	 1.0000 
0.0200 	 1.0000 	 0.7500 	 1.0000 
0.0300 	 1.0000 	 0.7500 	 1.0000 
0.0400 	 1.0000 	 0.7500 	 1.0000 
0.0500 	 1.0000 	 0.7500 	 1.0000 
0.0600 	 1.0000 	 0.7500 	 1.0000 
0.0700 	 1.0000 	 0.7500 	 1.0000 
0.0800 	 1.0000 	 0.7500 	 1.0000 
0.0900 	 1.0000 	 0.7500 	 1.0000 
0.1000 	 1.0000 	 0.7500 	 1.0000 
0.1100 	 1.0000 	 0.7500 	 1.0000 
0.1200 	 1.0000 	 0.7500 	 1.0000 
0.1300 	 1.0000 	 0.7500 	 1.0000 
0.1400 	 1.0000 	 0.7500 	 1.0000 
0.1500 	 1.0000 	 0.7500 	 1.0000 
0.1600 	 0.9999 	 0.7501 	 0.9999 
0.1700 	 0.9997 	 0.7503 	 0.9996 
0.1800 	 0.9993 	 0.7509 	 0.9990 
0.1900 	 0.9982 	 0.7521 	 0.9975 
0.2000 	 0.9960 	 0.7547 	 0.9944 
0.2100 	 0.9918 	 0.7597 	 0.9886 
0.2200 	 0.9847 	 0.7682 	 0.9787 
0.2300 	 0.9737 	 0.7814 	 0.9634 
0.2400 	 0.9581 	 0.8004 	 0.9419 
0.2500 	 0.9377 	 0.8255 	 0.9141 
0.2600 	 0.9126 	 0.8568 	 0.8803 
0.2700 	 0.8836 	 0.8941 	 0.8415 
0.2800 	 0.8513 	 0.9367 	 0.7989 
0.2900 	 0.8165 	 0.9841 	 0.7538 
0.3000 	 0.7798 	 1.0360 	 0.7068 
0.3100 	 0.7407 	 1.0934 	 0.6579 
0.3200 	 0.6796 	 1.1883 	 0.5833 
0.3300 	 0.6456 	 1.2440 	 0.5431 
0.3400 	 0.6211 	 1.2854 	 0.5147 
0.3500 	 0.6030 	 1.3169 	 0.4940 
0.3600 	 0.5904 	 1.3391 	 0.4798 
0.3700 	 0.5826 	 1.3529 	 0.4712 
0.3800 	 0.5783 	 1.3600 	 0.4668 
0.3900 	 0.5759 	 1.3629 	 0.4650 
0.4000 	 0.5741 	 1.3636 	 0.4646 
0.4100 	 0.5715 	 1.3634 	 0.4647 
0.4200 	 0.5670 	 1.3630 	 0.4650 
0.4300 	 0.5596 	 1.3626 	 0.4652 
0.4400 	 0.5485 	 1.3623 	 0.4654 
0.4500 	 0.5331 	 1.3621 	 0.4655 
0.4600 	 0.5134 	 1.3619 	 0.4656 
0.4700 	 0.4902 	 1.3618 	 0.4657 
0.4800 	 0.4647 	 1.3616 	 0.4658 
0.4900 	 0.4388 	 1.3615 	 0.4658 
0.5000 	 0.4143 	 1.3613 	 0.4658 
0.5100 	 0.3926 	 1.3609 	 0.4657 
0.5200 	 0.3748 	 1.3601 	 0.4653 
0.5300 	 0.3609 	 1.3585 	 0.4646 
0.5400 	 0.3506 	 1.3549 	 0.4630 
0.5500 	 0.3424 	 1.3469 	 0.4593 
0.5600 	 0.3345 	 1.3293 	 0.4512 
0.5700 	 0.3236 	 1.2910 	 0.4340 
0.5800 	 0.3046 	 1.2099 	 0.3996 
0.5900 	 0.2714 	 1.0483 	 0.3379 
0.6000 	 0.2223 	 0.7656 	 0.2495 
0.6100 	 0.1709 	 0.3960 	 0.1636 
0.6200 	 0.1389 	 0.1220 	 0.1170 
0.6300 	 0.1279 	 0.0250 	 0.1033 
0.6400 	 0.1255 	 0.0044 	 0.1006 
0.6500 	 0.1251 	 0.0008 	 0.1001 
0.6600 	 0.1250 	 0.0001 	 0.1000 
0.6700 	 0.1250 	 0.0000 	 0.1000 
0.6800 	 0.1250 	 0.0000 	 0.1000 
0.6900 	 0.1250 	 0.0000 	 0.1000 
0.7000 	 0.1250 	 0.0000 	 0.1000 
0.7100 	 0.1250 	 0.0000 	 0.1000 
0.7200 	 0.1250 	 0.0000 	 0.1000 
0.7300 	 0.1250 	 0.0000 	 0.1000 
0.7400 	 0.1250 	 0.0000 	 0.1000 
0.7500 	 0.1250 	 0.0000 	 0.1000 
0.7600 	 0.1250 	 0.0000 	 0.1000 
0.7700 	 0.1250 	 0.0000 	 0.1000 
0.7800 	 0.1250 	 0.0000 	 0.1000 
0.7900 	 0.1250 	 0.0000 	 0.1000 
0.8000 	 0.1250 	 0.0000 	 0.1000 
0.8100 	 0.1250 	 0.0000 	 0.1000 
0.8200 	 0.1250 	 0.0000 	 0.1000 
0.8300 	 0.1250 	 0.0000 	 0.1000 
0.8400 	 0.1250 	 0.0000 	 0.1000 
0.8500 	 0.1250 	 0.0000 	 0.1000 
0.8600 	 0.1250 	 0.0000 	 0.1000 
0.8700 	 0.1250 	 0.0000 	 0.1000 
0.8800 	 0.1250 	 0.0000 	 0.1000 
0.8900 	 0.1250 	 0.0000 	 0.1000 
0.9000 	 0.1250 	 0.0000 	 0.1000 
0.9100 	 0.1250 	 0.0000 	 0.1000 
0.9200 	 0.1250 	 0.0000 	 0.1000 
0.9300 	 0.1250 	 0.0000 	 0.1000 
0.9400 	 0.1250 	 0.0000 	 0.1000 
0.9500 	 0.1250 	 0.0000 	 0.1000 
0.9600 	 0.1250 	 0.0000 	 0.1000 
0.9700 	 0.1250 	 0.0000 	 0.1000 
0.9800 	 0.1250 	 0.0000 	 0.1000 
0.9900 	 0.1250 	 0.0000 	 0.1000 
