0.0000 	 1.0000 	 0.7500 	 1.0000 
0.0100 	 1.0000 	 0.7500 	 1.0000 
0.0200 	 1.0000 	 0.7500 	 1.0000 
0.0300 	 1.0000 	 0.7500 	 1.0000 
0.0400 	 1.0000 	 0.7500 	 1.0000 
0.0500 	 1.0000 	 0.7500 	 1.0000 
0.0600 	 1.0000 	 0.7500 	 1.0000 
0.0700 	 1.0000 	 0.7500 	 1.0000 
0.0800 	 1.0000 	 0.7500 	 1.0000 
0.0900 	 1.0000 	 0.7500 	 1.0000 
0.1000 	 1.0000 	 0.7500 	 1.0000 
0.1100 	 0.9999 	 0.7501 	 0.9999 
0.1200 	 0.9999 	 0.7502 	 0.9998 
0.1300 	 0.9997 	 0.7504 	 0.9996 
0.1400 	 0.9993 	 0.7508 	 0.9990 
0.1500 	 0.9985 	 0.7518 	 0.9979 
0.1600 	 0.9970 	 0.7535 	 0.9958 
0.1700 	 0.9944 	 0.7566 	 0.9922 
0.1800 	 0.9903 	 0.7615 	 0.9865 
0.1900 	 0.9841 	 0.7689 	 0.9778 
0.2000 	 0.9754 	 0.7793 	 0.9658 
0.2100 	 0.9641 	 0.7931 	 0.9501 
0.2200 	 0.9499 	 0.8104 	 0.9307 
0.2300 	 0.9332 	 0.8311 	 0.9079 
0.2400 	 0.9140 	 0.8552 	 0.8820 
0.2500 	 0.8929 	 0.8822 	 0.8537 
0.2600 	 0.8701 	 0.9119 	 0.8234 
0.2700 	 0.8461 	 0.9440 	 0.7918 
0.2800 	 0.8210 	 0.9782 	 0.7593 
0.2900 	 0.7952 	 1.0143 	 0.7261 
0.3000 	 0.7686 	 1.0526 	 0.6924 
0.3100 	 0.7403 	 1.0944 	 0.6571 
0.3200 	 0.6961 	 1.1625 	 0.6028 
0.3300 	 0.6676 	 1.2083 	 0.5686 
0.3400 	 0.6457 	 1.2444 	 0.5428 
0.3500 	 0.6275 	 1.2751 	 0.5216 
0.3600 	 0.6125 	 1.3011 	 0.5043 
0.3700 	 0.6004 	 1.3223 	 0.4905 
0.3800 	 0.5914 	 1.3384 	 0.4802 
0.3900 	 0.5850 	 1.3498 	 0.4731 
0.4000 	 0.5811 	 1.3569 	 0.4687 
0.4100 	 0.5789 	 1.3607 	 0.4664 
0.4200 	 0.5779 	 1.3624 	 0.4653 
0.4300 	 0.5774 	 1.3629 	 0.4650 
0.4400 	 0.5772 	 1.3628 	 0.4651 
0.4500 	 0.5768 	 1.3626 	 0.4652 
0.4600 	 0.5761 	 1.3623 	 0.4654 
0.4700 	 0.5748 	 1.3621 	 0.4655 
0.4800 	 0.5726 	 1.3619 	 0.4656 
0.4900 	 0.5690 	 1.3618 	 0.4657 
0.5000 	 0.5636 	 1.3616 	 0.4658 
0.5100 	 0.5559 	 1.3615 	 0.4658 
0.5200 	 0.5456 	 1.3614 	 0.4659 
0.5300 	 0.5323 	 1.3614 	 0.4659 
0.5400 	 0.5163 	 1.3613 	 0.4660 
0.5500 	 0.4978 	 1.3613 	 0.4660 
0.5600 	 0.4775 	 1.3612 	 0.4660 
0.5700 	 0.4564 	 1.3612 	 0.4661 
0.5800 	 0.4355 	 1.3611 	 0.4661 
0.5900 	 0.4157 	 1.3611 	 0.4661 
0.6000 	 0.3979 	 1.3611 	 0.4661 
0.6100 	 0.3825 	 1.3610 	 0.4661 
0.6200 	 0.3700 	 1.3609 	 0.4661 
0.6300 	 0.3601 	 1.3608 	 0.4660 
0.6400 	 0.3528 	 1.3606 	 0.4660 
0.6500 	 0.3475 	 1.3601 	 0.4658 
0.6600 	 0.3438 	 1.3592 	 0.4653 
0.6700 	 0.3411 	 1.3570 	 0.4643 
0.6800 	 0.3386 	 1.3523 	 0.4621 
0.6900 	 0.3355 	 1.3422 	 0.4574 
0.7000 	 0.3299 	 1.3201 	 0.4473 
0.7100 	 0.3188 	 1.2733 	 0.4265 
0.7200 	 0.2975 	 1.1766 	 0.3863 
0.7300 	 0.2606 	 0.9899 	 0.3179 
0.7400 	 0.2096 	 0.6809 	 0.2271 
0.7500 	 0.1615 	 0.3178 	 0.1490 
0.7600 	 0.1351 	 0.0884 	 0.1121 
0.7700 	 0.1271 	 0.0175 	 0.1023 
0.7800 	 0.1254 	 0.0031 	 0.1004 
0.7900 	 0.1251 	 0.0005 	 0.1001 
0.8000 	 0.1250 	 0.0001 	 0.1000 
0.8100 	 0.1250 	 0.0000 	 0.1000 
0.8200 	 0.1250 	 0.0000 	 0.1000 
0.8300 	 0.1250 	 0.0000 	 0.1000 
0.8400 	 0.1250 	 0.0000 	 0.1000 
0.8500 	 0.1250 	 0.0000 	 0.1000 
0.8600 	 0.1250 	 0.0000 	 0.1000 
0.8700 	 0.1250 	 0.0000 	 0.1000 
0.8800 	 0.1250 	 0.0000 	 0.1000 
0.8900 	 0.1250 	 0.0000 	 0.1000 
0.9000 	 0.1250 	 0.0000 	 0.1000 
0.9100 	 0.1250 	 0.0000 	 0.1000 
0.9200 	 0.1250 	 0.0000 	 0.1000 
0.9300 	 0.1250 	 0.0000 	 0.1000 
0.9400 	 0.1250 	 0.0000 	 0.1000 
0.9500 	 0.1250 	 0.0000 	 0.1000 
0.9600 	 0.1250 	 0.0000 	 0.1000 
0.9700 	 0.1250 	 0.0000 	 0.1000 
0.9800 	 0.1250 	 0.0000 	 0.1000 
0.9900 	 0.1250 	 0.0000 	 0.1000 
