0.0000 	 1.0000 	 0.7500 	 1.0000 
0.0100 	 1.0000 	 0.7500 	 1.0000 
0.0200 	 1.0000 	 0.7500 	 1.0000 
0.0300 	 1.0000 	 0.7500 	 1.0000 
0.0400 	 1.0000 	 0.7500 	 1.0000 
0.0500 	 1.0000 	 0.7500 	 1.0000 
0.0600 	 1.0000 	 0.7500 	 1.0000 
0.0700 	 1.0000 	 0.7500 	 1.0000 
0.0800 	 1.0000 	 0.7500 	 1.0000 
0.0900 	 1.0000 	 0.7500 	 1.0000 
0.1000 	 1.0000 	 0.7500 	 1.0000 
0.1100 	 1.0000 	 0.7500 	 1.0000 
0.1200 	 1.0000 	 0.7500 	 1.0000 
0.1300 	 1.0000 	 0.7500 	 1.0000 
0.1400 	 1.0000 	 0.7500 	 1.0000 
0.1500 	 1.0000 	 0.7500 	 1.0000 
0.1600 	 1.0000 	 0.7500 	 1.0000 
0.1700 	 0.9999 	 0.7501 	 0.9999 
0.1800 	 0.9998 	 0.7502 	 0.9997 
0.1900 	 0.9994 	 0.7507 	 0.9992 
0.2000 	 0.9985 	 0.7518 	 0.9979 
0.2100 	 0.9963 	 0.7544 	 0.9949 
0.2200 	 0.9920 	 0.7595 	 0.9888 
0.2300 	 0.9842 	 0.7688 	 0.9780 
0.2400 	 0.9717 	 0.7839 	 0.9606 
0.2500 	 0.9534 	 0.8060 	 0.9356 
0.2600 	 0.9292 	 0.8359 	 0.9027 
0.2700 	 0.8994 	 0.8737 	 0.8625 
0.2800 	 0.8647 	 0.9188 	 0.8165 
0.2900 	 0.8261 	 0.9707 	 0.7663 
0.3000 	 0.7846 	 1.0289 	 0.7131 
0.3100 	 0.7403 	 1.0938 	 0.6575 
0.3200 	 0.6719 	 1.2003 	 0.5744 
0.3300 	 0.6363 	 1.2592 	 0.5325 
0.3400 	 0.6117 	 1.3013 	 0.5041 
0.3500 	 0.5947 	 1.3310 	 0.4849 
0.3600 	 0.5840 	 1.3496 	 0.4732 
0.3700 	 0.5780 	 1.3592 	 0.4673 
0.3800 	 0.5744 	 1.3631 	 0.4649 
0.3900 	 0.5711 	 1.3639 	 0.4644 
0.4000 	 0.5660 	 1.3636 	 0.4646 
0.4100 	 0.5576 	 1.3632 	 0.4649 
0.4200 	 0.5447 	 1.3628 	 0.4651 
0.4300 	 0.5266 	 1.3624 	 0.4653 
0.4400 	 0.5038 	 1.3622 	 0.4655 
0.4500 	 0.4773 	 1.3619 	 0.4656 
0.4600 	 0.4491 	 1.3617 	 0.4656 
0.4700 	 0.4217 	 1.3613 	 0.4655 
0.4800 	 0.3970 	 1.3605 	 0.4652 
0.4900 	 0.3765 	 1.3588 	 0.4645 
0.5000 	 0.3604 	 1.3551 	 0.4628 
0.5100 	 0.3479 	 1.3468 	 0.4590 
0.5200 	 0.3369 	 1.3284 	 0.4505 
0.5300 	 0.3238 	 1.2878 	 0.4324 
0.5400 	 0.3029 	 1.2014 	 0.3959 
0.5500 	 0.2676 	 1.0294 	 0.3312 
0.5600 	 0.2171 	 0.7328 	 0.2406 
0.5700 	 0.1665 	 0.3606 	 0.1568 
0.5800 	 0.1369 	 0.1044 	 0.1144 
0.5900 	 0.1274 	 0.0206 	 0.1027 
0.6000 	 0.1254 	 0.0036 	 0.1005 
0.6100 	 0.1251 	 0.0006 	 0.1001 
0.6200 	 0.1250 	 0.0001 	 0.1000 
0.6300 	 0.1250 	 0.0000 	 0.1000 
0.6400 	 0.1250 	 0.0000 	 0.1000 
0.6500 	 0.1250 	 0.0000 	 0.1000 
0.6600 	 0.1250 	 0.0000 	 0.1000 
0.6700 	 0.1250 	 0.0000 	 0.1000 
0.6800 	 0.1250 	 0.0000 	 0.1000 
0.6900 	 0.1250 	 0.0000 	 0.1000 
0.7000 	 0.1250 	 0.0000 	 0.1000 
0.7100 	 0.1250 	 0.0000 	 0.1000 
0.7200 	 0.1250 	 0.0000 	 0.1000 
0.7300 	 0.1250 	 0.0000 	 0.1000 
0.7400 	 0.1250 	 0.0000 	 0.1000 
0.7500 	 0.1250 	 0.0000 	 0.1000 
0.7600 	 0.1250 	 0.0000 	 0.1000 
0.7700 	 0.1250 	 0.0000 	 0.1000 
0.7800 	 0.1250 	 0.0000 	 0.1000 
0.7900 	 0.1250 	 0.0000 	 0.1000 
0.8000 	 0.1250 	 0.0000 	 0.1000 
0.8100 	 0.1250 	 0.0000 	 0.1000 
0.8200 	 0.1250 	 0.0000 	 0.1000 
0.8300 	 0.1250 	 0.0000 	 0.1000 
0.8400 	 0.1250 	 0.0000 	 0.1000 
0.8500 	 0.1250 	 0.0000 	 0.1000 
0.8600 	 0.1250 	 0.0000 	 0.1000 
0.8700 	 0.1250 	 0.0000 	 0.1000 
0.8800 	 0.1250 	 0.0000 	 0.1000 
0.8900 	 0.1250 	 0.0000 	 0.1000 
0.9000 	 0.1250 	 0.0000 	 0.1000 
0.9100 	 0.1250 	 0.0000 	 0.1000 
0.9200 	 0.1250 	 0.0000 	 0.1000 
0.9300 	 0.1250 	 0.0000 	 0.1000 
0.9400 	 0.1250 	 0.0000 	 0.1000 
0.9500 	 0.1250 	 0.0000 	 0.1000 
0.9600 	 0.1250 	 0.0000 	 0.1000 
0.9700 	 0.1250 	 0.0000 	 0.1000 
0.9800 	 0.1250 	 0.0000 	 0.1000 
0.9900 	 0.1250 	 0.0000 	 0.1000 
