0.0000 	 1.0000 	 0.7500 	 1.0000 
0.0100 	 1.0000 	 0.7500 	 1.0000 
0.0200 	 1.0000 	 0.7500 	 1.0000 
0.0300 	 1.0000 	 0.7500 	 1.0000 
0.0400 	 1.0000 	 0.7500 	 1.0000 
0.0500 	 1.0000 	 0.7500 	 1.0000 
0.0600 	 1.0000 	 0.7500 	 1.0000 
0.0700 	 1.0000 	 0.7500 	 1.0000 
0.0800 	 1.0000 	 0.7500 	 1.0000 
0.0900 	 1.0000 	 0.7500 	 1.0000 
0.1000 	 1.0000 	 0.7500 	 1.0000 
0.1100 	 1.0000 	 0.7500 	 1.0000 
0.1200 	 1.0000 	 0.7500 	 1.0000 
0.1300 	 1.0000 	 0.7500 	 1.0000 
0.1400 	 1.0000 	 0.7500 	 1.0000 
0.1500 	 1.0000 	 0.7500 	 1.0000 
0.1600 	 0.9999 	 0.7501 	 0.9999 
0.1700 	 0.9998 	 0.7502 	 0.9997 
0.1800 	 0.9994 	 0.7507 	 0.9992 
0.1900 	 0.9986 	 0.7517 	 0.9980 
0.2000 	 0.9967 	 0.7539 	 0.9954 
0.2100 	 0.9931 	 0.7582 	 0.9903 
0.2200 	 0.9866 	 0.7659 	 0.9813 
0.2300 	 0.9763 	 0.7783 	 0.9670 
0.2400 	 0.9613 	 0.7965 	 0.9463 
0.2500 	 0.9412 	 0.8211 	 0.9189 
0.2600 	 0.9163 	 0.8522 	 0.8852 
0.2700 	 0.8870 	 0.8896 	 0.8460 
0.2800 	 0.8542 	 0.9329 	 0.8027 
0.2900 	 0.8186 	 0.9813 	 0.7564 
0.3000 	 0.7808 	 1.0345 	 0.7082 
0.3100 	 0.7406 	 1.0934 	 0.6579 
0.3200 	 0.6780 	 1.1908 	 0.5815 
0.3300 	 0.6436 	 1.2472 	 0.5408 
0.3400 	 0.6190 	 1.2889 	 0.5123 
0.3500 	 0.6011 	 1.3201 	 0.4919 
0.3600 	 0.5889 	 1.3416 	 0.4782 
0.3700 	 0.5815 	 1.3545 	 0.4702 
0.3800 	 0.5775 	 1.3609 	 0.4662 
0.3900 	 0.5752 	 1.3632 	 0.4648 
0.4000 	 0.5730 	 1.3636 	 0.4646 
0.4100 	 0.5696 	 1.3633 	 0.4648 
0.4200 	 0.5637 	 1.3629 	 0.4650 
0.4300 	 0.5544 	 1.3626 	 0.4652 
0.4400 	 0.5409 	 1.3623 	 0.4654 
0.4500 	 0.5228 	 1.3621 	 0.4655 
0.4600 	 0.5007 	 1.3619 	 0.4656 
0.4700 	 0.4755 	 1.3617 	 0.4657 
0.4800 	 0.4491 	 1.3616 	 0.4658 
0.4900 	 0.4234 	 1.3614 	 0.4657 
0.5000 	 0.4001 	 1.3610 	 0.4656 
0.5100 	 0.3804 	 1.3603 	 0.4653 
0.5200 	 0.3649 	 1.3587 	 0.4647 
0.5300 	 0.3531 	 1.3553 	 0.4631 
0.5400 	 0.3440 	 1.3478 	 0.4596 
0.5500 	 0.3356 	 1.3310 	 0.4519 
0.5600 	 0.3247 	 1.2944 	 0.4355 
0.5700 	 0.3061 	 1.2167 	 0.4023 
0.5800 	 0.2738 	 1.0609 	 0.3424 
0.5900 	 0.2254 	 0.7851 	 0.2549 
0.6000 	 0.1734 	 0.4161 	 0.1675 
0.6100 	 0.1400 	 0.1318 	 0.1185 
0.6200 	 0.1282 	 0.0273 	 0.1036 
0.6300 	 0.1256 	 0.0048 	 0.1006 
0.6400 	 0.1251 	 0.0008 	 0.1001 
0.6500 	 0.1250 	 0.0001 	 0.1000 
0.6600 	 0.1250 	 0.0000 	 0.1000 
0.6700 	 0.1250 	 0.0000 	 0.1000 
0.6800 	 0.1250 	 0.0000 	 0.1000 
0.6900 	 0.1250 	 0.0000 	 0.1000 
0.7000 	 0.1250 	 0.0000 	 0.1000 
0.7100 	 0.1250 	 0.0000 	 0.1000 
0.7200 	 0.1250 	 0.0000 	 0.1000 
0.7300 	 0.1250 	 0.0000 	 0.1000 
0.7400 	 0.1250 	 0.0000 	 0.1000 
0.7500 	 0.1250 	 0.0000 	 0.1000 
0.7600 	 0.1250 	 0.0000 	 0.1000 
0.7700 	 0.1250 	 0.0000 	 0.1000 
0.7800 	 0.1250 	 0.0000 	 0.1000 
0.7900 	 0.1250 	 0.0000 	 0.1000 
0.8000 	 0.1250 	 0.0000 	 0.1000 
0.8100 	 0.1250 	 0.0000 	 0.1000 
0.8200 	 0.1250 	 0.0000 	 0.1000 
0.8300 	 0.1250 	 0.0000 	 0.1000 
0.8400 	 0.1250 	 0.0000 	 0.1000 
0.8500 	 0.1250 	 0.0000 	 0.1000 
0.8600 	 0.1250 	 0.0000 	 0.1000 
0.8700 	 0.1250 	 0.0000 	 0.1000 
0.8800 	 0.1250 	 0.0000 	 0.1000 
0.8900 	 0.1250 	 0.0000 	 0.1000 
0.9000 	 0.1250 	 0.0000 	 0.1000 
0.9100 	 0.1250 	 0.0000 	 0.1000 
0.9200 	 0.1250 	 0.0000 	 0.1000 
0.9300 	 0.1250 	 0.0000 	 0.1000 
0.9400 	 0.1250 	 0.0000 	 0.1000 
0.9500 	 0.1250 	 0.0000 	 0.1000 
0.9600 	 0.1250 	 0.0000 	 0.1000 
0.9700 	 0.1250 	 0.0000 	 0.1000 
0.9800 	 0.1250 	 0.0000 	 0.1000 
0.9900 	 0.1250 	 0.0000 	 0.1000 
