0.0000 	 1.0000 	 0.7500 	 1.0000 
0.0100 	 1.0000 	 0.7500 	 1.0000 
0.0200 	 1.0000 	 0.7500 	 1.0000 
0.0300 	 1.0000 	 0.7500 	 1.0000 
0.0400 	 1.0000 	 0.7500 	 1.0000 
0.0500 	 1.0000 	 0.7500 	 1.0000 
0.0600 	 1.0000 	 0.7500 	 1.0000 
0.0700 	 1.0000 	 0.7500 	 1.0000 
0.0800 	 1.0000 	 0.7500 	 1.0000 
0.0900 	 1.0000 	 0.7500 	 1.0000 
0.1000 	 1.0000 	 0.7500 	 1.0000 
0.1100 	 1.0000 	 0.7501 	 0.9999 
0.1200 	 0.9999 	 0.7501 	 0.9998 
0.1300 	 0.9997 	 0.7503 	 0.9996 
0.1400 	 0.9993 	 0.7508 	 0.9991 
0.1500 	 0.9986 	 0.7517 	 0.9980 
0.1600 	 0.9972 	 0.7533 	 0.9960 
0.1700 	 0.9947 	 0.7563 	 0.9926 
0.1800 	 0.9907 	 0.7611 	 0.9870 
0.1900 	 0.9846 	 0.7683 	 0.9785 
0.2000 	 0.9761 	 0.7786 	 0.9667 
0.2100 	 0.9648 	 0.7922 	 0.9512 
0.2200 	 0.9508 	 0.8093 	 0.9319 
0.2300 	 0.9340 	 0.8300 	 0.9091 
0.2400 	 0.9149 	 0.8540 	 0.8832 
0.2500 	 0.8937 	 0.8811 	 0.8548 
0.2600 	 0.8709 	 0.9109 	 0.8244 
0.2700 	 0.8467 	 0.9431 	 0.7927 
0.2800 	 0.8215 	 0.9775 	 0.7599 
0.2900 	 0.7955 	 1.0138 	 0.7266 
0.3000 	 0.7688 	 1.0523 	 0.6927 
0.3100 	 0.7403 	 1.0944 	 0.6571 
0.3200 	 0.6958 	 1.1630 	 0.6025 
0.3300 	 0.6672 	 1.2089 	 0.5682 
0.3400 	 0.6452 	 1.2451 	 0.5423 
0.3500 	 0.6270 	 1.2759 	 0.5211 
0.3600 	 0.6120 	 1.3019 	 0.5037 
0.3700 	 0.6000 	 1.3230 	 0.4900 
0.3800 	 0.5910 	 1.3391 	 0.4798 
0.3900 	 0.5848 	 1.3502 	 0.4729 
0.4000 	 0.5809 	 1.3572 	 0.4686 
0.4100 	 0.5788 	 1.3609 	 0.4663 
0.4200 	 0.5778 	 1.3625 	 0.4653 
0.4300 	 0.5774 	 1.3629 	 0.4650 
0.4400 	 0.5771 	 1.3628 	 0.4651 
0.4500 	 0.5767 	 1.3626 	 0.4652 
0.4600 	 0.5760 	 1.3623 	 0.4654 
0.4700 	 0.5745 	 1.3621 	 0.4655 
0.4800 	 0.5721 	 1.3619 	 0.4656 
0.4900 	 0.5682 	 1.3617 	 0.4657 
0.5000 	 0.5625 	 1.3616 	 0.4658 
0.5100 	 0.5543 	 1.3615 	 0.4658 
0.5200 	 0.5434 	 1.3614 	 0.4659 
0.5300 	 0.5296 	 1.3614 	 0.4659 
0.5400 	 0.5130 	 1.3613 	 0.4660 
0.5500 	 0.4940 	 1.3613 	 0.4660 
0.5600 	 0.4735 	 1.3612 	 0.4660 
0.5700 	 0.4523 	 1.3612 	 0.4661 
0.5800 	 0.4314 	 1.3611 	 0.4661 
0.5900 	 0.4119 	 1.3611 	 0.4661 
0.6000 	 0.3944 	 1.3610 	 0.4661 
0.6100 	 0.3796 	 1.3610 	 0.4661 
0.6200 	 0.3676 	 1.3609 	 0.4661 
0.6300 	 0.3583 	 1.3608 	 0.4660 
0.6400 	 0.3514 	 1.3605 	 0.4659 
0.6500 	 0.3465 	 1.3599 	 0.4657 
0.6600 	 0.3431 	 1.3587 	 0.4651 
0.6700 	 0.3404 	 1.3559 	 0.4638 
0.6800 	 0.3378 	 1.3500 	 0.4610 
0.6900 	 0.3341 	 1.3370 	 0.4550 
0.7000 	 0.3272 	 1.3091 	 0.4424 
0.7100 	 0.3136 	 1.2501 	 0.4166 
0.7200 	 0.2879 	 1.1302 	 0.3682 
0.7300 	 0.2458 	 0.9067 	 0.2909 
0.7400 	 0.1931 	 0.5654 	 0.1993 
0.7500 	 0.1506 	 0.2250 	 0.1330 
0.7600 	 0.1313 	 0.0545 	 0.1074 
0.7700 	 0.1262 	 0.0103 	 0.1014 
0.7800 	 0.1252 	 0.0018 	 0.1002 
0.7900 	 0.1250 	 0.0003 	 0.1000 
0.8000 	 0.1250 	 0.0001 	 0.1000 
0.8100 	 0.1250 	 0.0000 	 0.1000 
0.8200 	 0.1250 	 0.0000 	 0.1000 
0.8300 	 0.1250 	 0.0000 	 0.1000 
0.8400 	 0.1250 	 0.0000 	 0.1000 
0.8500 	 0.1250 	 0.0000 	 0.1000 
0.8600 	 0.1250 	 0.0000 	 0.1000 
0.8700 	 0.1250 	 0.0000 	 0.1000 
0.8800 	 0.1250 	 0.0000 	 0.1000 
0.8900 	 0.1250 	 0.0000 	 0.1000 
0.9000 	 0.1250 	 0.0000 	 0.1000 
0.9100 	 0.1250 	 0.0000 	 0.1000 
0.9200 	 0.1250 	 0.0000 	 0.1000 
0.9300 	 0.1250 	 0.0000 	 0.1000 
0.9400 	 0.1250 	 0.0000 	 0.1000 
0.9500 	 0.1250 	 0.0000 	 0.1000 
0.9600 	 0.1250 	 0.0000 	 0.1000 
0.9700 	 0.1250 	 0.0000 	 0.1000 
0.9800 	 0.1250 	 0.0000 	 0.1000 
0.9900 	 0.1250 	 0.0000 	 0.1000 
