0.0000 	 1.0000 	 0.7500 	 1.0000 
0.0100 	 1.0000 	 0.7500 	 1.0000 
0.0200 	 1.0000 	 0.7500 	 1.0000 
0.0300 	 1.0000 	 0.7500 	 1.0000 
0.0400 	 1.0000 	 0.7500 	 1.0000 
0.0500 	 1.0000 	 0.7500 	 1.0000 
0.0600 	 1.0000 	 0.7500 	 1.0000 
0.0700 	 1.0000 	 0.7500 	 1.0000 
0.0800 	 1.0000 	 0.7500 	 1.0000 
0.0900 	 1.0000 	 0.7500 	 1.0000 
0.1000 	 1.0000 	 0.7500 	 1.0000 
0.1100 	 1.0000 	 0.7500 	 1.0000 
0.1200 	 1.0000 	 0.7500 	 1.0000 
0.1300 	 0.9999 	 0.7501 	 0.9999 
0.1400 	 0.9998 	 0.7503 	 0.9997 
0.1500 	 0.9994 	 0.7507 	 0.9992 
0.1600 	 0.9987 	 0.7515 	 0.9982 
0.1700 	 0.9973 	 0.7532 	 0.9962 
0.1800 	 0.9947 	 0.7563 	 0.9926 
0.1900 	 0.9904 	 0.7614 	 0.9866 
0.2000 	 0.9838 	 0.7693 	 0.9774 
0.2100 	 0.9743 	 0.7806 	 0.9643 
0.2200 	 0.9617 	 0.7959 	 0.9470 
0.2300 	 0.9459 	 0.8153 	 0.9253 
0.2400 	 0.9271 	 0.8387 	 0.8996 
0.2500 	 0.9055 	 0.8660 	 0.8705 
0.2600 	 0.8816 	 0.8968 	 0.8387 
0.2700 	 0.8559 	 0.9307 	 0.8048 
0.2800 	 0.8288 	 0.9673 	 0.7695 
0.2900 	 0.8007 	 1.0065 	 0.7332 
0.3000 	 0.7715 	 1.0482 	 0.6962 
0.3100 	 0.7406 	 1.0939 	 0.6575 
0.3200 	 0.6919 	 1.1689 	 0.5979 
0.3300 	 0.6618 	 1.2176 	 0.5619 
0.3400 	 0.6390 	 1.2556 	 0.5350 
0.3500 	 0.6204 	 1.2871 	 0.5135 
0.3600 	 0.6057 	 1.3129 	 0.4966 
0.3700 	 0.5945 	 1.3327 	 0.4839 
0.3800 	 0.5866 	 1.3467 	 0.4750 
0.3900 	 0.5817 	 1.3556 	 0.4695 
0.4000 	 0.5789 	 1.3604 	 0.4666 
0.4100 	 0.5776 	 1.3624 	 0.4653 
0.4200 	 0.5770 	 1.3630 	 0.4649 
0.4300 	 0.5765 	 1.3630 	 0.4650 
0.4400 	 0.5757 	 1.3627 	 0.4651 
0.4500 	 0.5742 	 1.3624 	 0.4653 
0.4600 	 0.5715 	 1.3622 	 0.4655 
0.4700 	 0.5673 	 1.3620 	 0.4656 
0.4800 	 0.5607 	 1.3618 	 0.4657 
0.4900 	 0.5515 	 1.3617 	 0.4658 
0.5000 	 0.5391 	 1.3616 	 0.4658 
0.5100 	 0.5235 	 1.3615 	 0.4659 
0.5200 	 0.5049 	 1.3614 	 0.4659 
0.5300 	 0.4840 	 1.3613 	 0.4660 
0.5400 	 0.4619 	 1.3613 	 0.4660 
0.5500 	 0.4396 	 1.3612 	 0.4660 
0.5600 	 0.4183 	 1.3612 	 0.4660 
0.5700 	 0.3991 	 1.3611 	 0.4660 
0.5800 	 0.3827 	 1.3610 	 0.4660 
0.5900 	 0.3694 	 1.3609 	 0.4660 
0.6000 	 0.3591 	 1.3606 	 0.4659 
0.6100 	 0.3515 	 1.3600 	 0.4656 
0.6200 	 0.3461 	 1.3587 	 0.4650 
0.6300 	 0.3421 	 1.3559 	 0.4637 
0.6400 	 0.3386 	 1.3497 	 0.4609 
0.6500 	 0.3343 	 1.3363 	 0.4547 
0.6600 	 0.3269 	 1.3073 	 0.4415 
0.6700 	 0.3126 	 1.2460 	 0.4148 
0.6800 	 0.2860 	 1.1215 	 0.3649 
0.6900 	 0.2430 	 0.8907 	 0.2859 
0.7000 	 0.1901 	 0.5438 	 0.1944 
0.7100 	 0.1488 	 0.2095 	 0.1305 
0.7200 	 0.1307 	 0.0495 	 0.1067 
0.7300 	 0.1261 	 0.0092 	 0.1012 
0.7400 	 0.1252 	 0.0016 	 0.1002 
0.7500 	 0.1250 	 0.0003 	 0.1000 
0.7600 	 0.1250 	 0.0000 	 0.1000 
0.7700 	 0.1250 	 0.0000 	 0.1000 
0.7800 	 0.1250 	 0.0000 	 0.1000 
0.7900 	 0.1250 	 0.0000 	 0.1000 
0.8000 	 0.1250 	 0.0000 	 0.1000 
0.8100 	 0.1250 	 0.0000 	 0.1000 
0.8200 	 0.1250 	 0.0000 	 0.1000 
0.8300 	 0.1250 	 0.0000 	 0.1000 
0.8400 	 0.1250 	 0.0000 	 0.1000 
0.8500 	 0.1250 	 0.0000 	 0.1000 
0.8600 	 0.1250 	 0.0000 	 0.1000 
0.8700 	 0.1250 	 0.0000 	 0.1000 
0.8800 	 0.1250 	 0.0000 	 0.1000 
0.8900 	 0.1250 	 0.0000 	 0.1000 
0.9000 	 0.1250 	 0.0000 	 0.1000 
0.9100 	 0.1250 	 0.0000 	 0.1000 
0.9200 	 0.1250 	 0.0000 	 0.1000 
0.9300 	 0.1250 	 0.0000 	 0.1000 
0.9400 	 0.1250 	 0.0000 	 0.1000 
0.9500 	 0.1250 	 0.0000 	 0.1000 
0.9600 	 0.1250 	 0.0000 	 0.1000 
0.9700 	 0.1250 	 0.0000 	 0.1000 
0.9800 	 0.1250 	 0.0000 	 0.1000 
0.9900 	 0.1250 	 0.0000 	 0.1000 
