0.0000 	 1.0000 	 0.7500 	 1.0000 
0.0100 	 1.0000 	 0.7500 	 1.0000 
0.0200 	 1.0000 	 0.7500 	 1.0000 
0.0300 	 1.0000 	 0.7500 	 1.0000 
0.0400 	 1.0000 	 0.7500 	 1.0000 
0.0500 	 1.0000 	 0.7500 	 1.0000 
0.0600 	 1.0000 	 0.7500 	 1.0000 
0.0700 	 1.0000 	 0.7500 	 1.0000 
0.0800 	 1.0000 	 0.7500 	 1.0000 
0.0900 	 1.0000 	 0.7500 	 1.0000 
0.1000 	 1.0000 	 0.7500 	 1.0000 
0.1100 	 1.0000 	 0.7500 	 1.0000 
0.1200 	 1.0000 	 0.7500 	 1.0000 
0.1300 	 1.0000 	 0.7500 	 1.0000 
0.1400 	 1.0000 	 0.7500 	 1.0000 
0.1500 	 1.0000 	 0.7501 	 0.9999 
0.1600 	 0.9999 	 0.7502 	 0.9998 
0.1700 	 0.9996 	 0.7504 	 0.9995 
0.1800 	 0.9991 	 0.7511 	 0.9987 
0.1900 	 0.9978 	 0.7526 	 0.9969 
0.2000 	 0.9952 	 0.7557 	 0.9933 
0.2100 	 0.9905 	 0.7613 	 0.9868 
0.2200 	 0.9827 	 0.7705 	 0.9760 
0.2300 	 0.9711 	 0.7846 	 0.9598 
0.2400 	 0.9549 	 0.8043 	 0.9376 
0.2500 	 0.9341 	 0.8299 	 0.9093 
0.2600 	 0.9091 	 0.8613 	 0.8755 
0.2700 	 0.8804 	 0.8983 	 0.8371 
0.2800 	 0.8486 	 0.9403 	 0.7954 
0.2900 	 0.8146 	 0.9868 	 0.7513 
0.3000 	 0.7788 	 1.0374 	 0.7056 
0.3100 	 0.7407 	 1.0933 	 0.6579 
0.3200 	 0.6811 	 1.1859 	 0.5851 
0.3300 	 0.6475 	 1.2408 	 0.5453 
0.3400 	 0.6231 	 1.2820 	 0.5169 
0.3500 	 0.6049 	 1.3137 	 0.4960 
0.3600 	 0.5920 	 1.3365 	 0.4814 
0.3700 	 0.5837 	 1.3511 	 0.4723 
0.3800 	 0.5790 	 1.3591 	 0.4673 
0.3900 	 0.5766 	 1.3625 	 0.4652 
0.4000 	 0.5750 	 1.3635 	 0.4647 
0.4100 	 0.5730 	 1.3634 	 0.4647 
0.4200 	 0.5696 	 1.3630 	 0.4649 
0.4300 	 0.5638 	 1.3626 	 0.4652 
0.4400 	 0.5548 	 1.3623 	 0.4654 
0.4500 	 0.5418 	 1.3621 	 0.4655 
0.4600 	 0.5247 	 1.3619 	 0.4656 
0.4700 	 0.5036 	 1.3618 	 0.4657 
0.4800 	 0.4796 	 1.3617 	 0.4658 
0.4900 	 0.4542 	 1.3615 	 0.4658 
0.5000 	 0.4290 	 1.3614 	 0.4658 
0.5100 	 0.4059 	 1.3612 	 0.4658 
0.5200 	 0.3859 	 1.3608 	 0.4657 
0.5300 	 0.3698 	 1.3600 	 0.4653 
0.5400 	 0.3575 	 1.3582 	 0.4645 
0.5500 	 0.3484 	 1.3545 	 0.4628 
0.5600 	 0.3411 	 1.3461 	 0.4589 
0.5700 	 0.3335 	 1.3276 	 0.4504 
0.5800 	 0.3226 	 1.2874 	 0.4325 
0.5900 	 0.3030 	 1.2027 	 0.3967 
0.6000 	 0.2689 	 1.0352 	 0.3333 
0.6100 	 0.2192 	 0.7454 	 0.2440 
0.6200 	 0.1685 	 0.3759 	 0.1597 
0.6300 	 0.1379 	 0.1126 	 0.1156 
0.6400 	 0.1277 	 0.0228 	 0.1030 
0.6500 	 0.1255 	 0.0040 	 0.1005 
0.6600 	 0.1251 	 0.0007 	 0.1001 
0.6700 	 0.1250 	 0.0001 	 0.1000 
0.6800 	 0.1250 	 0.0000 	 0.1000 
0.6900 	 0.1250 	 0.0000 	 0.1000 
0.7000 	 0.1250 	 0.0000 	 0.1000 
0.7100 	 0.1250 	 0.0000 	 0.1000 
0.7200 	 0.1250 	 0.0000 	 0.1000 
0.7300 	 0.1250 	 0.0000 	 0.1000 
0.7400 	 0.1250 	 0.0000 	 0.1000 
0.7500 	 0.1250 	 0.0000 	 0.1000 
0.7600 	 0.1250 	 0.0000 	 0.1000 
0.7700 	 0.1250 	 0.0000 	 0.1000 
0.7800 	 0.1250 	 0.0000 	 0.1000 
0.7900 	 0.1250 	 0.0000 	 0.1000 
0.8000 	 0.1250 	 0.0000 	 0.1000 
0.8100 	 0.1250 	 0.0000 	 0.1000 
0.8200 	 0.1250 	 0.0000 	 0.1000 
0.8300 	 0.1250 	 0.0000 	 0.1000 
0.8400 	 0.1250 	 0.0000 	 0.1000 
0.8500 	 0.1250 	 0.0000 	 0.1000 
0.8600 	 0.1250 	 0.0000 	 0.1000 
0.8700 	 0.1250 	 0.0000 	 0.1000 
0.8800 	 0.1250 	 0.0000 	 0.1000 
0.8900 	 0.1250 	 0.0000 	 0.1000 
0.9000 	 0.1250 	 0.0000 	 0.1000 
0.9100 	 0.1250 	 0.0000 	 0.1000 
0.9200 	 0.1250 	 0.0000 	 0.1000 
0.9300 	 0.1250 	 0.0000 	 0.1000 
0.9400 	 0.1250 	 0.0000 	 0.1000 
0.9500 	 0.1250 	 0.0000 	 0.1000 
0.9600 	 0.1250 	 0.0000 	 0.1000 
0.9700 	 0.1250 	 0.0000 	 0.1000 
0.9800 	 0.1250 	 0.0000 	 0.1000 
0.9900 	 0.1250 	 0.0000 	 0.1000 
