0.0000 	 1.0000 	 0.7500 	 1.0000 
0.0100 	 1.0000 	 0.7500 	 1.0000 
0.0200 	 1.0000 	 0.7500 	 1.0000 
0.0300 	 1.0000 	 0.7500 	 1.0000 
0.0400 	 1.0000 	 0.7500 	 1.0000 
0.0500 	 1.0000 	 0.7500 	 1.0000 
0.0600 	 1.0000 	 0.7500 	 1.0000 
0.0700 	 1.0000 	 0.7500 	 1.0000 
0.0800 	 1.0000 	 0.7500 	 1.0000 
0.0900 	 1.0000 	 0.7500 	 1.0000 
0.1000 	 1.0000 	 0.7500 	 1.0000 
0.1100 	 1.0000 	 0.7500 	 1.0000 
0.1200 	 1.0000 	 0.7500 	 1.0000 
0.1300 	 1.0000 	 0.7500 	 1.0000 
0.1400 	 1.0000 	 0.7500 	 1.0000 
0.1500 	 1.0000 	 0.7500 	 1.0000 
0.1600 	 1.0000 	 0.7500 	 1.0000 
0.1700 	 1.0000 	 0.7500 	 1.0000 
0.1800 	 1.0000 	 0.7500 	 1.0000 
0.1900 	 0.9999 	 0.7501 	 0.9999 
0.2000 	 0.9997 	 0.7503 	 0.9996 
0.2100 	 0.9991 	 0.7510 	 0.9988 
0.2200 	 0.9975 	 0.7529 	 0.9965 
0.2300 	 0.9938 	 0.7573 	 0.9914 
0.2400 	 0.9863 	 0.7663 	 0.9809 
0.2500 	 0.9729 	 0.7823 	 0.9624 
0.2600 	 0.9520 	 0.8077 	 0.9337 
0.2700 	 0.9228 	 0.8439 	 0.8942 
0.2800 	 0.8857 	 0.8912 	 0.8445 
0.2900 	 0.8417 	 0.9493 	 0.7867 
0.3000 	 0.7923 	 1.0176 	 0.7232 
0.3100 	 0.7386 	 1.0959 	 0.6558 
0.3200 	 0.6594 	 1.2201 	 0.5600 
0.3300 	 0.6223 	 1.2822 	 0.5168 
0.3400 	 0.5984 	 1.3232 	 0.4899 
0.3500 	 0.5837 	 1.3478 	 0.4743 
0.3600 	 0.5751 	 1.3598 	 0.4669 
0.3700 	 0.5688 	 1.3639 	 0.4644 
0.3800 	 0.5608 	 1.3645 	 0.4641 
0.3900 	 0.5482 	 1.3640 	 0.4645 
0.4000 	 0.5293 	 1.3634 	 0.4648 
0.4100 	 0.5040 	 1.3628 	 0.4651 
0.4200 	 0.4741 	 1.3623 	 0.4651 
0.4300 	 0.4422 	 1.3614 	 0.4650 
0.4400 	 0.4115 	 1.3598 	 0.4644 
0.4500 	 0.3848 	 1.3562 	 0.4628 
0.4600 	 0.3629 	 1.3481 	 0.4590 
0.4700 	 0.3448 	 1.3295 	 0.4505 
0.4800 	 0.3268 	 1.2878 	 0.4319 
0.4900 	 0.3028 	 1.1977 	 0.3940 
0.5000 	 0.2650 	 1.0166 	 0.3266 
0.5100 	 0.2129 	 0.7065 	 0.2336 
0.5200 	 0.1628 	 0.3306 	 0.1513 
0.5300 	 0.1353 	 0.0897 	 0.1123 
0.5400 	 0.1270 	 0.0168 	 0.1022 
0.5500 	 0.1253 	 0.0028 	 0.1004 
0.5600 	 0.1251 	 0.0004 	 0.1001 
0.5700 	 0.1250 	 0.0001 	 0.1000 
0.5800 	 0.1250 	 0.0000 	 0.1000 
0.5900 	 0.1250 	 0.0000 	 0.1000 
0.6000 	 0.1250 	 0.0000 	 0.1000 
0.6100 	 0.1250 	 0.0000 	 0.1000 
0.6200 	 0.1250 	 0.0000 	 0.1000 
0.6300 	 0.1250 	 0.0000 	 0.1000 
0.6400 	 0.1250 	 0.0000 	 0.1000 
0.6500 	 0.1250 	 0.0000 	 0.1000 
0.6600 	 0.1250 	 0.0000 	 0.1000 
0.6700 	 0.1250 	 0.0000 	 0.1000 
0.6800 	 0.1250 	 0.0000 	 0.1000 
0.6900 	 0.1250 	 0.0000 	 0.1000 
0.7000 	 0.1250 	 0.0000 	 0.1000 
0.7100 	 0.1250 	 0.0000 	 0.1000 
0.7200 	 0.1250 	 0.0000 	 0.1000 
0.7300 	 0.1250 	 0.0000 	 0.1000 
0.7400 	 0.1250 	 0.0000 	 0.1000 
0.7500 	 0.1250 	 0.0000 	 0.1000 
0.7600 	 0.1250 	 0.0000 	 0.1000 
0.7700 	 0.1250 	 0.0000 	 0.1000 
0.7800 	 0.1250 	 0.0000 	 0.1000 
0.7900 	 0.1250 	 0.0000 	 0.1000 
0.8000 	 0.1250 	 0.0000 	 0.1000 
0.8100 	 0.1250 	 0.0000 	 0.1000 
0.8200 	 0.1250 	 0.0000 	 0.1000 
0.8300 	 0.1250 	 0.0000 	 0.1000 
0.8400 	 0.1250 	 0.0000 	 0.1000 
0.8500 	 0.1250 	 0.0000 	 0.1000 
0.8600 	 0.1250 	 0.0000 	 0.1000 
0.8700 	 0.1250 	 0.0000 	 0.1000 
0.8800 	 0.1250 	 0.0000 	 0.1000 
0.8900 	 0.1250 	 0.0000 	 0.1000 
0.9000 	 0.1250 	 0.0000 	 0.1000 
0.9100 	 0.1250 	 0.0000 	 0.1000 
0.9200 	 0.1250 	 0.0000 	 0.1000 
0.9300 	 0.1250 	 0.0000 	 0.1000 
0.9400 	 0.1250 	 0.0000 	 0.1000 
0.9500 	 0.1250 	 0.0000 	 0.1000 
0.9600 	 0.1250 	 0.0000 	 0.1000 
0.9700 	 0.1250 	 0.0000 	 0.1000 
0.9800 	 0.1250 	 0.0000 	 0.1000 
0.9900 	 0.1250 	 0.0000 	 0.1000 
