0.0000 	 1.0000 	 0.7500 	 1.0000 
0.0100 	 1.0000 	 0.7500 	 1.0000 
0.0200 	 1.0000 	 0.7500 	 1.0000 
0.0300 	 1.0000 	 0.7500 	 1.0000 
0.0400 	 1.0000 	 0.7500 	 1.0000 
0.0500 	 1.0000 	 0.7500 	 1.0000 
0.0600 	 1.0000 	 0.7500 	 1.0000 
0.0700 	 1.0000 	 0.7500 	 1.0000 
0.0800 	 1.0000 	 0.7500 	 1.0000 
0.0900 	 1.0000 	 0.7500 	 1.0000 
0.1000 	 1.0000 	 0.7500 	 1.0000 
0.1100 	 1.0000 	 0.7500 	 1.0000 
0.1200 	 1.0000 	 0.7500 	 1.0000 
0.1300 	 1.0000 	 0.7500 	 1.0000 
0.1400 	 1.0000 	 0.7500 	 1.0000 
0.1500 	 1.0000 	 0.7500 	 1.0000 
0.1600 	 1.0000 	 0.7500 	 1.0000 
0.1700 	 1.0000 	 0.7500 	 1.0000 
0.1800 	 1.0000 	 0.7500 	 1.0000 
0.1900 	 1.0000 	 0.7500 	 1.0000 
0.2000 	 0.9999 	 0.7501 	 0.9998 
0.2100 	 0.9996 	 0.7505 	 0.9994 
0.2200 	 0.9986 	 0.7516 	 0.9981 
0.2300 	 0.9962 	 0.7545 	 0.9947 
0.2400 	 0.9906 	 0.7611 	 0.9869 
0.2500 	 0.9797 	 0.7742 	 0.9717 
0.2600 	 0.9609 	 0.7968 	 0.9459 
0.2700 	 0.9329 	 0.8313 	 0.9078 
0.2800 	 0.8953 	 0.8788 	 0.8573 
0.2900 	 0.8491 	 0.9393 	 0.7965 
0.3000 	 0.7959 	 1.0122 	 0.7280 
0.3100 	 0.7373 	 1.0975 	 0.6544 
0.3200 	 0.6535 	 1.2294 	 0.5534 
0.3300 	 0.6160 	 1.2923 	 0.5101 
0.3400 	 0.5927 	 1.3318 	 0.4844 
0.3500 	 0.5789 	 1.3535 	 0.4709 
0.3600 	 0.5700 	 1.3625 	 0.4653 
0.3700 	 0.5610 	 1.3648 	 0.4640 
0.3800 	 0.5477 	 1.3645 	 0.4641 
0.3900 	 0.5275 	 1.3638 	 0.4646 
0.4000 	 0.5004 	 1.3631 	 0.4648 
0.4100 	 0.4683 	 1.3622 	 0.4648 
0.4200 	 0.4345 	 1.3607 	 0.4644 
0.4300 	 0.4026 	 1.3574 	 0.4630 
0.4400 	 0.3753 	 1.3502 	 0.4597 
0.4500 	 0.3526 	 1.3334 	 0.4520 
0.4600 	 0.3317 	 1.2951 	 0.4348 
0.4700 	 0.3066 	 1.2110 	 0.3992 
0.4800 	 0.2693 	 1.0390 	 0.3342 
0.4900 	 0.2174 	 0.7372 	 0.2416 
0.5000 	 0.1659 	 0.3567 	 0.1561 
0.5100 	 0.1364 	 0.0995 	 0.1137 
0.5200 	 0.1272 	 0.0187 	 0.1025 
0.5300 	 0.1254 	 0.0031 	 0.1004 
0.5400 	 0.1251 	 0.0005 	 0.1001 
0.5500 	 0.1250 	 0.0001 	 0.1000 
0.5600 	 0.1250 	 0.0000 	 0.1000 
0.5700 	 0.1250 	 0.0000 	 0.1000 
0.5800 	 0.1250 	 0.0000 	 0.1000 
0.5900 	 0.1250 	 0.0000 	 0.1000 
0.6000 	 0.1250 	 0.0000 	 0.1000 
0.6100 	 0.1250 	 0.0000 	 0.1000 
0.6200 	 0.1250 	 0.0000 	 0.1000 
0.6300 	 0.1250 	 0.0000 	 0.1000 
0.6400 	 0.1250 	 0.0000 	 0.1000 
0.6500 	 0.1250 	 0.0000 	 0.1000 
0.6600 	 0.1250 	 0.0000 	 0.1000 
0.6700 	 0.1250 	 0.0000 	 0.1000 
0.6800 	 0.1250 	 0.0000 	 0.1000 
0.6900 	 0.1250 	 0.0000 	 0.1000 
0.7000 	 0.1250 	 0.0000 	 0.1000 
0.7100 	 0.1250 	 0.0000 	 0.1000 
0.7200 	 0.1250 	 0.0000 	 0.1000 
0.7300 	 0.1250 	 0.0000 	 0.1000 
0.7400 	 0.1250 	 0.0000 	 0.1000 
0.7500 	 0.1250 	 0.0000 	 0.1000 
0.7600 	 0.1250 	 0.0000 	 0.1000 
0.7700 	 0.1250 	 0.0000 	 0.1000 
0.7800 	 0.1250 	 0.0000 	 0.1000 
0.7900 	 0.1250 	 0.0000 	 0.1000 
0.8000 	 0.1250 	 0.0000 	 0.1000 
0.8100 	 0.1250 	 0.0000 	 0.1000 
0.8200 	 0.1250 	 0.0000 	 0.1000 
0.8300 	 0.1250 	 0.0000 	 0.1000 
0.8400 	 0.1250 	 0.0000 	 0.1000 
0.8500 	 0.1250 	 0.0000 	 0.1000 
0.8600 	 0.1250 	 0.0000 	 0.1000 
0.8700 	 0.1250 	 0.0000 	 0.1000 
0.8800 	 0.1250 	 0.0000 	 0.1000 
0.8900 	 0.1250 	 0.0000 	 0.1000 
0.9000 	 0.1250 	 0.0000 	 0.1000 
0.9100 	 0.1250 	 0.0000 	 0.1000 
0.9200 	 0.1250 	 0.0000 	 0.1000 
0.9300 	 0.1250 	 0.0000 	 0.1000 
0.9400 	 0.1250 	 0.0000 	 0.1000 
0.9500 	 0.1250 	 0.0000 	 0.1000 
0.9600 	 0.1250 	 0.0000 	 0.1000 
0.9700 	 0.1250 	 0.0000 	 0.1000 
0.9800 	 0.1250 	 0.0000 	 0.1000 
0.9900 	 0.1250 	 0.0000 	 0.1000 
