0.0000 	 1.0000 	 0.7500 	 1.0000 
0.0100 	 1.0000 	 0.7500 	 1.0000 
0.0200 	 1.0000 	 0.7500 	 1.0000 
0.0300 	 1.0000 	 0.7500 	 1.0000 
0.0400 	 1.0000 	 0.7500 	 1.0000 
0.0500 	 1.0000 	 0.7500 	 1.0000 
0.0600 	 1.0000 	 0.7500 	 1.0000 
0.0700 	 1.0000 	 0.7500 	 1.0000 
0.0800 	 1.0000 	 0.7500 	 1.0000 
0.0900 	 1.0000 	 0.7500 	 1.0000 
0.1000 	 1.0000 	 0.7500 	 1.0000 
0.1100 	 1.0000 	 0.7500 	 1.0000 
0.1200 	 1.0000 	 0.7500 	 1.0000 
0.1300 	 1.0000 	 0.7500 	 1.0000 
0.1400 	 1.0000 	 0.7500 	 1.0000 
0.1500 	 1.0000 	 0.7500 	 1.0000 
0.1600 	 1.0000 	 0.7500 	 1.0000 
0.1700 	 1.0000 	 0.7500 	 1.0000 
0.1800 	 1.0000 	 0.7500 	 1.0000 
0.1900 	 1.0000 	 0.7500 	 1.0000 
0.2000 	 0.9999 	 0.7501 	 0.9999 
0.2100 	 0.9998 	 0.7503 	 0.9997 
0.2200 	 0.9992 	 0.7510 	 0.9988 
0.2300 	 0.9974 	 0.7531 	 0.9964 
0.2400 	 0.9931 	 0.7582 	 0.9903 
0.2500 	 0.9838 	 0.7693 	 0.9774 
0.2600 	 0.9668 	 0.7897 	 0.9541 
0.2700 	 0.9400 	 0.8225 	 0.9174 
0.2800 	 0.9023 	 0.8697 	 0.8668 
0.2900 	 0.8547 	 0.9317 	 0.8038 
0.3000 	 0.7986 	 1.0082 	 0.7316 
0.3100 	 0.7361 	 1.0991 	 0.6532 
0.3200 	 0.6491 	 1.2363 	 0.5485 
0.3300 	 0.6114 	 1.2995 	 0.5053 
0.3400 	 0.5886 	 1.3376 	 0.4808 
0.3500 	 0.5750 	 1.3569 	 0.4688 
0.3600 	 0.5650 	 1.3639 	 0.4645 
0.3700 	 0.5527 	 1.3651 	 0.4638 
0.3800 	 0.5342 	 1.3645 	 0.4642 
0.3900 	 0.5080 	 1.3635 	 0.4645 
0.4000 	 0.4756 	 1.3624 	 0.4646 
0.4100 	 0.4403 	 1.3606 	 0.4640 
0.4200 	 0.4064 	 1.3567 	 0.4624 
0.4300 	 0.3766 	 1.3478 	 0.4583 
0.4400 	 0.3515 	 1.3270 	 0.4488 
0.4500 	 0.3278 	 1.2795 	 0.4278 
0.4600 	 0.2987 	 1.1759 	 0.3849 
0.4700 	 0.2561 	 0.9693 	 0.3104 
0.4800 	 0.2015 	 0.6298 	 0.2143 
0.4900 	 0.1545 	 0.2604 	 0.1389 
0.5000 	 0.1321 	 0.0620 	 0.1084 
0.5100 	 0.1263 	 0.0108 	 0.1014 
0.5200 	 0.1252 	 0.0017 	 0.1002 
0.5300 	 0.1250 	 0.0003 	 0.1000 
0.5400 	 0.1250 	 0.0000 	 0.1000 
0.5500 	 0.1250 	 0.0000 	 0.1000 
0.5600 	 0.1250 	 0.0000 	 0.1000 
0.5700 	 0.1250 	 0.0000 	 0.1000 
0.5800 	 0.1250 	 0.0000 	 0.1000 
0.5900 	 0.1250 	 0.0000 	 0.1000 
0.6000 	 0.1250 	 0.0000 	 0.1000 
0.6100 	 0.1250 	 0.0000 	 0.1000 
0.6200 	 0.1250 	 0.0000 	 0.1000 
0.6300 	 0.1250 	 0.0000 	 0.1000 
0.6400 	 0.1250 	 0.0000 	 0.1000 
0.6500 	 0.1250 	 0.0000 	 0.1000 
0.6600 	 0.1250 	 0.0000 	 0.1000 
0.6700 	 0.1250 	 0.0000 	 0.1000 
0.6800 	 0.1250 	 0.0000 	 0.1000 
0.6900 	 0.1250 	 0.0000 	 0.1000 
0.7000 	 0.1250 	 0.0000 	 0.1000 
0.7100 	 0.1250 	 0.0000 	 0.1000 
0.7200 	 0.1250 	 0.0000 	 0.1000 
0.7300 	 0.1250 	 0.0000 	 0.1000 
0.7400 	 0.1250 	 0.0000 	 0.1000 
0.7500 	 0.1250 	 0.0000 	 0.1000 
0.7600 	 0.1250 	 0.0000 	 0.1000 
0.7700 	 0.1250 	 0.0000 	 0.1000 
0.7800 	 0.1250 	 0.0000 	 0.1000 
0.7900 	 0.1250 	 0.0000 	 0.1000 
0.8000 	 0.1250 	 0.0000 	 0.1000 
0.8100 	 0.1250 	 0.0000 	 0.1000 
0.8200 	 0.1250 	 0.0000 	 0.1000 
0.8300 	 0.1250 	 0.0000 	 0.1000 
0.8400 	 0.1250 	 0.0000 	 0.1000 
0.8500 	 0.1250 	 0.0000 	 0.1000 
0.8600 	 0.1250 	 0.0000 	 0.1000 
0.8700 	 0.1250 	 0.0000 	 0.1000 
0.8800 	 0.1250 	 0.0000 	 0.1000 
0.8900 	 0.1250 	 0.0000 	 0.1000 
0.9000 	 0.1250 	 0.0000 	 0.1000 
0.9100 	 0.1250 	 0.0000 	 0.1000 
0.9200 	 0.1250 	 0.0000 	 0.1000 
0.9300 	 0.1250 	 0.0000 	 0.1000 
0.9400 	 0.1250 	 0.0000 	 0.1000 
0.9500 	 0.1250 	 0.0000 	 0.1000 
0.9600 	 0.1250 	 0.0000 	 0.1000 
0.9700 	 0.1250 	 0.0000 	 0.1000 
0.9800 	 0.1250 	 0.0000 	 0.1000 
0.9900 	 0.1250 	 0.0000 	 0.1000 
