0.0000 	 1.0000 	 0.7500 	 1.0000 
0.0100 	 1.0000 	 0.7500 	 1.0000 
0.0200 	 1.0000 	 0.7500 	 1.0000 
0.0300 	 1.0000 	 0.7500 	 1.0000 
0.0400 	 1.0000 	 0.7500 	 1.0000 
0.0500 	 1.0000 	 0.7500 	 1.0000 
0.0600 	 1.0000 	 0.7500 	 1.0000 
0.0700 	 1.0000 	 0.7500 	 1.0000 
0.0800 	 1.0000 	 0.7500 	 1.0000 
0.0900 	 1.0000 	 0.7500 	 1.0000 
0.1000 	 1.0000 	 0.7500 	 1.0000 
0.1100 	 1.0000 	 0.7500 	 1.0000 
0.1200 	 0.9999 	 0.7501 	 0.9999 
0.1300 	 0.9999 	 0.7502 	 0.9998 
0.1400 	 0.9997 	 0.7504 	 0.9995 
0.1500 	 0.9992 	 0.7509 	 0.9989 
0.1600 	 0.9983 	 0.7520 	 0.9976 
0.1700 	 0.9966 	 0.7540 	 0.9952 
0.1800 	 0.9936 	 0.7576 	 0.9911 
0.1900 	 0.9888 	 0.7633 	 0.9843 
0.2000 	 0.9815 	 0.7720 	 0.9743 
0.2100 	 0.9715 	 0.7841 	 0.9604 
0.2200 	 0.9584 	 0.8000 	 0.9423 
0.2300 	 0.9422 	 0.8199 	 0.9202 
0.2400 	 0.9232 	 0.8436 	 0.8944 
0.2500 	 0.9017 	 0.8708 	 0.8655 
0.2600 	 0.8782 	 0.9013 	 0.8341 
0.2700 	 0.8529 	 0.9347 	 0.8009 
0.2800 	 0.8265 	 0.9706 	 0.7664 
0.2900 	 0.7990 	 1.0089 	 0.7310 
0.3000 	 0.7706 	 1.0495 	 0.6950 
0.3100 	 0.7405 	 1.0940 	 0.6574 
0.3200 	 0.6932 	 1.1670 	 0.5994 
0.3300 	 0.6635 	 1.2148 	 0.5639 
0.3400 	 0.6410 	 1.2522 	 0.5374 
0.3500 	 0.6225 	 1.2836 	 0.5159 
0.3600 	 0.6077 	 1.3095 	 0.4988 
0.3700 	 0.5962 	 1.3297 	 0.4857 
0.3800 	 0.5879 	 1.3445 	 0.4765 
0.3900 	 0.5826 	 1.3540 	 0.4705 
0.4000 	 0.5795 	 1.3595 	 0.4671 
0.4100 	 0.5780 	 1.3620 	 0.4655 
0.4200 	 0.5773 	 1.3629 	 0.4650 
0.4300 	 0.5768 	 1.3630 	 0.4650 
0.4400 	 0.5763 	 1.3627 	 0.4651 
0.4500 	 0.5753 	 1.3625 	 0.4653 
0.4600 	 0.5735 	 1.3622 	 0.4654 
0.4700 	 0.5703 	 1.3620 	 0.4656 
0.4800 	 0.5654 	 1.3618 	 0.4657 
0.4900 	 0.5582 	 1.3617 	 0.4657 
0.5000 	 0.5482 	 1.3616 	 0.4658 
0.5100 	 0.5351 	 1.3615 	 0.4659 
0.5200 	 0.5189 	 1.3614 	 0.4659 
0.5300 	 0.5000 	 1.3613 	 0.4660 
0.5400 	 0.4790 	 1.3613 	 0.4660 
0.5500 	 0.4571 	 1.3612 	 0.4660 
0.5600 	 0.4353 	 1.3612 	 0.4660 
0.5700 	 0.4147 	 1.3611 	 0.4660 
0.5800 	 0.3963 	 1.3611 	 0.4661 
0.5900 	 0.3806 	 1.3610 	 0.4660 
0.6000 	 0.3679 	 1.3609 	 0.4660 
0.6100 	 0.3582 	 1.3606 	 0.4659 
0.6200 	 0.3510 	 1.3601 	 0.4657 
0.6300 	 0.3459 	 1.3591 	 0.4652 
0.6400 	 0.3422 	 1.3567 	 0.4641 
0.6500 	 0.3391 	 1.3517 	 0.4618 
0.6600 	 0.3353 	 1.3406 	 0.4566 
0.6700 	 0.3291 	 1.3166 	 0.4457 
0.6800 	 0.3170 	 1.2655 	 0.4231 
0.6900 	 0.2941 	 1.1604 	 0.3799 
0.7000 	 0.2551 	 0.9599 	 0.3079 
0.7100 	 0.2032 	 0.6371 	 0.2162 
0.7200 	 0.1570 	 0.2797 	 0.1423 
0.7300 	 0.1335 	 0.0734 	 0.1100 
0.7400 	 0.1267 	 0.0142 	 0.1019 
0.7500 	 0.1253 	 0.0025 	 0.1003 
0.7600 	 0.1251 	 0.0004 	 0.1001 
0.7700 	 0.1250 	 0.0001 	 0.1000 
0.7800 	 0.1250 	 0.0000 	 0.1000 
0.7900 	 0.1250 	 0.0000 	 0.1000 
0.8000 	 0.1250 	 0.0000 	 0.1000 
0.8100 	 0.1250 	 0.0000 	 0.1000 
0.8200 	 0.1250 	 0.0000 	 0.1000 
0.8300 	 0.1250 	 0.0000 	 0.1000 
0.8400 	 0.1250 	 0.0000 	 0.1000 
0.8500 	 0.1250 	 0.0000 	 0.1000 
0.8600 	 0.1250 	 0.0000 	 0.1000 
0.8700 	 0.1250 	 0.0000 	 0.1000 
0.8800 	 0.1250 	 0.0000 	 0.1000 
0.8900 	 0.1250 	 0.0000 	 0.1000 
0.9000 	 0.1250 	 0.0000 	 0.1000 
0.9100 	 0.1250 	 0.0000 	 0.1000 
0.9200 	 0.1250 	 0.0000 	 0.1000 
0.9300 	 0.1250 	 0.0000 	 0.1000 
0.9400 	 0.1250 	 0.0000 	 0.1000 
0.9500 	 0.1250 	 0.0000 	 0.1000 
0.9600 	 0.1250 	 0.0000 	 0.1000 
0.9700 	 0.1250 	 0.0000 	 0.1000 
0.9800 	 0.1250 	 0.0000 	 0.1000 
0.9900 	 0.1250 	 0.0000 	 0.1000 
