0.0000 	 1.0000 	 0.7500 	 1.0000 
0.0100 	 1.0000 	 0.7500 	 1.0000 
0.0200 	 1.0000 	 0.7500 	 1.0000 
0.0300 	 1.0000 	 0.7500 	 1.0000 
0.0400 	 1.0000 	 0.7500 	 1.0000 
0.0500 	 1.0000 	 0.7500 	 1.0000 
0.0600 	 1.0000 	 0.7500 	 1.0000 
0.0700 	 1.0000 	 0.7500 	 1.0000 
0.0800 	 1.0000 	 0.7500 	 1.0000 
0.0900 	 1.0000 	 0.7500 	 1.0000 
0.1000 	 1.0000 	 0.7500 	 1.0000 
0.1100 	 1.0000 	 0.7500 	 1.0000 
0.1200 	 1.0000 	 0.7500 	 1.0000 
0.1300 	 1.0000 	 0.7500 	 1.0000 
0.1400 	 1.0000 	 0.7500 	 1.0000 
0.1500 	 1.0000 	 0.7500 	 1.0000 
0.1600 	 1.0000 	 0.7500 	 1.0000 
0.1700 	 0.9999 	 0.7501 	 0.9999 
0.1800 	 0.9997 	 0.7504 	 0.9996 
0.1900 	 0.9992 	 0.7510 	 0.9988 
0.2000 	 0.9979 	 0.7525 	 0.9970 
0.2100 	 0.9952 	 0.7557 	 0.9933 
0.2200 	 0.9900 	 0.7619 	 0.9861 
0.2300 	 0.9812 	 0.7724 	 0.9738 
0.2400 	 0.9676 	 0.7888 	 0.9550 
0.2500 	 0.9485 	 0.8121 	 0.9289 
0.2600 	 0.9239 	 0.8426 	 0.8955 
0.2700 	 0.8942 	 0.8803 	 0.8557 
0.2800 	 0.8603 	 0.9247 	 0.8107 
0.2900 	 0.8229 	 0.9752 	 0.7621 
0.3000 	 0.7830 	 1.0312 	 0.7110 
0.3100 	 0.7405 	 1.0936 	 0.6577 
0.3200 	 0.6745 	 1.1963 	 0.5774 
0.3300 	 0.6394 	 1.2542 	 0.5360 
0.3400 	 0.6147 	 1.2962 	 0.5075 
0.3500 	 0.5973 	 1.3267 	 0.4877 
0.3600 	 0.5860 	 1.3465 	 0.4752 
0.3700 	 0.5794 	 1.3575 	 0.4683 
0.3800 	 0.5758 	 1.3623 	 0.4654 
0.3900 	 0.5731 	 1.3637 	 0.4645 
0.4000 	 0.5696 	 1.3637 	 0.4646 
0.4100 	 0.5637 	 1.3632 	 0.4648 
0.4200 	 0.5541 	 1.3628 	 0.4651 
0.4300 	 0.5399 	 1.3625 	 0.4653 
0.4400 	 0.5209 	 1.3622 	 0.4655 
0.4500 	 0.4975 	 1.3620 	 0.4656 
0.4600 	 0.4711 	 1.3618 	 0.4656 
0.4700 	 0.4437 	 1.3616 	 0.4657 
0.4800 	 0.4174 	 1.3612 	 0.4656 
0.4900 	 0.3940 	 1.3606 	 0.4654 
0.5000 	 0.3747 	 1.3592 	 0.4648 
0.5100 	 0.3597 	 1.3561 	 0.4634 
0.5200 	 0.3482 	 1.3494 	 0.4602 
0.5300 	 0.3383 	 1.3342 	 0.4533 
0.5400 	 0.3270 	 1.3009 	 0.4383 
0.5500 	 0.3092 	 1.2295 	 0.4076 
0.5600 	 0.2784 	 1.0846 	 0.3509 
0.5700 	 0.2313 	 0.8224 	 0.2655 
0.5800 	 0.1785 	 0.4562 	 0.1756 
0.5900 	 0.1424 	 0.1526 	 0.1216 
0.6000 	 0.1288 	 0.0325 	 0.1043 
0.6100 	 0.1257 	 0.0058 	 0.1008 
0.6200 	 0.1251 	 0.0010 	 0.1001 
0.6300 	 0.1250 	 0.0002 	 0.1000 
0.6400 	 0.1250 	 0.0000 	 0.1000 
0.6500 	 0.1250 	 0.0000 	 0.1000 
0.6600 	 0.1250 	 0.0000 	 0.1000 
0.6700 	 0.1250 	 0.0000 	 0.1000 
0.6800 	 0.1250 	 0.0000 	 0.1000 
0.6900 	 0.1250 	 0.0000 	 0.1000 
0.7000 	 0.1250 	 0.0000 	 0.1000 
0.7100 	 0.1250 	 0.0000 	 0.1000 
0.7200 	 0.1250 	 0.0000 	 0.1000 
0.7300 	 0.1250 	 0.0000 	 0.1000 
0.7400 	 0.1250 	 0.0000 	 0.1000 
0.7500 	 0.1250 	 0.0000 	 0.1000 
0.7600 	 0.1250 	 0.0000 	 0.1000 
0.7700 	 0.1250 	 0.0000 	 0.1000 
0.7800 	 0.1250 	 0.0000 	 0.1000 
0.7900 	 0.1250 	 0.0000 	 0.1000 
0.8000 	 0.1250 	 0.0000 	 0.1000 
0.8100 	 0.1250 	 0.0000 	 0.1000 
0.8200 	 0.1250 	 0.0000 	 0.1000 
0.8300 	 0.1250 	 0.0000 	 0.1000 
0.8400 	 0.1250 	 0.0000 	 0.1000 
0.8500 	 0.1250 	 0.0000 	 0.1000 
0.8600 	 0.1250 	 0.0000 	 0.1000 
0.8700 	 0.1250 	 0.0000 	 0.1000 
0.8800 	 0.1250 	 0.0000 	 0.1000 
0.8900 	 0.1250 	 0.0000 	 0.1000 
0.9000 	 0.1250 	 0.0000 	 0.1000 
0.9100 	 0.1250 	 0.0000 	 0.1000 
0.9200 	 0.1250 	 0.0000 	 0.1000 
0.9300 	 0.1250 	 0.0000 	 0.1000 
0.9400 	 0.1250 	 0.0000 	 0.1000 
0.9500 	 0.1250 	 0.0000 	 0.1000 
0.9600 	 0.1250 	 0.0000 	 0.1000 
0.9700 	 0.1250 	 0.0000 	 0.1000 
0.9800 	 0.1250 	 0.0000 	 0.1000 
0.9900 	 0.1250 	 0.0000 	 0.1000 
