0.0000 	 1.0000 	 0.7500 	 1.0000 
0.0100 	 1.0000 	 0.7500 	 1.0000 
0.0200 	 1.0000 	 0.7500 	 1.0000 
0.0300 	 1.0000 	 0.7500 	 1.0000 
0.0400 	 1.0000 	 0.7500 	 1.0000 
0.0500 	 1.0000 	 0.7500 	 1.0000 
0.0600 	 1.0000 	 0.7500 	 1.0000 
0.0700 	 1.0000 	 0.7500 	 1.0000 
0.0800 	 1.0000 	 0.7500 	 1.0000 
0.0900 	 1.0000 	 0.7500 	 1.0000 
0.1000 	 1.0000 	 0.7500 	 1.0000 
0.1100 	 1.0000 	 0.7500 	 1.0000 
0.1200 	 1.0000 	 0.7500 	 1.0000 
0.1300 	 1.0000 	 0.7500 	 1.0000 
0.1400 	 1.0000 	 0.7500 	 1.0000 
0.1500 	 1.0000 	 0.7500 	 1.0000 
0.1600 	 1.0000 	 0.7500 	 1.0000 
0.1700 	 1.0000 	 0.7500 	 1.0000 
0.1800 	 1.0000 	 0.7500 	 1.0000 
0.1900 	 0.9999 	 0.7501 	 0.9998 
0.2000 	 0.9996 	 0.7504 	 0.9995 
0.2100 	 0.9989 	 0.7513 	 0.9985 
0.2200 	 0.9970 	 0.7535 	 0.9959 
0.2300 	 0.9929 	 0.7585 	 0.9900 
0.2400 	 0.9847 	 0.7682 	 0.9786 
0.2500 	 0.9706 	 0.7852 	 0.9591 
0.2600 	 0.9491 	 0.8113 	 0.9297 
0.2700 	 0.9197 	 0.8479 	 0.8898 
0.2800 	 0.8827 	 0.8951 	 0.8405 
0.2900 	 0.8394 	 0.9524 	 0.7837 
0.3000 	 0.7912 	 1.0192 	 0.7218 
0.3100 	 0.7389 	 1.0955 	 0.6562 
0.3200 	 0.6612 	 1.2172 	 0.5621 
0.3300 	 0.6242 	 1.2790 	 0.5190 
0.3400 	 0.6002 	 1.3203 	 0.4917 
0.3500 	 0.5852 	 1.3458 	 0.4756 
0.3600 	 0.5765 	 1.3588 	 0.4676 
0.3700 	 0.5706 	 1.3636 	 0.4647 
0.3800 	 0.5638 	 1.3644 	 0.4641 
0.3900 	 0.5531 	 1.3640 	 0.4644 
0.4000 	 0.5367 	 1.3634 	 0.4648 
0.4100 	 0.5140 	 1.3629 	 0.4651 
0.4200 	 0.4860 	 1.3624 	 0.4652 
0.4300 	 0.4550 	 1.3618 	 0.4652 
0.4400 	 0.4240 	 1.3608 	 0.4649 
0.4500 	 0.3960 	 1.3586 	 0.4639 
0.4600 	 0.3725 	 1.3537 	 0.4617 
0.4700 	 0.3537 	 1.3426 	 0.4566 
0.4800 	 0.3373 	 1.3175 	 0.4452 
0.4900 	 0.3186 	 1.2618 	 0.4208 
0.5000 	 0.2907 	 1.1442 	 0.3730 
0.5100 	 0.2473 	 0.9187 	 0.2944 
0.5200 	 0.1932 	 0.5684 	 0.1999 
0.5300 	 0.1499 	 0.2197 	 0.1322 
0.5400 	 0.1308 	 0.0505 	 0.1068 
0.5500 	 0.1261 	 0.0090 	 0.1012 
0.5600 	 0.1252 	 0.0015 	 0.1002 
0.5700 	 0.1250 	 0.0002 	 0.1000 
0.5800 	 0.1250 	 0.0000 	 0.1000 
0.5900 	 0.1250 	 0.0000 	 0.1000 
0.6000 	 0.1250 	 0.0000 	 0.1000 
0.6100 	 0.1250 	 0.0000 	 0.1000 
0.6200 	 0.1250 	 0.0000 	 0.1000 
0.6300 	 0.1250 	 0.0000 	 0.1000 
0.6400 	 0.1250 	 0.0000 	 0.1000 
0.6500 	 0.1250 	 0.0000 	 0.1000 
0.6600 	 0.1250 	 0.0000 	 0.1000 
0.6700 	 0.1250 	 0.0000 	 0.1000 
0.6800 	 0.1250 	 0.0000 	 0.1000 
0.6900 	 0.1250 	 0.0000 	 0.1000 
0.7000 	 0.1250 	 0.0000 	 0.1000 
0.7100 	 0.1250 	 0.0000 	 0.1000 
0.7200 	 0.1250 	 0.0000 	 0.1000 
0.7300 	 0.1250 	 0.0000 	 0.1000 
0.7400 	 0.1250 	 0.0000 	 0.1000 
0.7500 	 0.1250 	 0.0000 	 0.1000 
0.7600 	 0.1250 	 0.0000 	 0.1000 
0.7700 	 0.1250 	 0.0000 	 0.1000 
0.7800 	 0.1250 	 0.0000 	 0.1000 
0.7900 	 0.1250 	 0.0000 	 0.1000 
0.8000 	 0.1250 	 0.0000 	 0.1000 
0.8100 	 0.1250 	 0.0000 	 0.1000 
0.8200 	 0.1250 	 0.0000 	 0.1000 
0.8300 	 0.1250 	 0.0000 	 0.1000 
0.8400 	 0.1250 	 0.0000 	 0.1000 
0.8500 	 0.1250 	 0.0000 	 0.1000 
0.8600 	 0.1250 	 0.0000 	 0.1000 
0.8700 	 0.1250 	 0.0000 	 0.1000 
0.8800 	 0.1250 	 0.0000 	 0.1000 
0.8900 	 0.1250 	 0.0000 	 0.1000 
0.9000 	 0.1250 	 0.0000 	 0.1000 
0.9100 	 0.1250 	 0.0000 	 0.1000 
0.9200 	 0.1250 	 0.0000 	 0.1000 
0.9300 	 0.1250 	 0.0000 	 0.1000 
0.9400 	 0.1250 	 0.0000 	 0.1000 
0.9500 	 0.1250 	 0.0000 	 0.1000 
0.9600 	 0.1250 	 0.0000 	 0.1000 
0.9700 	 0.1250 	 0.0000 	 0.1000 
0.9800 	 0.1250 	 0.0000 	 0.1000 
0.9900 	 0.1250 	 0.0000 	 0.1000 
