0.0000 	 1.0000 	 0.7500 	 1.0000 
0.0100 	 1.0000 	 0.7500 	 1.0000 
0.0200 	 1.0000 	 0.7500 	 1.0000 
0.0300 	 1.0000 	 0.7500 	 1.0000 
0.0400 	 1.0000 	 0.7500 	 1.0000 
0.0500 	 1.0000 	 0.7500 	 1.0000 
0.0600 	 1.0000 	 0.7500 	 1.0000 
0.0700 	 1.0000 	 0.7500 	 1.0000 
0.0800 	 1.0000 	 0.7500 	 1.0000 
0.0900 	 1.0000 	 0.7500 	 1.0000 
0.1000 	 1.0000 	 0.7500 	 1.0000 
0.1100 	 1.0000 	 0.7500 	 1.0000 
0.1200 	 1.0000 	 0.7500 	 1.0000 
0.1300 	 1.0000 	 0.7500 	 1.0000 
0.1400 	 1.0000 	 0.7500 	 1.0000 
0.1500 	 1.0000 	 0.7500 	 1.0000 
0.1600 	 1.0000 	 0.7500 	 1.0000 
0.1700 	 1.0000 	 0.7500 	 1.0000 
0.1800 	 1.0000 	 0.7500 	 1.0000 
0.1900 	 0.9999 	 0.7501 	 0.9998 
0.2000 	 0.9996 	 0.7505 	 0.9994 
0.2100 	 0.9988 	 0.7514 	 0.9983 
0.2200 	 0.9968 	 0.7538 	 0.9955 
0.2300 	 0.9924 	 0.7591 	 0.9893 
0.2400 	 0.9838 	 0.7692 	 0.9775 
0.2500 	 0.9694 	 0.7866 	 0.9575 
0.2600 	 0.9476 	 0.8131 	 0.9277 
0.2700 	 0.9181 	 0.8499 	 0.8877 
0.2800 	 0.8813 	 0.8969 	 0.8386 
0.2900 	 0.8383 	 0.9539 	 0.7823 
0.3000 	 0.7906 	 1.0200 	 0.7211 
0.3100 	 0.7390 	 1.0953 	 0.6563 
0.3200 	 0.6621 	 1.2159 	 0.5631 
0.3300 	 0.6252 	 1.2775 	 0.5200 
0.3400 	 0.6010 	 1.3189 	 0.4927 
0.3500 	 0.5859 	 1.3448 	 0.4762 
0.3600 	 0.5771 	 1.3582 	 0.4679 
0.3700 	 0.5713 	 1.3633 	 0.4648 
0.3800 	 0.5651 	 1.3644 	 0.4642 
0.3900 	 0.5553 	 1.3640 	 0.4644 
0.4000 	 0.5400 	 1.3634 	 0.4648 
0.4100 	 0.5186 	 1.3629 	 0.4651 
0.4200 	 0.4916 	 1.3625 	 0.4652 
0.4300 	 0.4612 	 1.3620 	 0.4652 
0.4400 	 0.4303 	 1.3611 	 0.4650 
0.4500 	 0.4017 	 1.3594 	 0.4643 
0.4600 	 0.3775 	 1.3556 	 0.4626 
0.4700 	 0.3580 	 1.3470 	 0.4587 
0.4800 	 0.3417 	 1.3275 	 0.4498 
0.4900 	 0.3248 	 1.2840 	 0.4304 
0.5000 	 0.3009 	 1.1906 	 0.3913 
0.5100 	 0.2628 	 1.0046 	 0.3225 
0.5200 	 0.2105 	 0.6898 	 0.2293 
0.5300 	 0.1612 	 0.3166 	 0.1487 
0.5400 	 0.1347 	 0.0845 	 0.1116 
0.5500 	 0.1269 	 0.0158 	 0.1021 
0.5600 	 0.1253 	 0.0027 	 0.1004 
0.5700 	 0.1251 	 0.0004 	 0.1001 
0.5800 	 0.1250 	 0.0001 	 0.1000 
0.5900 	 0.1250 	 0.0000 	 0.1000 
0.6000 	 0.1250 	 0.0000 	 0.1000 
0.6100 	 0.1250 	 0.0000 	 0.1000 
0.6200 	 0.1250 	 0.0000 	 0.1000 
0.6300 	 0.1250 	 0.0000 	 0.1000 
0.6400 	 0.1250 	 0.0000 	 0.1000 
0.6500 	 0.1250 	 0.0000 	 0.1000 
0.6600 	 0.1250 	 0.0000 	 0.1000 
0.6700 	 0.1250 	 0.0000 	 0.1000 
0.6800 	 0.1250 	 0.0000 	 0.1000 
0.6900 	 0.1250 	 0.0000 	 0.1000 
0.7000 	 0.1250 	 0.0000 	 0.1000 
0.7100 	 0.1250 	 0.0000 	 0.1000 
0.7200 	 0.1250 	 0.0000 	 0.1000 
0.7300 	 0.1250 	 0.0000 	 0.1000 
0.7400 	 0.1250 	 0.0000 	 0.1000 
0.7500 	 0.1250 	 0.0000 	 0.1000 
0.7600 	 0.1250 	 0.0000 	 0.1000 
0.7700 	 0.1250 	 0.0000 	 0.1000 
0.7800 	 0.1250 	 0.0000 	 0.1000 
0.7900 	 0.1250 	 0.0000 	 0.1000 
0.8000 	 0.1250 	 0.0000 	 0.1000 
0.8100 	 0.1250 	 0.0000 	 0.1000 
0.8200 	 0.1250 	 0.0000 	 0.1000 
0.8300 	 0.1250 	 0.0000 	 0.1000 
0.8400 	 0.1250 	 0.0000 	 0.1000 
0.8500 	 0.1250 	 0.0000 	 0.1000 
0.8600 	 0.1250 	 0.0000 	 0.1000 
0.8700 	 0.1250 	 0.0000 	 0.1000 
0.8800 	 0.1250 	 0.0000 	 0.1000 
0.8900 	 0.1250 	 0.0000 	 0.1000 
0.9000 	 0.1250 	 0.0000 	 0.1000 
0.9100 	 0.1250 	 0.0000 	 0.1000 
0.9200 	 0.1250 	 0.0000 	 0.1000 
0.9300 	 0.1250 	 0.0000 	 0.1000 
0.9400 	 0.1250 	 0.0000 	 0.1000 
0.9500 	 0.1250 	 0.0000 	 0.1000 
0.9600 	 0.1250 	 0.0000 	 0.1000 
0.9700 	 0.1250 	 0.0000 	 0.1000 
0.9800 	 0.1250 	 0.0000 	 0.1000 
0.9900 	 0.1250 	 0.0000 	 0.1000 
