0.0000 	 1.0000 	 0.7500 	 1.0000 
0.0100 	 1.0000 	 0.7500 	 1.0000 
0.0200 	 1.0000 	 0.7500 	 1.0000 
0.0300 	 1.0000 	 0.7500 	 1.0000 
0.0400 	 1.0000 	 0.7500 	 1.0000 
0.0500 	 1.0000 	 0.7500 	 1.0000 
0.0600 	 1.0000 	 0.7500 	 1.0000 
0.0700 	 1.0000 	 0.7500 	 1.0000 
0.0800 	 1.0000 	 0.7500 	 1.0000 
0.0900 	 1.0000 	 0.7500 	 1.0000 
0.1000 	 1.0000 	 0.7500 	 1.0000 
0.1100 	 1.0000 	 0.7500 	 1.0000 
0.1200 	 1.0000 	 0.7500 	 1.0000 
0.1300 	 1.0000 	 0.7500 	 1.0000 
0.1400 	 0.9999 	 0.7501 	 0.9999 
0.1500 	 0.9997 	 0.7503 	 0.9996 
0.1600 	 0.9994 	 0.7507 	 0.9991 
0.1700 	 0.9985 	 0.7517 	 0.9980 
0.1800 	 0.9969 	 0.7537 	 0.9957 
0.1900 	 0.9939 	 0.7572 	 0.9915 
0.2000 	 0.9889 	 0.7632 	 0.9845 
0.2100 	 0.9811 	 0.7725 	 0.9736 
0.2200 	 0.9700 	 0.7859 	 0.9583 
0.2300 	 0.9553 	 0.8037 	 0.9381 
0.2400 	 0.9370 	 0.8263 	 0.9132 
0.2500 	 0.9154 	 0.8534 	 0.8839 
0.2600 	 0.8909 	 0.8847 	 0.8511 
0.2700 	 0.8640 	 0.9199 	 0.8155 
0.2800 	 0.8353 	 0.9584 	 0.7779 
0.2900 	 0.8052 	 1.0000 	 0.7391 
0.3000 	 0.7739 	 1.0446 	 0.6993 
0.3100 	 0.7407 	 1.0936 	 0.6577 
0.3200 	 0.6885 	 1.1744 	 0.5938 
0.3300 	 0.6571 	 1.2253 	 0.5563 
0.3400 	 0.6336 	 1.2645 	 0.5288 
0.3500 	 0.6150 	 1.2965 	 0.5073 
0.3600 	 0.6006 	 1.3216 	 0.4909 
0.3700 	 0.5903 	 1.3400 	 0.4793 
0.3800 	 0.5835 	 1.3520 	 0.4717 
0.3900 	 0.5796 	 1.3588 	 0.4675 
0.4000 	 0.5777 	 1.3620 	 0.4655 
0.4100 	 0.5767 	 1.3631 	 0.4649 
0.4200 	 0.5759 	 1.3632 	 0.4649 
0.4300 	 0.5747 	 1.3629 	 0.4650 
0.4400 	 0.5726 	 1.3626 	 0.4652 
0.4500 	 0.5688 	 1.3623 	 0.4654 
0.4600 	 0.5629 	 1.3621 	 0.4655 
0.4700 	 0.5542 	 1.3619 	 0.4656 
0.4800 	 0.5421 	 1.3617 	 0.4657 
0.4900 	 0.5264 	 1.3616 	 0.4658 
0.5000 	 0.5075 	 1.3615 	 0.4658 
0.5100 	 0.4859 	 1.3614 	 0.4659 
0.5200 	 0.4628 	 1.3614 	 0.4659 
0.5300 	 0.4394 	 1.3613 	 0.4660 
0.5400 	 0.4173 	 1.3612 	 0.4660 
0.5500 	 0.3974 	 1.3611 	 0.4660 
0.5600 	 0.3805 	 1.3610 	 0.4659 
0.5700 	 0.3670 	 1.3606 	 0.4658 
0.5800 	 0.3568 	 1.3600 	 0.4655 
0.5900 	 0.3493 	 1.3586 	 0.4649 
0.6000 	 0.3438 	 1.3555 	 0.4635 
0.6100 	 0.3393 	 1.3489 	 0.4604 
0.6200 	 0.3341 	 1.3342 	 0.4536 
0.6300 	 0.3258 	 1.3025 	 0.4393 
0.6400 	 0.3102 	 1.2354 	 0.4103 
0.6500 	 0.2816 	 1.1000 	 0.3568 
0.6600 	 0.2366 	 0.8531 	 0.2745 
0.6700 	 0.1838 	 0.4964 	 0.1841 
0.6800 	 0.1453 	 0.1783 	 0.1256 
0.6900 	 0.1297 	 0.0401 	 0.1054 
0.7000 	 0.1259 	 0.0073 	 0.1010 
0.7100 	 0.1252 	 0.0013 	 0.1002 
0.7200 	 0.1250 	 0.0002 	 0.1000 
0.7300 	 0.1250 	 0.0000 	 0.1000 
0.7400 	 0.1250 	 0.0000 	 0.1000 
0.7500 	 0.1250 	 0.0000 	 0.1000 
0.7600 	 0.1250 	 0.0000 	 0.1000 
0.7700 	 0.1250 	 0.0000 	 0.1000 
0.7800 	 0.1250 	 0.0000 	 0.1000 
0.7900 	 0.1250 	 0.0000 	 0.1000 
0.8000 	 0.1250 	 0.0000 	 0.1000 
0.8100 	 0.1250 	 0.0000 	 0.1000 
0.8200 	 0.1250 	 0.0000 	 0.1000 
0.8300 	 0.1250 	 0.0000 	 0.1000 
0.8400 	 0.1250 	 0.0000 	 0.1000 
0.8500 	 0.1250 	 0.0000 	 0.1000 
0.8600 	 0.1250 	 0.0000 	 0.1000 
0.8700 	 0.1250 	 0.0000 	 0.1000 
0.8800 	 0.1250 	 0.0000 	 0.1000 
0.8900 	 0.1250 	 0.0000 	 0.1000 
0.9000 	 0.1250 	 0.0000 	 0.1000 
0.9100 	 0.1250 	 0.0000 	 0.1000 
0.9200 	 0.1250 	 0.0000 	 0.1000 
0.9300 	 0.1250 	 0.0000 	 0.1000 
0.9400 	 0.1250 	 0.0000 	 0.1000 
0.9500 	 0.1250 	 0.0000 	 0.1000 
0.9600 	 0.1250 	 0.0000 	 0.1000 
0.9700 	 0.1250 	 0.0000 	 0.1000 
0.9800 	 0.1250 	 0.0000 	 0.1000 
0.9900 	 0.1250 	 0.0000 	 0.1000 
