0.0000 	 1.0000 	 0.7500 	 1.0000 
0.0100 	 1.0000 	 0.7500 	 1.0000 
0.0200 	 1.0000 	 0.7500 	 1.0000 
0.0300 	 1.0000 	 0.7500 	 1.0000 
0.0400 	 1.0000 	 0.7500 	 1.0000 
0.0500 	 1.0000 	 0.7500 	 1.0000 
0.0600 	 1.0000 	 0.7500 	 1.0000 
0.0700 	 1.0000 	 0.7500 	 1.0000 
0.0800 	 1.0000 	 0.7500 	 1.0000 
0.0900 	 1.0000 	 0.7500 	 1.0000 
0.1000 	 1.0000 	 0.7500 	 1.0000 
0.1100 	 1.0000 	 0.7500 	 1.0000 
0.1200 	 1.0000 	 0.7500 	 1.0000 
0.1300 	 1.0000 	 0.7500 	 1.0000 
0.1400 	 1.0000 	 0.7500 	 1.0000 
0.1500 	 1.0000 	 0.7501 	 0.9999 
0.1600 	 0.9999 	 0.7502 	 0.9998 
0.1700 	 0.9996 	 0.7505 	 0.9994 
0.1800 	 0.9990 	 0.7512 	 0.9986 
0.1900 	 0.9976 	 0.7528 	 0.9967 
0.2000 	 0.9949 	 0.7560 	 0.9929 
0.2100 	 0.9900 	 0.7618 	 0.9861 
0.2200 	 0.9821 	 0.7714 	 0.9750 
0.2300 	 0.9702 	 0.7857 	 0.9585 
0.2400 	 0.9538 	 0.8056 	 0.9361 
0.2500 	 0.9330 	 0.8313 	 0.9077 
0.2600 	 0.9079 	 0.8628 	 0.8739 
0.2700 	 0.8793 	 0.8997 	 0.8357 
0.2800 	 0.8478 	 0.9415 	 0.7942 
0.2900 	 0.8140 	 0.9877 	 0.7505 
0.3000 	 0.7785 	 1.0379 	 0.7051 
0.3100 	 0.7408 	 1.0933 	 0.6579 
0.3200 	 0.6816 	 1.1851 	 0.5857 
0.3300 	 0.6481 	 1.2398 	 0.5460 
0.3400 	 0.6238 	 1.2809 	 0.5177 
0.3500 	 0.6055 	 1.3127 	 0.4967 
0.3600 	 0.5925 	 1.3357 	 0.4820 
0.3700 	 0.5841 	 1.3505 	 0.4726 
0.3800 	 0.5793 	 1.3588 	 0.4676 
0.3900 	 0.5768 	 1.3624 	 0.4653 
0.4000 	 0.5752 	 1.3634 	 0.4647 
0.4100 	 0.5734 	 1.3634 	 0.4647 
0.4200 	 0.5703 	 1.3630 	 0.4649 
0.4300 	 0.5650 	 1.3627 	 0.4652 
0.4400 	 0.5566 	 1.3623 	 0.4654 
0.4500 	 0.5444 	 1.3621 	 0.4655 
0.4600 	 0.5281 	 1.3619 	 0.4656 
0.4700 	 0.5078 	 1.3618 	 0.4657 
0.4800 	 0.4844 	 1.3617 	 0.4658 
0.4900 	 0.4592 	 1.3615 	 0.4658 
0.5000 	 0.4340 	 1.3614 	 0.4658 
0.5100 	 0.4105 	 1.3612 	 0.4658 
0.5200 	 0.3899 	 1.3609 	 0.4657 
0.5300 	 0.3730 	 1.3603 	 0.4655 
0.5400 	 0.3600 	 1.3589 	 0.4649 
0.5500 	 0.3504 	 1.3559 	 0.4635 
0.5600 	 0.3429 	 1.3494 	 0.4605 
0.5700 	 0.3359 	 1.3349 	 0.4538 
0.5800 	 0.3266 	 1.3033 	 0.4395 
0.5900 	 0.3104 	 1.2360 	 0.4104 
0.6000 	 0.2814 	 1.0994 	 0.3565 
0.6100 	 0.2359 	 0.8500 	 0.2736 
0.6200 	 0.1830 	 0.4908 	 0.1829 
0.6300 	 0.1448 	 0.1739 	 0.1249 
0.6400 	 0.1295 	 0.0386 	 0.1052 
0.6500 	 0.1258 	 0.0070 	 0.1009 
0.6600 	 0.1251 	 0.0012 	 0.1002 
0.6700 	 0.1250 	 0.0002 	 0.1000 
0.6800 	 0.1250 	 0.0000 	 0.1000 
0.6900 	 0.1250 	 0.0000 	 0.1000 
0.7000 	 0.1250 	 0.0000 	 0.1000 
0.7100 	 0.1250 	 0.0000 	 0.1000 
0.7200 	 0.1250 	 0.0000 	 0.1000 
0.7300 	 0.1250 	 0.0000 	 0.1000 
0.7400 	 0.1250 	 0.0000 	 0.1000 
0.7500 	 0.1250 	 0.0000 	 0.1000 
0.7600 	 0.1250 	 0.0000 	 0.1000 
0.7700 	 0.1250 	 0.0000 	 0.1000 
0.7800 	 0.1250 	 0.0000 	 0.1000 
0.7900 	 0.1250 	 0.0000 	 0.1000 
0.8000 	 0.1250 	 0.0000 	 0.1000 
0.8100 	 0.1250 	 0.0000 	 0.1000 
0.8200 	 0.1250 	 0.0000 	 0.1000 
0.8300 	 0.1250 	 0.0000 	 0.1000 
0.8400 	 0.1250 	 0.0000 	 0.1000 
0.8500 	 0.1250 	 0.0000 	 0.1000 
0.8600 	 0.1250 	 0.0000 	 0.1000 
0.8700 	 0.1250 	 0.0000 	 0.1000 
0.8800 	 0.1250 	 0.0000 	 0.1000 
0.8900 	 0.1250 	 0.0000 	 0.1000 
0.9000 	 0.1250 	 0.0000 	 0.1000 
0.9100 	 0.1250 	 0.0000 	 0.1000 
0.9200 	 0.1250 	 0.0000 	 0.1000 
0.9300 	 0.1250 	 0.0000 	 0.1000 
0.9400 	 0.1250 	 0.0000 	 0.1000 
0.9500 	 0.1250 	 0.0000 	 0.1000 
0.9600 	 0.1250 	 0.0000 	 0.1000 
0.9700 	 0.1250 	 0.0000 	 0.1000 
0.9800 	 0.1250 	 0.0000 	 0.1000 
0.9900 	 0.1250 	 0.0000 	 0.1000 
