0.0000 	 1.0000 	 0.7500 	 1.0000 
0.0100 	 1.0000 	 0.7500 	 1.0000 
0.0200 	 1.0000 	 0.7500 	 1.0000 
0.0300 	 1.0000 	 0.7500 	 1.0000 
0.0400 	 1.0000 	 0.7500 	 1.0000 
0.0500 	 1.0000 	 0.7500 	 1.0000 
0.0600 	 1.0000 	 0.7500 	 1.0000 
0.0700 	 1.0000 	 0.7500 	 1.0000 
0.0800 	 1.0000 	 0.7500 	 1.0000 
0.0900 	 1.0000 	 0.7500 	 1.0000 
0.1000 	 1.0000 	 0.7500 	 1.0000 
0.1100 	 1.0000 	 0.7500 	 1.0000 
0.1200 	 0.9999 	 0.7501 	 0.9999 
0.1300 	 0.9998 	 0.7502 	 0.9998 
0.1400 	 0.9996 	 0.7505 	 0.9994 
0.1500 	 0.9990 	 0.7511 	 0.9987 
0.1600 	 0.9980 	 0.7524 	 0.9972 
0.1700 	 0.9960 	 0.7547 	 0.9944 
0.1800 	 0.9927 	 0.7587 	 0.9898 
0.1900 	 0.9875 	 0.7649 	 0.9825 
0.2000 	 0.9798 	 0.7741 	 0.9718 
0.2100 	 0.9693 	 0.7867 	 0.9573 
0.2200 	 0.9558 	 0.8031 	 0.9388 
0.2300 	 0.9395 	 0.8233 	 0.9165 
0.2400 	 0.9204 	 0.8471 	 0.8906 
0.2500 	 0.8990 	 0.8743 	 0.8618 
0.2600 	 0.8757 	 0.9046 	 0.8308 
0.2700 	 0.8508 	 0.9376 	 0.7980 
0.2800 	 0.8248 	 0.9730 	 0.7641 
0.2900 	 0.7978 	 1.0106 	 0.7295 
0.3000 	 0.7700 	 1.0505 	 0.6942 
0.3100 	 0.7404 	 1.0941 	 0.6573 
0.3200 	 0.6941 	 1.1656 	 0.6005 
0.3300 	 0.6648 	 1.2127 	 0.5654 
0.3400 	 0.6424 	 1.2498 	 0.5390 
0.3500 	 0.6241 	 1.2810 	 0.5177 
0.3600 	 0.6091 	 1.3069 	 0.5005 
0.3700 	 0.5974 	 1.3275 	 0.4872 
0.3800 	 0.5889 	 1.3427 	 0.4776 
0.3900 	 0.5833 	 1.3528 	 0.4712 
0.4000 	 0.5799 	 1.3588 	 0.4676 
0.4100 	 0.5782 	 1.3617 	 0.4658 
0.4200 	 0.5774 	 1.3628 	 0.4651 
0.4300 	 0.5771 	 1.3630 	 0.4650 
0.4400 	 0.5767 	 1.3628 	 0.4651 
0.4500 	 0.5759 	 1.3625 	 0.4653 
0.4600 	 0.5745 	 1.3622 	 0.4654 
0.4700 	 0.5721 	 1.3620 	 0.4655 
0.4800 	 0.5682 	 1.3618 	 0.4657 
0.4900 	 0.5623 	 1.3617 	 0.4657 
0.5000 	 0.5538 	 1.3616 	 0.4658 
0.5100 	 0.5425 	 1.3615 	 0.4659 
0.5200 	 0.5281 	 1.3614 	 0.4659 
0.5300 	 0.5108 	 1.3613 	 0.4659 
0.5400 	 0.4912 	 1.3613 	 0.4660 
0.5500 	 0.4700 	 1.3612 	 0.4660 
0.5600 	 0.4482 	 1.3612 	 0.4660 
0.5700 	 0.4270 	 1.3611 	 0.4661 
0.5800 	 0.4075 	 1.3611 	 0.4661 
0.5900 	 0.3902 	 1.3610 	 0.4661 
0.6000 	 0.3758 	 1.3610 	 0.4661 
0.6100 	 0.3643 	 1.3608 	 0.4660 
0.6200 	 0.3556 	 1.3606 	 0.4659 
0.6300 	 0.3493 	 1.3601 	 0.4657 
0.6400 	 0.3448 	 1.3589 	 0.4652 
0.6500 	 0.3415 	 1.3565 	 0.4640 
0.6600 	 0.3386 	 1.3511 	 0.4615 
0.6700 	 0.3349 	 1.3394 	 0.4561 
0.6800 	 0.3285 	 1.3142 	 0.4446 
0.6900 	 0.3159 	 1.2606 	 0.4210 
0.7000 	 0.2921 	 1.1508 	 0.3761 
0.7100 	 0.2521 	 0.9428 	 0.3023 
0.7200 	 0.1998 	 0.6134 	 0.2105 
0.7300 	 0.1548 	 0.2608 	 0.1390 
0.7400 	 0.1327 	 0.0666 	 0.1090 
0.7500 	 0.1265 	 0.0128 	 0.1017 
0.7600 	 0.1253 	 0.0023 	 0.1003 
0.7700 	 0.1250 	 0.0004 	 0.1001 
0.7800 	 0.1250 	 0.0001 	 0.1000 
0.7900 	 0.1250 	 0.0000 	 0.1000 
0.8000 	 0.1250 	 0.0000 	 0.1000 
0.8100 	 0.1250 	 0.0000 	 0.1000 
0.8200 	 0.1250 	 0.0000 	 0.1000 
0.8300 	 0.1250 	 0.0000 	 0.1000 
0.8400 	 0.1250 	 0.0000 	 0.1000 
0.8500 	 0.1250 	 0.0000 	 0.1000 
0.8600 	 0.1250 	 0.0000 	 0.1000 
0.8700 	 0.1250 	 0.0000 	 0.1000 
0.8800 	 0.1250 	 0.0000 	 0.1000 
0.8900 	 0.1250 	 0.0000 	 0.1000 
0.9000 	 0.1250 	 0.0000 	 0.1000 
0.9100 	 0.1250 	 0.0000 	 0.1000 
0.9200 	 0.1250 	 0.0000 	 0.1000 
0.9300 	 0.1250 	 0.0000 	 0.1000 
0.9400 	 0.1250 	 0.0000 	 0.1000 
0.9500 	 0.1250 	 0.0000 	 0.1000 
0.9600 	 0.1250 	 0.0000 	 0.1000 
0.9700 	 0.1250 	 0.0000 	 0.1000 
0.9800 	 0.1250 	 0.0000 	 0.1000 
0.9900 	 0.1250 	 0.0000 	 0.1000 
