0.0000 	 1.0000 	 0.7500 	 1.0000 
0.0100 	 1.0000 	 0.7500 	 1.0000 
0.0200 	 1.0000 	 0.7500 	 1.0000 
0.0300 	 1.0000 	 0.7500 	 1.0000 
0.0400 	 1.0000 	 0.7500 	 1.0000 
0.0500 	 1.0000 	 0.7500 	 1.0000 
0.0600 	 1.0000 	 0.7500 	 1.0000 
0.0700 	 1.0000 	 0.7500 	 1.0000 
0.0800 	 1.0000 	 0.7500 	 1.0000 
0.0900 	 1.0000 	 0.7500 	 1.0000 
0.1000 	 1.0000 	 0.7500 	 1.0000 
0.1100 	 0.9999 	 0.7501 	 0.9999 
0.1200 	 0.9999 	 0.7502 	 0.9998 
0.1300 	 0.9997 	 0.7504 	 0.9995 
0.1400 	 0.9992 	 0.7509 	 0.9989 
0.1500 	 0.9984 	 0.7519 	 0.9978 
0.1600 	 0.9969 	 0.7537 	 0.9956 
0.1700 	 0.9942 	 0.7569 	 0.9919 
0.1800 	 0.9899 	 0.7620 	 0.9859 
0.1900 	 0.9836 	 0.7695 	 0.9771 
0.2000 	 0.9748 	 0.7801 	 0.9649 
0.2100 	 0.9633 	 0.7940 	 0.9491 
0.2200 	 0.9491 	 0.8114 	 0.9296 
0.2300 	 0.9323 	 0.8322 	 0.9067 
0.2400 	 0.9131 	 0.8563 	 0.8808 
0.2500 	 0.8921 	 0.8833 	 0.8525 
0.2600 	 0.8694 	 0.9129 	 0.8224 
0.2700 	 0.8454 	 0.9449 	 0.7910 
0.2800 	 0.8205 	 0.9789 	 0.7586 
0.2900 	 0.7948 	 1.0148 	 0.7256 
0.3000 	 0.7684 	 1.0529 	 0.6922 
0.3100 	 0.7403 	 1.0944 	 0.6571 
0.3200 	 0.6963 	 1.1621 	 0.6032 
0.3300 	 0.6679 	 1.2077 	 0.5691 
0.3400 	 0.6461 	 1.2436 	 0.5433 
0.3500 	 0.6280 	 1.2743 	 0.5222 
0.3600 	 0.6130 	 1.3003 	 0.5048 
0.3700 	 0.6009 	 1.3215 	 0.4910 
0.3800 	 0.5917 	 1.3378 	 0.4806 
0.3900 	 0.5853 	 1.3493 	 0.4734 
0.4000 	 0.5813 	 1.3566 	 0.4689 
0.4100 	 0.5790 	 1.3605 	 0.4665 
0.4200 	 0.5779 	 1.3623 	 0.4654 
0.4300 	 0.5775 	 1.3629 	 0.4650 
0.4400 	 0.5772 	 1.3628 	 0.4651 
0.4500 	 0.5769 	 1.3626 	 0.4652 
0.4600 	 0.5763 	 1.3623 	 0.4654 
0.4700 	 0.5751 	 1.3621 	 0.4655 
0.4800 	 0.5731 	 1.3619 	 0.4656 
0.4900 	 0.5697 	 1.3618 	 0.4657 
0.5000 	 0.5647 	 1.3616 	 0.4658 
0.5100 	 0.5575 	 1.3615 	 0.4658 
0.5200 	 0.5476 	 1.3614 	 0.4659 
0.5300 	 0.5349 	 1.3614 	 0.4659 
0.5400 	 0.5194 	 1.3613 	 0.4660 
0.5500 	 0.5014 	 1.3613 	 0.4660 
0.5600 	 0.4815 	 1.3612 	 0.4660 
0.5700 	 0.4606 	 1.3612 	 0.4661 
0.5800 	 0.4396 	 1.3611 	 0.4661 
0.5900 	 0.4196 	 1.3611 	 0.4661 
0.6000 	 0.4014 	 1.3611 	 0.4661 
0.6100 	 0.3856 	 1.3610 	 0.4661 
0.6200 	 0.3724 	 1.3610 	 0.4661 
0.6300 	 0.3621 	 1.3609 	 0.4661 
0.6400 	 0.3542 	 1.3607 	 0.4660 
0.6500 	 0.3486 	 1.3603 	 0.4658 
0.6600 	 0.3446 	 1.3595 	 0.4655 
0.6700 	 0.3417 	 1.3579 	 0.4647 
0.6800 	 0.3394 	 1.3542 	 0.4630 
0.6900 	 0.3366 	 1.3462 	 0.4593 
0.7000 	 0.3320 	 1.3288 	 0.4513 
0.7100 	 0.3231 	 1.2917 	 0.4346 
0.7200 	 0.3056 	 1.2142 	 0.4015 
0.7300 	 0.2740 	 1.0604 	 0.3424 
0.7400 	 0.2263 	 0.7897 	 0.2562 
0.7500 	 0.1747 	 0.4254 	 0.1694 
0.7600 	 0.1408 	 0.1386 	 0.1195 
0.7700 	 0.1284 	 0.0296 	 0.1040 
0.7800 	 0.1256 	 0.0054 	 0.1007 
0.7900 	 0.1251 	 0.0009 	 0.1001 
0.8000 	 0.1250 	 0.0002 	 0.1000 
0.8100 	 0.1250 	 0.0000 	 0.1000 
0.8200 	 0.1250 	 0.0000 	 0.1000 
0.8300 	 0.1250 	 0.0000 	 0.1000 
0.8400 	 0.1250 	 0.0000 	 0.1000 
0.8500 	 0.1250 	 0.0000 	 0.1000 
0.8600 	 0.1250 	 0.0000 	 0.1000 
0.8700 	 0.1250 	 0.0000 	 0.1000 
0.8800 	 0.1250 	 0.0000 	 0.1000 
0.8900 	 0.1250 	 0.0000 	 0.1000 
0.9000 	 0.1250 	 0.0000 	 0.1000 
0.9100 	 0.1250 	 0.0000 	 0.1000 
0.9200 	 0.1250 	 0.0000 	 0.1000 
0.9300 	 0.1250 	 0.0000 	 0.1000 
0.9400 	 0.1250 	 0.0000 	 0.1000 
0.9500 	 0.1250 	 0.0000 	 0.1000 
0.9600 	 0.1250 	 0.0000 	 0.1000 
0.9700 	 0.1250 	 0.0000 	 0.1000 
0.9800 	 0.1250 	 0.0000 	 0.1000 
0.9900 	 0.1250 	 0.0000 	 0.1000 
