0.0000 	 1.0000 	 0.7500 	 1.0000 
0.0100 	 1.0000 	 0.7500 	 1.0000 
0.0200 	 1.0000 	 0.7500 	 1.0000 
0.0300 	 1.0000 	 0.7500 	 1.0000 
0.0400 	 1.0000 	 0.7500 	 1.0000 
0.0500 	 1.0000 	 0.7500 	 1.0000 
0.0600 	 1.0000 	 0.7500 	 1.0000 
0.0700 	 1.0000 	 0.7500 	 1.0000 
0.0800 	 1.0000 	 0.7500 	 1.0000 
0.0900 	 1.0000 	 0.7500 	 1.0000 
0.1000 	 1.0000 	 0.7500 	 1.0000 
0.1100 	 1.0000 	 0.7500 	 1.0000 
0.1200 	 1.0000 	 0.7500 	 1.0000 
0.1300 	 1.0000 	 0.7500 	 1.0000 
0.1400 	 1.0000 	 0.7500 	 1.0000 
0.1500 	 1.0000 	 0.7500 	 1.0000 
0.1600 	 1.0000 	 0.7500 	 1.0000 
0.1700 	 1.0000 	 0.7500 	 1.0000 
0.1800 	 1.0000 	 0.7500 	 1.0000 
0.1900 	 1.0000 	 0.7500 	 1.0000 
0.2000 	 1.0000 	 0.7500 	 1.0000 
0.2100 	 0.9999 	 0.7501 	 0.9999 
0.2200 	 0.9997 	 0.7503 	 0.9996 
0.2300 	 0.9990 	 0.7512 	 0.9986 
0.2400 	 0.9967 	 0.7539 	 0.9954 
0.2500 	 0.9909 	 0.7608 	 0.9873 
0.2600 	 0.9781 	 0.7761 	 0.9696 
0.2700 	 0.9548 	 0.8043 	 0.9376 
0.2800 	 0.9181 	 0.8497 	 0.8880 
0.2900 	 0.8678 	 0.9142 	 0.8213 
0.3000 	 0.8051 	 0.9987 	 0.7403 
0.3100 	 0.7324 	 1.1038 	 0.6493 
0.3200 	 0.6389 	 1.2520 	 0.5375 
0.3300 	 0.6009 	 1.3150 	 0.4952 
0.3400 	 0.5785 	 1.3488 	 0.4738 
0.3500 	 0.5634 	 1.3625 	 0.4654 
0.3600 	 0.5471 	 1.3656 	 0.4635 
0.3700 	 0.5236 	 1.3650 	 0.4637 
0.3800 	 0.4915 	 1.3633 	 0.4639 
0.3900 	 0.4535 	 1.3606 	 0.4632 
0.4000 	 0.4146 	 1.3547 	 0.4607 
0.4100 	 0.3791 	 1.3410 	 0.4545 
0.4200 	 0.3478 	 1.3088 	 0.4399 
0.4300 	 0.3167 	 1.2348 	 0.4082 
0.4400 	 0.2775 	 1.0772 	 0.3472 
0.4500 	 0.2248 	 0.7871 	 0.2550 
0.4600 	 0.1707 	 0.3976 	 0.1638 
0.4700 	 0.1379 	 0.1138 	 0.1158 
0.4800 	 0.1274 	 0.0208 	 0.1028 
0.4900 	 0.1254 	 0.0032 	 0.1004 
0.5000 	 0.1251 	 0.0005 	 0.1001 
0.5100 	 0.1250 	 0.0001 	 0.1000 
0.5200 	 0.1250 	 0.0000 	 0.1000 
0.5300 	 0.1250 	 0.0000 	 0.1000 
0.5400 	 0.1250 	 0.0000 	 0.1000 
0.5500 	 0.1250 	 0.0000 	 0.1000 
0.5600 	 0.1250 	 0.0000 	 0.1000 
0.5700 	 0.1250 	 0.0000 	 0.1000 
0.5800 	 0.1250 	 0.0000 	 0.1000 
0.5900 	 0.1250 	 0.0000 	 0.1000 
0.6000 	 0.1250 	 0.0000 	 0.1000 
0.6100 	 0.1250 	 0.0000 	 0.1000 
0.6200 	 0.1250 	 0.0000 	 0.1000 
0.6300 	 0.1250 	 0.0000 	 0.1000 
0.6400 	 0.1250 	 0.0000 	 0.1000 
0.6500 	 0.1250 	 0.0000 	 0.1000 
0.6600 	 0.1250 	 0.0000 	 0.1000 
0.6700 	 0.1250 	 0.0000 	 0.1000 
0.6800 	 0.1250 	 0.0000 	 0.1000 
0.6900 	 0.1250 	 0.0000 	 0.1000 
0.7000 	 0.1250 	 0.0000 	 0.1000 
0.7100 	 0.1250 	 0.0000 	 0.1000 
0.7200 	 0.1250 	 0.0000 	 0.1000 
0.7300 	 0.1250 	 0.0000 	 0.1000 
0.7400 	 0.1250 	 0.0000 	 0.1000 
0.7500 	 0.1250 	 0.0000 	 0.1000 
0.7600 	 0.1250 	 0.0000 	 0.1000 
0.7700 	 0.1250 	 0.0000 	 0.1000 
0.7800 	 0.1250 	 0.0000 	 0.1000 
0.7900 	 0.1250 	 0.0000 	 0.1000 
0.8000 	 0.1250 	 0.0000 	 0.1000 
0.8100 	 0.1250 	 0.0000 	 0.1000 
0.8200 	 0.1250 	 0.0000 	 0.1000 
0.8300 	 0.1250 	 0.0000 	 0.1000 
0.8400 	 0.1250 	 0.0000 	 0.1000 
0.8500 	 0.1250 	 0.0000 	 0.1000 
0.8600 	 0.1250 	 0.0000 	 0.1000 
0.8700 	 0.1250 	 0.0000 	 0.1000 
0.8800 	 0.1250 	 0.0000 	 0.1000 
0.8900 	 0.1250 	 0.0000 	 0.1000 
0.9000 	 0.1250 	 0.0000 	 0.1000 
0.9100 	 0.1250 	 0.0000 	 0.1000 
0.9200 	 0.1250 	 0.0000 	 0.1000 
0.9300 	 0.1250 	 0.0000 	 0.1000 
0.9400 	 0.1250 	 0.0000 	 0.1000 
0.9500 	 0.1250 	 0.0000 	 0.1000 
0.9600 	 0.1250 	 0.0000 	 0.1000 
0.9700 	 0.1250 	 0.0000 	 0.1000 
0.9800 	 0.1250 	 0.0000 	 0.1000 
0.9900 	 0.1250 	 0.0000 	 0.1000 
