0.0000 	 1.0000 	 0.7500 	 1.0000 
0.0100 	 1.0000 	 0.7500 	 1.0000 
0.0200 	 1.0000 	 0.7500 	 1.0000 
0.0300 	 1.0000 	 0.7500 	 1.0000 
0.0400 	 1.0000 	 0.7500 	 1.0000 
0.0500 	 1.0000 	 0.7500 	 1.0000 
0.0600 	 1.0000 	 0.7500 	 1.0000 
0.0700 	 1.0000 	 0.7500 	 1.0000 
0.0800 	 1.0000 	 0.7500 	 1.0000 
0.0900 	 1.0000 	 0.7500 	 1.0000 
0.1000 	 1.0000 	 0.7500 	 1.0000 
0.1100 	 1.0000 	 0.7500 	 1.0000 
0.1200 	 1.0000 	 0.7501 	 0.9999 
0.1300 	 0.9999 	 0.7501 	 0.9998 
0.1400 	 0.9997 	 0.7503 	 0.9996 
0.1500 	 0.9993 	 0.7508 	 0.9991 
0.1600 	 0.9985 	 0.7518 	 0.9979 
0.1700 	 0.9970 	 0.7536 	 0.9957 
0.1800 	 0.9942 	 0.7569 	 0.9919 
0.1900 	 0.9896 	 0.7623 	 0.9855 
0.2000 	 0.9827 	 0.7706 	 0.9759 
0.2100 	 0.9729 	 0.7823 	 0.9624 
0.2200 	 0.9601 	 0.7979 	 0.9446 
0.2300 	 0.9441 	 0.8176 	 0.9227 
0.2400 	 0.9251 	 0.8412 	 0.8970 
0.2500 	 0.9036 	 0.8684 	 0.8680 
0.2600 	 0.8799 	 0.8991 	 0.8364 
0.2700 	 0.8544 	 0.9327 	 0.8028 
0.2800 	 0.8276 	 0.9690 	 0.7679 
0.2900 	 0.7998 	 1.0077 	 0.7321 
0.3000 	 0.7711 	 1.0489 	 0.6956 
0.3100 	 0.7405 	 1.0940 	 0.6574 
0.3200 	 0.6926 	 1.1679 	 0.5987 
0.3300 	 0.6627 	 1.2162 	 0.5629 
0.3400 	 0.6400 	 1.2539 	 0.5362 
0.3500 	 0.6215 	 1.2853 	 0.5147 
0.3600 	 0.6067 	 1.3112 	 0.4977 
0.3700 	 0.5953 	 1.3312 	 0.4848 
0.3800 	 0.5873 	 1.3456 	 0.4757 
0.3900 	 0.5821 	 1.3548 	 0.4700 
0.4000 	 0.5792 	 1.3599 	 0.4668 
0.4100 	 0.5778 	 1.3623 	 0.4654 
0.4200 	 0.5771 	 1.3630 	 0.4650 
0.4300 	 0.5767 	 1.3630 	 0.4650 
0.4400 	 0.5760 	 1.3627 	 0.4651 
0.4500 	 0.5748 	 1.3624 	 0.4653 
0.4600 	 0.5726 	 1.3622 	 0.4655 
0.4700 	 0.5689 	 1.3620 	 0.4656 
0.4800 	 0.5633 	 1.3618 	 0.4657 
0.4900 	 0.5551 	 1.3617 	 0.4658 
0.5000 	 0.5439 	 1.3616 	 0.4658 
0.5100 	 0.5295 	 1.3615 	 0.4659 
0.5200 	 0.5121 	 1.3614 	 0.4659 
0.5300 	 0.4922 	 1.3613 	 0.4660 
0.5400 	 0.4706 	 1.3613 	 0.4660 
0.5500 	 0.4484 	 1.3612 	 0.4660 
0.5600 	 0.4268 	 1.3612 	 0.4660 
0.5700 	 0.4068 	 1.3611 	 0.4660 
0.5800 	 0.3893 	 1.3611 	 0.4660 
0.5900 	 0.3748 	 1.3610 	 0.4660 
0.6000 	 0.3633 	 1.3608 	 0.4660 
0.6100 	 0.3546 	 1.3604 	 0.4658 
0.6200 	 0.3484 	 1.3596 	 0.4654 
0.6300 	 0.3439 	 1.3579 	 0.4646 
0.6400 	 0.3405 	 1.3541 	 0.4629 
0.6500 	 0.3370 	 1.3458 	 0.4591 
0.6600 	 0.3319 	 1.3279 	 0.4508 
0.6700 	 0.3225 	 1.2893 	 0.4335 
0.6800 	 0.3044 	 1.2087 	 0.3993 
0.6900 	 0.2718 	 1.0494 	 0.3384 
0.7000 	 0.2233 	 0.7711 	 0.2510 
0.7100 	 0.1721 	 0.4050 	 0.1653 
0.7200 	 0.1396 	 0.1278 	 0.1179 
0.7300 	 0.1281 	 0.0267 	 0.1036 
0.7400 	 0.1256 	 0.0048 	 0.1006 
0.7500 	 0.1251 	 0.0008 	 0.1001 
0.7600 	 0.1250 	 0.0001 	 0.1000 
0.7700 	 0.1250 	 0.0000 	 0.1000 
0.7800 	 0.1250 	 0.0000 	 0.1000 
0.7900 	 0.1250 	 0.0000 	 0.1000 
0.8000 	 0.1250 	 0.0000 	 0.1000 
0.8100 	 0.1250 	 0.0000 	 0.1000 
0.8200 	 0.1250 	 0.0000 	 0.1000 
0.8300 	 0.1250 	 0.0000 	 0.1000 
0.8400 	 0.1250 	 0.0000 	 0.1000 
0.8500 	 0.1250 	 0.0000 	 0.1000 
0.8600 	 0.1250 	 0.0000 	 0.1000 
0.8700 	 0.1250 	 0.0000 	 0.1000 
0.8800 	 0.1250 	 0.0000 	 0.1000 
0.8900 	 0.1250 	 0.0000 	 0.1000 
0.9000 	 0.1250 	 0.0000 	 0.1000 
0.9100 	 0.1250 	 0.0000 	 0.1000 
0.9200 	 0.1250 	 0.0000 	 0.1000 
0.9300 	 0.1250 	 0.0000 	 0.1000 
0.9400 	 0.1250 	 0.0000 	 0.1000 
0.9500 	 0.1250 	 0.0000 	 0.1000 
0.9600 	 0.1250 	 0.0000 	 0.1000 
0.9700 	 0.1250 	 0.0000 	 0.1000 
0.9800 	 0.1250 	 0.0000 	 0.1000 
0.9900 	 0.1250 	 0.0000 	 0.1000 
