0.0000 	 1.0000 	 0.7500 	 1.0000 
0.0100 	 1.0000 	 0.7500 	 1.0000 
0.0200 	 1.0000 	 0.7500 	 1.0000 
0.0300 	 1.0000 	 0.7500 	 1.0000 
0.0400 	 1.0000 	 0.7500 	 1.0000 
0.0500 	 1.0000 	 0.7500 	 1.0000 
0.0600 	 1.0000 	 0.7500 	 1.0000 
0.0700 	 1.0000 	 0.7500 	 1.0000 
0.0800 	 1.0000 	 0.7500 	 1.0000 
0.0900 	 1.0000 	 0.7500 	 1.0000 
0.1000 	 1.0000 	 0.7500 	 1.0000 
0.1100 	 1.0000 	 0.7500 	 1.0000 
0.1200 	 1.0000 	 0.7500 	 1.0000 
0.1300 	 1.0000 	 0.7500 	 1.0000 
0.1400 	 1.0000 	 0.7500 	 1.0000 
0.1500 	 0.9999 	 0.7501 	 0.9999 
0.1600 	 0.9998 	 0.7503 	 0.9997 
0.1700 	 0.9994 	 0.7507 	 0.9992 
0.1800 	 0.9986 	 0.7516 	 0.9981 
0.1900 	 0.9969 	 0.7537 	 0.9957 
0.2000 	 0.9937 	 0.7575 	 0.9911 
0.2100 	 0.9881 	 0.7642 	 0.9833 
0.2200 	 0.9792 	 0.7747 	 0.9711 
0.2300 	 0.9665 	 0.7901 	 0.9535 
0.2400 	 0.9496 	 0.8108 	 0.9303 
0.2500 	 0.9284 	 0.8370 	 0.9015 
0.2600 	 0.9034 	 0.8686 	 0.8678 
0.2700 	 0.8752 	 0.9051 	 0.8303 
0.2800 	 0.8444 	 0.9461 	 0.7898 
0.2900 	 0.8116 	 0.9910 	 0.7473 
0.3000 	 0.7772 	 1.0397 	 0.7036 
0.3100 	 0.7408 	 1.0934 	 0.6579 
0.3200 	 0.6835 	 1.1822 	 0.5879 
0.3300 	 0.6505 	 1.2359 	 0.5488 
0.3400 	 0.6264 	 1.2766 	 0.5206 
0.3500 	 0.6079 	 1.3085 	 0.4994 
0.3600 	 0.5945 	 1.3322 	 0.4842 
0.3700 	 0.5855 	 1.3481 	 0.4742 
0.3800 	 0.5803 	 1.3573 	 0.4685 
0.3900 	 0.5775 	 1.3617 	 0.4658 
0.4000 	 0.5760 	 1.3632 	 0.4648 
0.4100 	 0.5747 	 1.3634 	 0.4647 
0.4200 	 0.5725 	 1.3631 	 0.4649 
0.4300 	 0.5688 	 1.3627 	 0.4651 
0.4400 	 0.5626 	 1.3624 	 0.4653 
0.4500 	 0.5533 	 1.3622 	 0.4655 
0.4600 	 0.5401 	 1.3620 	 0.4656 
0.4700 	 0.5230 	 1.3618 	 0.4657 
0.4800 	 0.5022 	 1.3617 	 0.4658 
0.4900 	 0.4787 	 1.3616 	 0.4658 
0.5000 	 0.4539 	 1.3615 	 0.4659 
0.5100 	 0.4295 	 1.3614 	 0.4659 
0.5200 	 0.4069 	 1.3612 	 0.4659 
0.5300 	 0.3873 	 1.3609 	 0.4658 
0.5400 	 0.3714 	 1.3604 	 0.4656 
0.5500 	 0.3592 	 1.3593 	 0.4651 
0.5600 	 0.3501 	 1.3568 	 0.4640 
0.5700 	 0.3433 	 1.3514 	 0.4615 
0.5800 	 0.3370 	 1.3395 	 0.4559 
0.5900 	 0.3290 	 1.3134 	 0.4441 
0.6000 	 0.3153 	 1.2576 	 0.4196 
0.6100 	 0.2902 	 1.1427 	 0.3729 
0.6200 	 0.2489 	 0.9257 	 0.2968 
0.6300 	 0.1961 	 0.5874 	 0.2044 
0.6400 	 0.1522 	 0.2392 	 0.1354 
0.6500 	 0.1318 	 0.0586 	 0.1079 
0.6600 	 0.1263 	 0.0110 	 0.1015 
0.6700 	 0.1252 	 0.0019 	 0.1003 
0.6800 	 0.1250 	 0.0003 	 0.1000 
0.6900 	 0.1250 	 0.0001 	 0.1000 
0.7000 	 0.1250 	 0.0000 	 0.1000 
0.7100 	 0.1250 	 0.0000 	 0.1000 
0.7200 	 0.1250 	 0.0000 	 0.1000 
0.7300 	 0.1250 	 0.0000 	 0.1000 
0.7400 	 0.1250 	 0.0000 	 0.1000 
0.7500 	 0.1250 	 0.0000 	 0.1000 
0.7600 	 0.1250 	 0.0000 	 0.1000 
0.7700 	 0.1250 	 0.0000 	 0.1000 
0.7800 	 0.1250 	 0.0000 	 0.1000 
0.7900 	 0.1250 	 0.0000 	 0.1000 
0.8000 	 0.1250 	 0.0000 	 0.1000 
0.8100 	 0.1250 	 0.0000 	 0.1000 
0.8200 	 0.1250 	 0.0000 	 0.1000 
0.8300 	 0.1250 	 0.0000 	 0.1000 
0.8400 	 0.1250 	 0.0000 	 0.1000 
0.8500 	 0.1250 	 0.0000 	 0.1000 
0.8600 	 0.1250 	 0.0000 	 0.1000 
0.8700 	 0.1250 	 0.0000 	 0.1000 
0.8800 	 0.1250 	 0.0000 	 0.1000 
0.8900 	 0.1250 	 0.0000 	 0.1000 
0.9000 	 0.1250 	 0.0000 	 0.1000 
0.9100 	 0.1250 	 0.0000 	 0.1000 
0.9200 	 0.1250 	 0.0000 	 0.1000 
0.9300 	 0.1250 	 0.0000 	 0.1000 
0.9400 	 0.1250 	 0.0000 	 0.1000 
0.9500 	 0.1250 	 0.0000 	 0.1000 
0.9600 	 0.1250 	 0.0000 	 0.1000 
0.9700 	 0.1250 	 0.0000 	 0.1000 
0.9800 	 0.1250 	 0.0000 	 0.1000 
0.9900 	 0.1250 	 0.0000 	 0.1000 
