0.0000 	 1.0000 	 0.7500 	 1.0000 
0.0100 	 1.0000 	 0.7500 	 1.0000 
0.0200 	 1.0000 	 0.7500 	 1.0000 
0.0300 	 1.0000 	 0.7500 	 1.0000 
0.0400 	 1.0000 	 0.7500 	 1.0000 
0.0500 	 1.0000 	 0.7500 	 1.0000 
0.0600 	 1.0000 	 0.7500 	 1.0000 
0.0700 	 1.0000 	 0.7500 	 1.0000 
0.0800 	 1.0000 	 0.7500 	 1.0000 
0.0900 	 1.0000 	 0.7500 	 1.0000 
0.1000 	 1.0000 	 0.7500 	 1.0000 
0.1100 	 1.0000 	 0.7500 	 1.0000 
0.1200 	 1.0000 	 0.7500 	 1.0000 
0.1300 	 1.0000 	 0.7500 	 1.0000 
0.1400 	 1.0000 	 0.7500 	 1.0000 
0.1500 	 1.0000 	 0.7500 	 1.0000 
0.1600 	 1.0000 	 0.7500 	 1.0000 
0.1700 	 1.0000 	 0.7500 	 1.0000 
0.1800 	 1.0000 	 0.7500 	 1.0000 
0.1900 	 1.0000 	 0.7500 	 1.0000 
0.2000 	 1.0000 	 0.7500 	 1.0000 
0.2100 	 0.9999 	 0.7501 	 0.9999 
0.2200 	 0.9997 	 0.7504 	 0.9996 
0.2300 	 0.9989 	 0.7514 	 0.9984 
0.2400 	 0.9964 	 0.7543 	 0.9949 
0.2500 	 0.9901 	 0.7618 	 0.9862 
0.2600 	 0.9768 	 0.7777 	 0.9678 
0.2700 	 0.9529 	 0.8066 	 0.9350 
0.2800 	 0.9160 	 0.8523 	 0.8852 
0.2900 	 0.8660 	 0.9166 	 0.8189 
0.3000 	 0.8042 	 1.0001 	 0.7391 
0.3100 	 0.7330 	 1.1030 	 0.6499 
0.3200 	 0.6403 	 1.2499 	 0.5389 
0.3300 	 0.6023 	 1.3130 	 0.4965 
0.3400 	 0.5800 	 1.3475 	 0.4747 
0.3500 	 0.5653 	 1.3619 	 0.4658 
0.3600 	 0.5501 	 1.3655 	 0.4636 
0.3700 	 0.5284 	 1.3651 	 0.4637 
0.3800 	 0.4981 	 1.3636 	 0.4640 
0.3900 	 0.4614 	 1.3614 	 0.4636 
0.4000 	 0.4229 	 1.3568 	 0.4618 
0.4100 	 0.3870 	 1.3464 	 0.4571 
0.4200 	 0.3557 	 1.3217 	 0.4458 
0.4300 	 0.3263 	 1.2647 	 0.4208 
0.4400 	 0.2912 	 1.1398 	 0.3705 
0.4500 	 0.2430 	 0.8965 	 0.2870 
0.4600 	 0.1869 	 0.5250 	 0.1901 
0.4700 	 0.1456 	 0.1829 	 0.1262 
0.4800 	 0.1294 	 0.0376 	 0.1050 
0.4900 	 0.1257 	 0.0061 	 0.1008 
0.5000 	 0.1251 	 0.0009 	 0.1001 
0.5100 	 0.1250 	 0.0001 	 0.1000 
0.5200 	 0.1250 	 0.0000 	 0.1000 
0.5300 	 0.1250 	 0.0000 	 0.1000 
0.5400 	 0.1250 	 0.0000 	 0.1000 
0.5500 	 0.1250 	 0.0000 	 0.1000 
0.5600 	 0.1250 	 0.0000 	 0.1000 
0.5700 	 0.1250 	 0.0000 	 0.1000 
0.5800 	 0.1250 	 0.0000 	 0.1000 
0.5900 	 0.1250 	 0.0000 	 0.1000 
0.6000 	 0.1250 	 0.0000 	 0.1000 
0.6100 	 0.1250 	 0.0000 	 0.1000 
0.6200 	 0.1250 	 0.0000 	 0.1000 
0.6300 	 0.1250 	 0.0000 	 0.1000 
0.6400 	 0.1250 	 0.0000 	 0.1000 
0.6500 	 0.1250 	 0.0000 	 0.1000 
0.6600 	 0.1250 	 0.0000 	 0.1000 
0.6700 	 0.1250 	 0.0000 	 0.1000 
0.6800 	 0.1250 	 0.0000 	 0.1000 
0.6900 	 0.1250 	 0.0000 	 0.1000 
0.7000 	 0.1250 	 0.0000 	 0.1000 
0.7100 	 0.1250 	 0.0000 	 0.1000 
0.7200 	 0.1250 	 0.0000 	 0.1000 
0.7300 	 0.1250 	 0.0000 	 0.1000 
0.7400 	 0.1250 	 0.0000 	 0.1000 
0.7500 	 0.1250 	 0.0000 	 0.1000 
0.7600 	 0.1250 	 0.0000 	 0.1000 
0.7700 	 0.1250 	 0.0000 	 0.1000 
0.7800 	 0.1250 	 0.0000 	 0.1000 
0.7900 	 0.1250 	 0.0000 	 0.1000 
0.8000 	 0.1250 	 0.0000 	 0.1000 
0.8100 	 0.1250 	 0.0000 	 0.1000 
0.8200 	 0.1250 	 0.0000 	 0.1000 
0.8300 	 0.1250 	 0.0000 	 0.1000 
0.8400 	 0.1250 	 0.0000 	 0.1000 
0.8500 	 0.1250 	 0.0000 	 0.1000 
0.8600 	 0.1250 	 0.0000 	 0.1000 
0.8700 	 0.1250 	 0.0000 	 0.1000 
0.8800 	 0.1250 	 0.0000 	 0.1000 
0.8900 	 0.1250 	 0.0000 	 0.1000 
0.9000 	 0.1250 	 0.0000 	 0.1000 
0.9100 	 0.1250 	 0.0000 	 0.1000 
0.9200 	 0.1250 	 0.0000 	 0.1000 
0.9300 	 0.1250 	 0.0000 	 0.1000 
0.9400 	 0.1250 	 0.0000 	 0.1000 
0.9500 	 0.1250 	 0.0000 	 0.1000 
0.9600 	 0.1250 	 0.0000 	 0.1000 
0.9700 	 0.1250 	 0.0000 	 0.1000 
0.9800 	 0.1250 	 0.0000 	 0.1000 
0.9900 	 0.1250 	 0.0000 	 0.1000 
