0.0000 	 1.0000 	 0.7500 	 1.0000 
0.0100 	 1.0000 	 0.7500 	 1.0000 
0.0200 	 1.0000 	 0.7500 	 1.0000 
0.0300 	 1.0000 	 0.7500 	 1.0000 
0.0400 	 1.0000 	 0.7500 	 1.0000 
0.0500 	 1.0000 	 0.7500 	 1.0000 
0.0600 	 1.0000 	 0.7500 	 1.0000 
0.0700 	 1.0000 	 0.7500 	 1.0000 
0.0800 	 1.0000 	 0.7500 	 1.0000 
0.0900 	 1.0000 	 0.7500 	 1.0000 
0.1000 	 1.0000 	 0.7500 	 1.0000 
0.1100 	 0.9999 	 0.7501 	 0.9999 
0.1200 	 0.9998 	 0.7502 	 0.9998 
0.1300 	 0.9996 	 0.7504 	 0.9995 
0.1400 	 0.9992 	 0.7510 	 0.9989 
0.1500 	 0.9983 	 0.7520 	 0.9976 
0.1600 	 0.9967 	 0.7539 	 0.9954 
0.1700 	 0.9939 	 0.7572 	 0.9915 
0.1800 	 0.9896 	 0.7624 	 0.9854 
0.1900 	 0.9831 	 0.7701 	 0.9764 
0.2000 	 0.9741 	 0.7809 	 0.9640 
0.2100 	 0.9625 	 0.7949 	 0.9480 
0.2200 	 0.9482 	 0.8125 	 0.9284 
0.2300 	 0.9314 	 0.8333 	 0.9055 
0.2400 	 0.9123 	 0.8574 	 0.8796 
0.2500 	 0.8912 	 0.8844 	 0.8514 
0.2600 	 0.8686 	 0.9139 	 0.8214 
0.2700 	 0.8448 	 0.9457 	 0.7901 
0.2800 	 0.8200 	 0.9796 	 0.7579 
0.2900 	 0.7945 	 1.0154 	 0.7252 
0.3000 	 0.7682 	 1.0531 	 0.6919 
0.3100 	 0.7403 	 1.0945 	 0.6570 
0.3200 	 0.6966 	 1.1617 	 0.6035 
0.3300 	 0.6683 	 1.2071 	 0.5695 
0.3400 	 0.6466 	 1.2429 	 0.5438 
0.3500 	 0.6285 	 1.2735 	 0.5227 
0.3600 	 0.6134 	 1.2995 	 0.5053 
0.3700 	 0.6013 	 1.3208 	 0.4915 
0.3800 	 0.5921 	 1.3372 	 0.4810 
0.3900 	 0.5856 	 1.3488 	 0.4737 
0.4000 	 0.5814 	 1.3563 	 0.4691 
0.4100 	 0.5791 	 1.3604 	 0.4666 
0.4200 	 0.5780 	 1.3622 	 0.4654 
0.4300 	 0.5775 	 1.3628 	 0.4651 
0.4400 	 0.5773 	 1.3628 	 0.4651 
0.4500 	 0.5770 	 1.3626 	 0.4652 
0.4600 	 0.5764 	 1.3623 	 0.4654 
0.4700 	 0.5754 	 1.3621 	 0.4655 
0.4800 	 0.5735 	 1.3619 	 0.4656 
0.4900 	 0.5704 	 1.3618 	 0.4657 
0.5000 	 0.5657 	 1.3616 	 0.4658 
0.5100 	 0.5589 	 1.3615 	 0.4658 
0.5200 	 0.5496 	 1.3615 	 0.4659 
0.5300 	 0.5374 	 1.3614 	 0.4659 
0.5400 	 0.5225 	 1.3613 	 0.4660 
0.5500 	 0.5050 	 1.3613 	 0.4660 
0.5600 	 0.4854 	 1.3612 	 0.4660 
0.5700 	 0.4647 	 1.3612 	 0.4661 
0.5800 	 0.4438 	 1.3611 	 0.4661 
0.5900 	 0.4236 	 1.3611 	 0.4661 
0.6000 	 0.4050 	 1.3611 	 0.4661 
0.6100 	 0.3887 	 1.3610 	 0.4661 
0.6200 	 0.3750 	 1.3610 	 0.4661 
0.6300 	 0.3641 	 1.3609 	 0.4661 
0.6400 	 0.3558 	 1.3607 	 0.4660 
0.6500 	 0.3497 	 1.3605 	 0.4659 
0.6600 	 0.3454 	 1.3598 	 0.4656 
0.6700 	 0.3424 	 1.3585 	 0.4650 
0.6800 	 0.3400 	 1.3556 	 0.4637 
0.6900 	 0.3375 	 1.3494 	 0.4608 
0.7000 	 0.3337 	 1.3357 	 0.4545 
0.7100 	 0.3265 	 1.3064 	 0.4411 
0.7200 	 0.3123 	 1.2445 	 0.4142 
0.7300 	 0.2856 	 1.1192 	 0.3641 
0.7400 	 0.2425 	 0.8878 	 0.2851 
0.7500 	 0.1898 	 0.5411 	 0.1938 
0.7600 	 0.1487 	 0.2082 	 0.1303 
0.7700 	 0.1307 	 0.0492 	 0.1066 
0.7800 	 0.1261 	 0.0092 	 0.1012 
0.7900 	 0.1252 	 0.0016 	 0.1002 
0.8000 	 0.1250 	 0.0003 	 0.1000 
0.8100 	 0.1250 	 0.0000 	 0.1000 
0.8200 	 0.1250 	 0.0000 	 0.1000 
0.8300 	 0.1250 	 0.0000 	 0.1000 
0.8400 	 0.1250 	 0.0000 	 0.1000 
0.8500 	 0.1250 	 0.0000 	 0.1000 
0.8600 	 0.1250 	 0.0000 	 0.1000 
0.8700 	 0.1250 	 0.0000 	 0.1000 
0.8800 	 0.1250 	 0.0000 	 0.1000 
0.8900 	 0.1250 	 0.0000 	 0.1000 
0.9000 	 0.1250 	 0.0000 	 0.1000 
0.9100 	 0.1250 	 0.0000 	 0.1000 
0.9200 	 0.1250 	 0.0000 	 0.1000 
0.9300 	 0.1250 	 0.0000 	 0.1000 
0.9400 	 0.1250 	 0.0000 	 0.1000 
0.9500 	 0.1250 	 0.0000 	 0.1000 
0.9600 	 0.1250 	 0.0000 	 0.1000 
0.9700 	 0.1250 	 0.0000 	 0.1000 
0.9800 	 0.1250 	 0.0000 	 0.1000 
0.9900 	 0.1250 	 0.0000 	 0.1000 
