0.0000 	 1.0000 	 0.7500 	 1.0000 
0.0100 	 1.0000 	 0.7500 	 1.0000 
0.0200 	 1.0000 	 0.7500 	 1.0000 
0.0300 	 1.0000 	 0.7500 	 1.0000 
0.0400 	 1.0000 	 0.7500 	 1.0000 
0.0500 	 1.0000 	 0.7500 	 1.0000 
0.0600 	 1.0000 	 0.7500 	 1.0000 
0.0700 	 1.0000 	 0.7500 	 1.0000 
0.0800 	 1.0000 	 0.7500 	 1.0000 
0.0900 	 1.0000 	 0.7500 	 1.0000 
0.1000 	 1.0000 	 0.7500 	 1.0000 
0.1100 	 1.0000 	 0.7500 	 0.9999 
0.1200 	 0.9999 	 0.7501 	 0.9999 
0.1300 	 0.9998 	 0.7503 	 0.9997 
0.1400 	 0.9994 	 0.7507 	 0.9992 
0.1500 	 0.9988 	 0.7515 	 0.9983 
0.1600 	 0.9975 	 0.7530 	 0.9965 
0.1700 	 0.9952 	 0.7557 	 0.9932 
0.1800 	 0.9914 	 0.7602 	 0.9880 
0.1900 	 0.9856 	 0.7671 	 0.9799 
0.2000 	 0.9773 	 0.7770 	 0.9684 
0.2100 	 0.9663 	 0.7903 	 0.9532 
0.2200 	 0.9525 	 0.8073 	 0.9342 
0.2300 	 0.9358 	 0.8278 	 0.9115 
0.2400 	 0.9167 	 0.8518 	 0.8856 
0.2500 	 0.8955 	 0.8789 	 0.8571 
0.2600 	 0.8724 	 0.9088 	 0.8265 
0.2700 	 0.8480 	 0.9413 	 0.7944 
0.2800 	 0.8226 	 0.9760 	 0.7613 
0.2900 	 0.7963 	 1.0128 	 0.7275 
0.3000 	 0.7692 	 1.0517 	 0.6932 
0.3100 	 0.7404 	 1.0943 	 0.6572 
0.3200 	 0.6952 	 1.1638 	 0.6019 
0.3300 	 0.6664 	 1.2102 	 0.5673 
0.3400 	 0.6443 	 1.2467 	 0.5412 
0.3500 	 0.6261 	 1.2776 	 0.5200 
0.3600 	 0.6111 	 1.3036 	 0.5027 
0.3700 	 0.5992 	 1.3245 	 0.4891 
0.3800 	 0.5903 	 1.3403 	 0.4791 
0.3900 	 0.5843 	 1.3511 	 0.4723 
0.4000 	 0.5806 	 1.3577 	 0.4682 
0.4100 	 0.5786 	 1.3612 	 0.4661 
0.4200 	 0.5777 	 1.3626 	 0.4652 
0.4300 	 0.5773 	 1.3629 	 0.4650 
0.4400 	 0.5770 	 1.3628 	 0.4651 
0.4500 	 0.5765 	 1.3625 	 0.4652 
0.4600 	 0.5756 	 1.3623 	 0.4654 
0.4700 	 0.5739 	 1.3621 	 0.4655 
0.4800 	 0.5710 	 1.3619 	 0.4656 
0.4900 	 0.5665 	 1.3617 	 0.4657 
0.5000 	 0.5599 	 1.3616 	 0.4658 
0.5100 	 0.5508 	 1.3615 	 0.4659 
0.5200 	 0.5388 	 1.3614 	 0.4659 
0.5300 	 0.5238 	 1.3614 	 0.4659 
0.5400 	 0.5061 	 1.3613 	 0.4660 
0.5500 	 0.4863 	 1.3612 	 0.4660 
0.5600 	 0.4652 	 1.3612 	 0.4660 
0.5700 	 0.4438 	 1.3612 	 0.4661 
0.5800 	 0.4232 	 1.3611 	 0.4661 
0.5900 	 0.4043 	 1.3611 	 0.4661 
0.6000 	 0.3878 	 1.3610 	 0.4661 
0.6100 	 0.3741 	 1.3610 	 0.4661 
0.6200 	 0.3632 	 1.3609 	 0.4660 
0.6300 	 0.3549 	 1.3606 	 0.4660 
0.6400 	 0.3489 	 1.3602 	 0.4658 
0.6500 	 0.3447 	 1.3593 	 0.4653 
0.6600 	 0.3416 	 1.3572 	 0.4644 
0.6700 	 0.3390 	 1.3528 	 0.4623 
0.6800 	 0.3358 	 1.3431 	 0.4579 
0.6900 	 0.3304 	 1.3222 	 0.4483 
0.7000 	 0.3198 	 1.2776 	 0.4284 
0.7100 	 0.2993 	 1.1852 	 0.3897 
0.7200 	 0.2635 	 1.0056 	 0.3232 
0.7300 	 0.2130 	 0.7041 	 0.2331 
0.7400 	 0.1640 	 0.3389 	 0.1528 
0.7500 	 0.1361 	 0.0972 	 0.1134 
0.7600 	 0.1273 	 0.0195 	 0.1026 
0.7700 	 0.1254 	 0.0035 	 0.1005 
0.7800 	 0.1251 	 0.0006 	 0.1001 
0.7900 	 0.1250 	 0.0001 	 0.1000 
0.8000 	 0.1250 	 0.0000 	 0.1000 
0.8100 	 0.1250 	 0.0000 	 0.1000 
0.8200 	 0.1250 	 0.0000 	 0.1000 
0.8300 	 0.1250 	 0.0000 	 0.1000 
0.8400 	 0.1250 	 0.0000 	 0.1000 
0.8500 	 0.1250 	 0.0000 	 0.1000 
0.8600 	 0.1250 	 0.0000 	 0.1000 
0.8700 	 0.1250 	 0.0000 	 0.1000 
0.8800 	 0.1250 	 0.0000 	 0.1000 
0.8900 	 0.1250 	 0.0000 	 0.1000 
0.9000 	 0.1250 	 0.0000 	 0.1000 
0.9100 	 0.1250 	 0.0000 	 0.1000 
0.9200 	 0.1250 	 0.0000 	 0.1000 
0.9300 	 0.1250 	 0.0000 	 0.1000 
0.9400 	 0.1250 	 0.0000 	 0.1000 
0.9500 	 0.1250 	 0.0000 	 0.1000 
0.9600 	 0.1250 	 0.0000 	 0.1000 
0.9700 	 0.1250 	 0.0000 	 0.1000 
0.9800 	 0.1250 	 0.0000 	 0.1000 
0.9900 	 0.1250 	 0.0000 	 0.1000 
