0.0000 	 1.0000 	 0.7500 	 1.0000 
0.0100 	 1.0000 	 0.7500 	 1.0000 
0.0200 	 1.0000 	 0.7500 	 1.0000 
0.0300 	 1.0000 	 0.7500 	 1.0000 
0.0400 	 1.0000 	 0.7500 	 1.0000 
0.0500 	 1.0000 	 0.7500 	 1.0000 
0.0600 	 1.0000 	 0.7500 	 1.0000 
0.0700 	 1.0000 	 0.7500 	 1.0000 
0.0800 	 1.0000 	 0.7500 	 1.0000 
0.0900 	 1.0000 	 0.7500 	 1.0000 
0.1000 	 1.0000 	 0.7500 	 1.0000 
0.1100 	 1.0000 	 0.7500 	 1.0000 
0.1200 	 1.0000 	 0.7500 	 1.0000 
0.1300 	 1.0000 	 0.7500 	 1.0000 
0.1400 	 1.0000 	 0.7500 	 1.0000 
0.1500 	 1.0000 	 0.7500 	 1.0000 
0.1600 	 1.0000 	 0.7500 	 1.0000 
0.1700 	 1.0000 	 0.7500 	 1.0000 
0.1800 	 1.0000 	 0.7500 	 1.0000 
0.1900 	 1.0000 	 0.7500 	 1.0000 
0.2000 	 1.0000 	 0.7500 	 1.0000 
0.2100 	 0.9999 	 0.7501 	 0.9999 
0.2200 	 0.9996 	 0.7504 	 0.9995 
0.2300 	 0.9987 	 0.7515 	 0.9982 
0.2400 	 0.9960 	 0.7548 	 0.9944 
0.2500 	 0.9893 	 0.7627 	 0.9851 
0.2600 	 0.9754 	 0.7793 	 0.9659 
0.2700 	 0.9510 	 0.8089 	 0.9324 
0.2800 	 0.9140 	 0.8549 	 0.8824 
0.2900 	 0.8642 	 0.9190 	 0.8165 
0.3000 	 0.8034 	 1.0013 	 0.7380 
0.3100 	 0.7336 	 1.1023 	 0.6505 
0.3200 	 0.6417 	 1.2478 	 0.5404 
0.3300 	 0.6037 	 1.3110 	 0.4978 
0.3400 	 0.5814 	 1.3461 	 0.4755 
0.3500 	 0.5670 	 1.3613 	 0.4662 
0.3600 	 0.5529 	 1.3653 	 0.4637 
0.3700 	 0.5329 	 1.3651 	 0.4638 
0.3800 	 0.5044 	 1.3639 	 0.4641 
0.3900 	 0.4690 	 1.3620 	 0.4639 
0.4000 	 0.4310 	 1.3584 	 0.4626 
0.4100 	 0.3949 	 1.3504 	 0.4590 
0.4200 	 0.3633 	 1.3316 	 0.4504 
0.4300 	 0.3348 	 1.2877 	 0.4309 
0.4400 	 0.3033 	 1.1898 	 0.3900 
0.4500 	 0.2601 	 0.9903 	 0.3171 
0.4600 	 0.2048 	 0.6540 	 0.2201 
0.4700 	 0.1562 	 0.2759 	 0.1415 
0.4800 	 0.1326 	 0.0659 	 0.1089 
0.4900 	 0.1263 	 0.0113 	 0.1015 
0.5000 	 0.1252 	 0.0017 	 0.1002 
0.5100 	 0.1250 	 0.0003 	 0.1000 
0.5200 	 0.1250 	 0.0000 	 0.1000 
0.5300 	 0.1250 	 0.0000 	 0.1000 
0.5400 	 0.1250 	 0.0000 	 0.1000 
0.5500 	 0.1250 	 0.0000 	 0.1000 
0.5600 	 0.1250 	 0.0000 	 0.1000 
0.5700 	 0.1250 	 0.0000 	 0.1000 
0.5800 	 0.1250 	 0.0000 	 0.1000 
0.5900 	 0.1250 	 0.0000 	 0.1000 
0.6000 	 0.1250 	 0.0000 	 0.1000 
0.6100 	 0.1250 	 0.0000 	 0.1000 
0.6200 	 0.1250 	 0.0000 	 0.1000 
0.6300 	 0.1250 	 0.0000 	 0.1000 
0.6400 	 0.1250 	 0.0000 	 0.1000 
0.6500 	 0.1250 	 0.0000 	 0.1000 
0.6600 	 0.1250 	 0.0000 	 0.1000 
0.6700 	 0.1250 	 0.0000 	 0.1000 
0.6800 	 0.1250 	 0.0000 	 0.1000 
0.6900 	 0.1250 	 0.0000 	 0.1000 
0.7000 	 0.1250 	 0.0000 	 0.1000 
0.7100 	 0.1250 	 0.0000 	 0.1000 
0.7200 	 0.1250 	 0.0000 	 0.1000 
0.7300 	 0.1250 	 0.0000 	 0.1000 
0.7400 	 0.1250 	 0.0000 	 0.1000 
0.7500 	 0.1250 	 0.0000 	 0.1000 
0.7600 	 0.1250 	 0.0000 	 0.1000 
0.7700 	 0.1250 	 0.0000 	 0.1000 
0.7800 	 0.1250 	 0.0000 	 0.1000 
0.7900 	 0.1250 	 0.0000 	 0.1000 
0.8000 	 0.1250 	 0.0000 	 0.1000 
0.8100 	 0.1250 	 0.0000 	 0.1000 
0.8200 	 0.1250 	 0.0000 	 0.1000 
0.8300 	 0.1250 	 0.0000 	 0.1000 
0.8400 	 0.1250 	 0.0000 	 0.1000 
0.8500 	 0.1250 	 0.0000 	 0.1000 
0.8600 	 0.1250 	 0.0000 	 0.1000 
0.8700 	 0.1250 	 0.0000 	 0.1000 
0.8800 	 0.1250 	 0.0000 	 0.1000 
0.8900 	 0.1250 	 0.0000 	 0.1000 
0.9000 	 0.1250 	 0.0000 	 0.1000 
0.9100 	 0.1250 	 0.0000 	 0.1000 
0.9200 	 0.1250 	 0.0000 	 0.1000 
0.9300 	 0.1250 	 0.0000 	 0.1000 
0.9400 	 0.1250 	 0.0000 	 0.1000 
0.9500 	 0.1250 	 0.0000 	 0.1000 
0.9600 	 0.1250 	 0.0000 	 0.1000 
0.9700 	 0.1250 	 0.0000 	 0.1000 
0.9800 	 0.1250 	 0.0000 	 0.1000 
0.9900 	 0.1250 	 0.0000 	 0.1000 
