0.0000 	 1.0000 	 0.7500 	 1.0000 
0.0100 	 1.0000 	 0.7500 	 1.0000 
0.0200 	 1.0000 	 0.7500 	 1.0000 
0.0300 	 1.0000 	 0.7500 	 1.0000 
0.0400 	 1.0000 	 0.7500 	 1.0000 
0.0500 	 1.0000 	 0.7500 	 1.0000 
0.0600 	 1.0000 	 0.7500 	 1.0000 
0.0700 	 1.0000 	 0.7500 	 1.0000 
0.0800 	 1.0000 	 0.7500 	 1.0000 
0.0900 	 1.0000 	 0.7500 	 1.0000 
0.1000 	 1.0000 	 0.7500 	 1.0000 
0.1100 	 1.0000 	 0.7500 	 1.0000 
0.1200 	 1.0000 	 0.7500 	 1.0000 
0.1300 	 1.0000 	 0.7500 	 1.0000 
0.1400 	 1.0000 	 0.7501 	 0.9999 
0.1500 	 0.9999 	 0.7502 	 0.9998 
0.1600 	 0.9996 	 0.7504 	 0.9995 
0.1700 	 0.9991 	 0.7510 	 0.9988 
0.1800 	 0.9980 	 0.7524 	 0.9972 
0.1900 	 0.9958 	 0.7550 	 0.9941 
0.2000 	 0.9918 	 0.7597 	 0.9886 
0.2100 	 0.9853 	 0.7675 	 0.9795 
0.2200 	 0.9755 	 0.7792 	 0.9659 
0.2300 	 0.9619 	 0.7957 	 0.9472 
0.2400 	 0.9443 	 0.8173 	 0.9231 
0.2500 	 0.9229 	 0.8440 	 0.8940 
0.2600 	 0.8980 	 0.8755 	 0.8606 
0.2700 	 0.8703 	 0.9115 	 0.8238 
0.2800 	 0.8404 	 0.9515 	 0.7846 
0.2900 	 0.8088 	 0.9950 	 0.7437 
0.3000 	 0.7758 	 1.0419 	 0.7017 
0.3100 	 0.7408 	 1.0934 	 0.6579 
0.3200 	 0.6857 	 1.1787 	 0.5905 
0.3300 	 0.6534 	 1.2312 	 0.5521 
0.3400 	 0.6295 	 1.2714 	 0.5242 
0.3500 	 0.6109 	 1.3034 	 0.5028 
0.3600 	 0.5971 	 1.3278 	 0.4870 
0.3700 	 0.5875 	 1.3448 	 0.4762 
0.3800 	 0.5816 	 1.3552 	 0.4697 
0.3900 	 0.5784 	 1.3607 	 0.4664 
0.4000 	 0.5768 	 1.3628 	 0.4651 
0.4100 	 0.5757 	 1.3633 	 0.4648 
0.4200 	 0.5744 	 1.3631 	 0.4649 
0.4300 	 0.5721 	 1.3628 	 0.4651 
0.4400 	 0.5680 	 1.3625 	 0.4653 
0.4500 	 0.5615 	 1.3622 	 0.4654 
0.4600 	 0.5518 	 1.3620 	 0.4656 
0.4700 	 0.5385 	 1.3618 	 0.4657 
0.4800 	 0.5214 	 1.3617 	 0.4657 
0.4900 	 0.5009 	 1.3616 	 0.4658 
0.5000 	 0.4779 	 1.3615 	 0.4659 
0.5100 	 0.4537 	 1.3614 	 0.4659 
0.5200 	 0.4299 	 1.3613 	 0.4659 
0.5300 	 0.4078 	 1.3612 	 0.4659 
0.5400 	 0.3886 	 1.3610 	 0.4659 
0.5500 	 0.3729 	 1.3606 	 0.4657 
0.5600 	 0.3607 	 1.3599 	 0.4654 
0.5700 	 0.3516 	 1.3583 	 0.4647 
0.5800 	 0.3450 	 1.3548 	 0.4631 
0.5900 	 0.3395 	 1.3471 	 0.4595 
0.6000 	 0.3334 	 1.3303 	 0.4518 
0.6100 	 0.3238 	 1.2938 	 0.4354 
0.6200 	 0.3061 	 1.2168 	 0.4025 
0.6300 	 0.2744 	 1.0633 	 0.3433 
0.6400 	 0.2265 	 0.7916 	 0.2567 
0.6500 	 0.1746 	 0.4254 	 0.1694 
0.6600 	 0.1407 	 0.1376 	 0.1193 
0.6700 	 0.1284 	 0.0290 	 0.1039 
0.6800 	 0.1256 	 0.0052 	 0.1007 
0.6900 	 0.1251 	 0.0009 	 0.1001 
0.7000 	 0.1250 	 0.0002 	 0.1000 
0.7100 	 0.1250 	 0.0000 	 0.1000 
0.7200 	 0.1250 	 0.0000 	 0.1000 
0.7300 	 0.1250 	 0.0000 	 0.1000 
0.7400 	 0.1250 	 0.0000 	 0.1000 
0.7500 	 0.1250 	 0.0000 	 0.1000 
0.7600 	 0.1250 	 0.0000 	 0.1000 
0.7700 	 0.1250 	 0.0000 	 0.1000 
0.7800 	 0.1250 	 0.0000 	 0.1000 
0.7900 	 0.1250 	 0.0000 	 0.1000 
0.8000 	 0.1250 	 0.0000 	 0.1000 
0.8100 	 0.1250 	 0.0000 	 0.1000 
0.8200 	 0.1250 	 0.0000 	 0.1000 
0.8300 	 0.1250 	 0.0000 	 0.1000 
0.8400 	 0.1250 	 0.0000 	 0.1000 
0.8500 	 0.1250 	 0.0000 	 0.1000 
0.8600 	 0.1250 	 0.0000 	 0.1000 
0.8700 	 0.1250 	 0.0000 	 0.1000 
0.8800 	 0.1250 	 0.0000 	 0.1000 
0.8900 	 0.1250 	 0.0000 	 0.1000 
0.9000 	 0.1250 	 0.0000 	 0.1000 
0.9100 	 0.1250 	 0.0000 	 0.1000 
0.9200 	 0.1250 	 0.0000 	 0.1000 
0.9300 	 0.1250 	 0.0000 	 0.1000 
0.9400 	 0.1250 	 0.0000 	 0.1000 
0.9500 	 0.1250 	 0.0000 	 0.1000 
0.9600 	 0.1250 	 0.0000 	 0.1000 
0.9700 	 0.1250 	 0.0000 	 0.1000 
0.9800 	 0.1250 	 0.0000 	 0.1000 
0.9900 	 0.1250 	 0.0000 	 0.1000 
