0.0000 	 1.0000 	 0.7500 	 1.0000 
0.0100 	 1.0000 	 0.7500 	 1.0000 
0.0200 	 1.0000 	 0.7500 	 1.0000 
0.0300 	 1.0000 	 0.7500 	 1.0000 
0.0400 	 1.0000 	 0.7500 	 1.0000 
0.0500 	 1.0000 	 0.7500 	 1.0000 
0.0600 	 1.0000 	 0.7500 	 1.0000 
0.0700 	 1.0000 	 0.7500 	 1.0000 
0.0800 	 1.0000 	 0.7500 	 1.0000 
0.0900 	 1.0000 	 0.7500 	 1.0000 
0.1000 	 1.0000 	 0.7500 	 1.0000 
0.1100 	 1.0000 	 0.7500 	 1.0000 
0.1200 	 1.0000 	 0.7500 	 1.0000 
0.1300 	 1.0000 	 0.7500 	 1.0000 
0.1400 	 1.0000 	 0.7500 	 1.0000 
0.1500 	 1.0000 	 0.7500 	 1.0000 
0.1600 	 1.0000 	 0.7500 	 1.0000 
0.1700 	 0.9999 	 0.7501 	 0.9999 
0.1800 	 0.9998 	 0.7503 	 0.9997 
0.1900 	 0.9993 	 0.7508 	 0.9990 
0.2000 	 0.9982 	 0.7521 	 0.9975 
0.2100 	 0.9958 	 0.7550 	 0.9941 
0.2200 	 0.9910 	 0.7606 	 0.9875 
0.2300 	 0.9827 	 0.7706 	 0.9759 
0.2400 	 0.9696 	 0.7863 	 0.9578 
0.2500 	 0.9510 	 0.8090 	 0.9322 
0.2600 	 0.9266 	 0.8393 	 0.8990 
0.2700 	 0.8968 	 0.8770 	 0.8591 
0.2800 	 0.8624 	 0.9218 	 0.8136 
0.2900 	 0.8245 	 0.9730 	 0.7641 
0.3000 	 0.7838 	 1.0301 	 0.7121 
0.3100 	 0.7404 	 1.0937 	 0.6576 
0.3200 	 0.6732 	 1.1983 	 0.5759 
0.3300 	 0.6379 	 1.2566 	 0.5343 
0.3400 	 0.6132 	 1.2988 	 0.5058 
0.3500 	 0.5960 	 1.3288 	 0.4863 
0.3600 	 0.5850 	 1.3481 	 0.4742 
0.3700 	 0.5787 	 1.3584 	 0.4678 
0.3800 	 0.5751 	 1.3627 	 0.4651 
0.3900 	 0.5722 	 1.3638 	 0.4645 
0.4000 	 0.5680 	 1.3637 	 0.4646 
0.4100 	 0.5609 	 1.3632 	 0.4648 
0.4200 	 0.5497 	 1.3628 	 0.4651 
0.4300 	 0.5337 	 1.3625 	 0.4653 
0.4400 	 0.5127 	 1.3622 	 0.4655 
0.4500 	 0.4877 	 1.3620 	 0.4656 
0.4600 	 0.4603 	 1.3618 	 0.4656 
0.4700 	 0.4327 	 1.3615 	 0.4656 
0.4800 	 0.4070 	 1.3610 	 0.4655 
0.4900 	 0.3850 	 1.3599 	 0.4650 
0.5000 	 0.3673 	 1.3577 	 0.4640 
0.5100 	 0.3537 	 1.3526 	 0.4617 
0.5200 	 0.3428 	 1.3415 	 0.4566 
0.5300 	 0.3321 	 1.3166 	 0.4452 
0.5400 	 0.3171 	 1.2626 	 0.4215 
0.5500 	 0.2917 	 1.1500 	 0.3756 
0.5600 	 0.2504 	 0.9350 	 0.2997 
0.5700 	 0.1972 	 0.5962 	 0.2064 
0.5800 	 0.1527 	 0.2435 	 0.1361 
0.5900 	 0.1318 	 0.0593 	 0.1080 
0.6000 	 0.1263 	 0.0109 	 0.1015 
0.6100 	 0.1252 	 0.0019 	 0.1002 
0.6200 	 0.1250 	 0.0003 	 0.1000 
0.6300 	 0.1250 	 0.0001 	 0.1000 
0.6400 	 0.1250 	 0.0000 	 0.1000 
0.6500 	 0.1250 	 0.0000 	 0.1000 
0.6600 	 0.1250 	 0.0000 	 0.1000 
0.6700 	 0.1250 	 0.0000 	 0.1000 
0.6800 	 0.1250 	 0.0000 	 0.1000 
0.6900 	 0.1250 	 0.0000 	 0.1000 
0.7000 	 0.1250 	 0.0000 	 0.1000 
0.7100 	 0.1250 	 0.0000 	 0.1000 
0.7200 	 0.1250 	 0.0000 	 0.1000 
0.7300 	 0.1250 	 0.0000 	 0.1000 
0.7400 	 0.1250 	 0.0000 	 0.1000 
0.7500 	 0.1250 	 0.0000 	 0.1000 
0.7600 	 0.1250 	 0.0000 	 0.1000 
0.7700 	 0.1250 	 0.0000 	 0.1000 
0.7800 	 0.1250 	 0.0000 	 0.1000 
0.7900 	 0.1250 	 0.0000 	 0.1000 
0.8000 	 0.1250 	 0.0000 	 0.1000 
0.8100 	 0.1250 	 0.0000 	 0.1000 
0.8200 	 0.1250 	 0.0000 	 0.1000 
0.8300 	 0.1250 	 0.0000 	 0.1000 
0.8400 	 0.1250 	 0.0000 	 0.1000 
0.8500 	 0.1250 	 0.0000 	 0.1000 
0.8600 	 0.1250 	 0.0000 	 0.1000 
0.8700 	 0.1250 	 0.0000 	 0.1000 
0.8800 	 0.1250 	 0.0000 	 0.1000 
0.8900 	 0.1250 	 0.0000 	 0.1000 
0.9000 	 0.1250 	 0.0000 	 0.1000 
0.9100 	 0.1250 	 0.0000 	 0.1000 
0.9200 	 0.1250 	 0.0000 	 0.1000 
0.9300 	 0.1250 	 0.0000 	 0.1000 
0.9400 	 0.1250 	 0.0000 	 0.1000 
0.9500 	 0.1250 	 0.0000 	 0.1000 
0.9600 	 0.1250 	 0.0000 	 0.1000 
0.9700 	 0.1250 	 0.0000 	 0.1000 
0.9800 	 0.1250 	 0.0000 	 0.1000 
0.9900 	 0.1250 	 0.0000 	 0.1000 
