0.0000 	 1.0000 	 0.7500 	 1.0000 
0.0100 	 1.0000 	 0.7500 	 1.0000 
0.0200 	 1.0000 	 0.7500 	 1.0000 
0.0300 	 1.0000 	 0.7500 	 1.0000 
0.0400 	 1.0000 	 0.7500 	 1.0000 
0.0500 	 1.0000 	 0.7500 	 1.0000 
0.0600 	 1.0000 	 0.7500 	 1.0000 
0.0700 	 1.0000 	 0.7500 	 1.0000 
0.0800 	 1.0000 	 0.7500 	 1.0000 
0.0900 	 1.0000 	 0.7500 	 1.0000 
0.1000 	 1.0000 	 0.7500 	 1.0000 
0.1100 	 1.0000 	 0.7500 	 1.0000 
0.1200 	 1.0000 	 0.7500 	 1.0000 
0.1300 	 1.0000 	 0.7500 	 1.0000 
0.1400 	 1.0000 	 0.7500 	 1.0000 
0.1500 	 1.0000 	 0.7500 	 1.0000 
0.1600 	 1.0000 	 0.7500 	 1.0000 
0.1700 	 1.0000 	 0.7500 	 1.0000 
0.1800 	 0.9999 	 0.7501 	 0.9999 
0.1900 	 0.9997 	 0.7504 	 0.9996 
0.2000 	 0.9991 	 0.7510 	 0.9988 
0.2100 	 0.9977 	 0.7527 	 0.9968 
0.2200 	 0.9945 	 0.7565 	 0.9923 
0.2300 	 0.9883 	 0.7639 	 0.9837 
0.2400 	 0.9775 	 0.7768 	 0.9688 
0.2500 	 0.9609 	 0.7970 	 0.9458 
0.2600 	 0.9375 	 0.8256 	 0.9139 
0.2700 	 0.9076 	 0.8631 	 0.8736 
0.2800 	 0.8719 	 0.9093 	 0.8261 
0.2900 	 0.8314 	 0.9635 	 0.7731 
0.3000 	 0.7872 	 1.0250 	 0.7165 
0.3100 	 0.7398 	 1.0943 	 0.6571 
0.3200 	 0.6677 	 1.2070 	 0.5695 
0.3300 	 0.6314 	 1.2672 	 0.5270 
0.3400 	 0.6069 	 1.3093 	 0.4989 
0.3500 	 0.5907 	 1.3375 	 0.4808 
0.3600 	 0.5810 	 1.3539 	 0.4706 
0.3700 	 0.5755 	 1.3614 	 0.4659 
0.3800 	 0.5714 	 1.3639 	 0.4644 
0.3900 	 0.5661 	 1.3640 	 0.4644 
0.4000 	 0.5574 	 1.3636 	 0.4647 
0.4100 	 0.5439 	 1.3631 	 0.4650 
0.4200 	 0.5248 	 1.3627 	 0.4652 
0.4300 	 0.5006 	 1.3623 	 0.4654 
0.4400 	 0.4726 	 1.3620 	 0.4655 
0.4500 	 0.4431 	 1.3616 	 0.4654 
0.4600 	 0.4149 	 1.3609 	 0.4652 
0.4700 	 0.3901 	 1.3594 	 0.4646 
0.4800 	 0.3698 	 1.3561 	 0.4631 
0.4900 	 0.3539 	 1.3487 	 0.4597 
0.5000 	 0.3407 	 1.3320 	 0.4520 
0.5100 	 0.3267 	 1.2949 	 0.4354 
0.5200 	 0.3062 	 1.2151 	 0.4014 
0.5300 	 0.2723 	 1.0540 	 0.3398 
0.5400 	 0.2227 	 0.7694 	 0.2505 
0.5500 	 0.1708 	 0.3958 	 0.1635 
0.5600 	 0.1387 	 0.1200 	 0.1167 
0.5700 	 0.1278 	 0.0240 	 0.1032 
0.5800 	 0.1255 	 0.0041 	 0.1005 
0.5900 	 0.1251 	 0.0007 	 0.1001 
0.6000 	 0.1250 	 0.0001 	 0.1000 
0.6100 	 0.1250 	 0.0000 	 0.1000 
0.6200 	 0.1250 	 0.0000 	 0.1000 
0.6300 	 0.1250 	 0.0000 	 0.1000 
0.6400 	 0.1250 	 0.0000 	 0.1000 
0.6500 	 0.1250 	 0.0000 	 0.1000 
0.6600 	 0.1250 	 0.0000 	 0.1000 
0.6700 	 0.1250 	 0.0000 	 0.1000 
0.6800 	 0.1250 	 0.0000 	 0.1000 
0.6900 	 0.1250 	 0.0000 	 0.1000 
0.7000 	 0.1250 	 0.0000 	 0.1000 
0.7100 	 0.1250 	 0.0000 	 0.1000 
0.7200 	 0.1250 	 0.0000 	 0.1000 
0.7300 	 0.1250 	 0.0000 	 0.1000 
0.7400 	 0.1250 	 0.0000 	 0.1000 
0.7500 	 0.1250 	 0.0000 	 0.1000 
0.7600 	 0.1250 	 0.0000 	 0.1000 
0.7700 	 0.1250 	 0.0000 	 0.1000 
0.7800 	 0.1250 	 0.0000 	 0.1000 
0.7900 	 0.1250 	 0.0000 	 0.1000 
0.8000 	 0.1250 	 0.0000 	 0.1000 
0.8100 	 0.1250 	 0.0000 	 0.1000 
0.8200 	 0.1250 	 0.0000 	 0.1000 
0.8300 	 0.1250 	 0.0000 	 0.1000 
0.8400 	 0.1250 	 0.0000 	 0.1000 
0.8500 	 0.1250 	 0.0000 	 0.1000 
0.8600 	 0.1250 	 0.0000 	 0.1000 
0.8700 	 0.1250 	 0.0000 	 0.1000 
0.8800 	 0.1250 	 0.0000 	 0.1000 
0.8900 	 0.1250 	 0.0000 	 0.1000 
0.9000 	 0.1250 	 0.0000 	 0.1000 
0.9100 	 0.1250 	 0.0000 	 0.1000 
0.9200 	 0.1250 	 0.0000 	 0.1000 
0.9300 	 0.1250 	 0.0000 	 0.1000 
0.9400 	 0.1250 	 0.0000 	 0.1000 
0.9500 	 0.1250 	 0.0000 	 0.1000 
0.9600 	 0.1250 	 0.0000 	 0.1000 
0.9700 	 0.1250 	 0.0000 	 0.1000 
0.9800 	 0.1250 	 0.0000 	 0.1000 
0.9900 	 0.1250 	 0.0000 	 0.1000 
