0.0000 	 1.0000 	 0.7500 	 1.0000 
0.0100 	 1.0000 	 0.7500 	 1.0000 
0.0200 	 1.0000 	 0.7500 	 1.0000 
0.0300 	 1.0000 	 0.7500 	 1.0000 
0.0400 	 1.0000 	 0.7500 	 1.0000 
0.0500 	 1.0000 	 0.7500 	 1.0000 
0.0600 	 1.0000 	 0.7500 	 1.0000 
0.0700 	 1.0000 	 0.7500 	 1.0000 
0.0800 	 1.0000 	 0.7500 	 1.0000 
0.0900 	 1.0000 	 0.7500 	 1.0000 
0.1000 	 1.0000 	 0.7500 	 1.0000 
0.1100 	 1.0000 	 0.7500 	 1.0000 
0.1200 	 1.0000 	 0.7500 	 1.0000 
0.1300 	 1.0000 	 0.7500 	 1.0000 
0.1400 	 1.0000 	 0.7500 	 1.0000 
0.1500 	 1.0000 	 0.7500 	 1.0000 
0.1600 	 1.0000 	 0.7500 	 1.0000 
0.1700 	 1.0000 	 0.7500 	 1.0000 
0.1800 	 1.0000 	 0.7500 	 1.0000 
0.1900 	 1.0000 	 0.7500 	 1.0000 
0.2000 	 1.0000 	 0.7500 	 1.0000 
0.2100 	 0.9999 	 0.7501 	 0.9999 
0.2200 	 0.9998 	 0.7503 	 0.9997 
0.2300 	 0.9991 	 0.7510 	 0.9988 
0.2400 	 0.9971 	 0.7535 	 0.9959 
0.2500 	 0.9916 	 0.7599 	 0.9883 
0.2600 	 0.9795 	 0.7745 	 0.9715 
0.2700 	 0.9567 	 0.8020 	 0.9401 
0.2800 	 0.9203 	 0.8470 	 0.8909 
0.2900 	 0.8696 	 0.9118 	 0.8237 
0.3000 	 0.8061 	 0.9974 	 0.7416 
0.3100 	 0.7318 	 1.1046 	 0.6486 
0.3200 	 0.6375 	 1.2542 	 0.5360 
0.3300 	 0.5994 	 1.3171 	 0.4939 
0.3400 	 0.5770 	 1.3502 	 0.4730 
0.3500 	 0.5613 	 1.3631 	 0.4651 
0.3600 	 0.5437 	 1.3657 	 0.4635 
0.3700 	 0.5183 	 1.3648 	 0.4637 
0.3800 	 0.4844 	 1.3629 	 0.4637 
0.3900 	 0.4453 	 1.3595 	 0.4626 
0.4000 	 0.4062 	 1.3519 	 0.4593 
0.4100 	 0.3710 	 1.3339 	 0.4512 
0.4200 	 0.3394 	 1.2917 	 0.4323 
0.4300 	 0.3059 	 1.1964 	 0.3924 
0.4400 	 0.2619 	 0.9998 	 0.3202 
0.4500 	 0.2062 	 0.6643 	 0.2226 
0.4600 	 0.1569 	 0.2817 	 0.1425 
0.4700 	 0.1327 	 0.0671 	 0.1091 
0.4800 	 0.1263 	 0.0113 	 0.1015 
0.4900 	 0.1252 	 0.0017 	 0.1002 
0.5000 	 0.1250 	 0.0002 	 0.1000 
0.5100 	 0.1250 	 0.0000 	 0.1000 
0.5200 	 0.1250 	 0.0000 	 0.1000 
0.5300 	 0.1250 	 0.0000 	 0.1000 
0.5400 	 0.1250 	 0.0000 	 0.1000 
0.5500 	 0.1250 	 0.0000 	 0.1000 
0.5600 	 0.1250 	 0.0000 	 0.1000 
0.5700 	 0.1250 	 0.0000 	 0.1000 
0.5800 	 0.1250 	 0.0000 	 0.1000 
0.5900 	 0.1250 	 0.0000 	 0.1000 
0.6000 	 0.1250 	 0.0000 	 0.1000 
0.6100 	 0.1250 	 0.0000 	 0.1000 
0.6200 	 0.1250 	 0.0000 	 0.1000 
0.6300 	 0.1250 	 0.0000 	 0.1000 
0.6400 	 0.1250 	 0.0000 	 0.1000 
0.6500 	 0.1250 	 0.0000 	 0.1000 
0.6600 	 0.1250 	 0.0000 	 0.1000 
0.6700 	 0.1250 	 0.0000 	 0.1000 
0.6800 	 0.1250 	 0.0000 	 0.1000 
0.6900 	 0.1250 	 0.0000 	 0.1000 
0.7000 	 0.1250 	 0.0000 	 0.1000 
0.7100 	 0.1250 	 0.0000 	 0.1000 
0.7200 	 0.1250 	 0.0000 	 0.1000 
0.7300 	 0.1250 	 0.0000 	 0.1000 
0.7400 	 0.1250 	 0.0000 	 0.1000 
0.7500 	 0.1250 	 0.0000 	 0.1000 
0.7600 	 0.1250 	 0.0000 	 0.1000 
0.7700 	 0.1250 	 0.0000 	 0.1000 
0.7800 	 0.1250 	 0.0000 	 0.1000 
0.7900 	 0.1250 	 0.0000 	 0.1000 
0.8000 	 0.1250 	 0.0000 	 0.1000 
0.8100 	 0.1250 	 0.0000 	 0.1000 
0.8200 	 0.1250 	 0.0000 	 0.1000 
0.8300 	 0.1250 	 0.0000 	 0.1000 
0.8400 	 0.1250 	 0.0000 	 0.1000 
0.8500 	 0.1250 	 0.0000 	 0.1000 
0.8600 	 0.1250 	 0.0000 	 0.1000 
0.8700 	 0.1250 	 0.0000 	 0.1000 
0.8800 	 0.1250 	 0.0000 	 0.1000 
0.8900 	 0.1250 	 0.0000 	 0.1000 
0.9000 	 0.1250 	 0.0000 	 0.1000 
0.9100 	 0.1250 	 0.0000 	 0.1000 
0.9200 	 0.1250 	 0.0000 	 0.1000 
0.9300 	 0.1250 	 0.0000 	 0.1000 
0.9400 	 0.1250 	 0.0000 	 0.1000 
0.9500 	 0.1250 	 0.0000 	 0.1000 
0.9600 	 0.1250 	 0.0000 	 0.1000 
0.9700 	 0.1250 	 0.0000 	 0.1000 
0.9800 	 0.1250 	 0.0000 	 0.1000 
0.9900 	 0.1250 	 0.0000 	 0.1000 
