0.0000 	 1.0000 	 0.7500 	 1.0000 
0.0100 	 1.0000 	 0.7500 	 1.0000 
0.0200 	 1.0000 	 0.7500 	 1.0000 
0.0300 	 1.0000 	 0.7500 	 1.0000 
0.0400 	 1.0000 	 0.7500 	 1.0000 
0.0500 	 1.0000 	 0.7500 	 1.0000 
0.0600 	 1.0000 	 0.7500 	 1.0000 
0.0700 	 1.0000 	 0.7500 	 1.0000 
0.0800 	 1.0000 	 0.7500 	 1.0000 
0.0900 	 1.0000 	 0.7500 	 1.0000 
0.1000 	 1.0000 	 0.7500 	 1.0000 
0.1100 	 1.0000 	 0.7500 	 1.0000 
0.1200 	 1.0000 	 0.7500 	 1.0000 
0.1300 	 1.0000 	 0.7500 	 1.0000 
0.1400 	 1.0000 	 0.7500 	 1.0000 
0.1500 	 1.0000 	 0.7500 	 1.0000 
0.1600 	 1.0000 	 0.7500 	 1.0000 
0.1700 	 1.0000 	 0.7501 	 0.9999 
0.1800 	 0.9998 	 0.7502 	 0.9998 
0.1900 	 0.9995 	 0.7506 	 0.9993 
0.2000 	 0.9987 	 0.7515 	 0.9982 
0.2100 	 0.9968 	 0.7538 	 0.9956 
0.2200 	 0.9929 	 0.7584 	 0.9901 
0.2300 	 0.9856 	 0.7671 	 0.9800 
0.2400 	 0.9737 	 0.7814 	 0.9634 
0.2500 	 0.9559 	 0.8030 	 0.9390 
0.2600 	 0.9320 	 0.8325 	 0.9064 
0.2700 	 0.9021 	 0.8702 	 0.8661 
0.2800 	 0.8670 	 0.9158 	 0.8196 
0.2900 	 0.8278 	 0.9684 	 0.7685 
0.3000 	 0.7854 	 1.0276 	 0.7142 
0.3100 	 0.7401 	 1.0939 	 0.6574 
0.3200 	 0.6706 	 1.2025 	 0.5728 
0.3300 	 0.6347 	 1.2618 	 0.5307 
0.3400 	 0.6101 	 1.3039 	 0.5024 
0.3500 	 0.5934 	 1.3332 	 0.4835 
0.3600 	 0.5830 	 1.3511 	 0.4723 
0.3700 	 0.5772 	 1.3600 	 0.4668 
0.3800 	 0.5735 	 1.3634 	 0.4647 
0.3900 	 0.5697 	 1.3640 	 0.4644 
0.4000 	 0.5636 	 1.3636 	 0.4646 
0.4100 	 0.5537 	 1.3631 	 0.4649 
0.4200 	 0.5389 	 1.3627 	 0.4652 
0.4300 	 0.5188 	 1.3624 	 0.4654 
0.4400 	 0.4940 	 1.3621 	 0.4655 
0.4500 	 0.4663 	 1.3619 	 0.4655 
0.4600 	 0.4378 	 1.3615 	 0.4655 
0.4700 	 0.4109 	 1.3609 	 0.4653 
0.4800 	 0.3875 	 1.3597 	 0.4648 
0.4900 	 0.3685 	 1.3569 	 0.4636 
0.5000 	 0.3538 	 1.3509 	 0.4608 
0.5100 	 0.3419 	 1.3372 	 0.4545 
0.5200 	 0.3296 	 1.3069 	 0.4408 
0.5300 	 0.3121 	 1.2412 	 0.4124 
0.5400 	 0.2827 	 1.1063 	 0.3589 
0.5500 	 0.2370 	 0.8573 	 0.2757 
0.5600 	 0.1835 	 0.4954 	 0.1838 
0.5700 	 0.1448 	 0.1746 	 0.1250 
0.5800 	 0.1294 	 0.0382 	 0.1051 
0.5900 	 0.1258 	 0.0068 	 0.1009 
0.6000 	 0.1251 	 0.0011 	 0.1002 
0.6100 	 0.1250 	 0.0002 	 0.1000 
0.6200 	 0.1250 	 0.0000 	 0.1000 
0.6300 	 0.1250 	 0.0000 	 0.1000 
0.6400 	 0.1250 	 0.0000 	 0.1000 
0.6500 	 0.1250 	 0.0000 	 0.1000 
0.6600 	 0.1250 	 0.0000 	 0.1000 
0.6700 	 0.1250 	 0.0000 	 0.1000 
0.6800 	 0.1250 	 0.0000 	 0.1000 
0.6900 	 0.1250 	 0.0000 	 0.1000 
0.7000 	 0.1250 	 0.0000 	 0.1000 
0.7100 	 0.1250 	 0.0000 	 0.1000 
0.7200 	 0.1250 	 0.0000 	 0.1000 
0.7300 	 0.1250 	 0.0000 	 0.1000 
0.7400 	 0.1250 	 0.0000 	 0.1000 
0.7500 	 0.1250 	 0.0000 	 0.1000 
0.7600 	 0.1250 	 0.0000 	 0.1000 
0.7700 	 0.1250 	 0.0000 	 0.1000 
0.7800 	 0.1250 	 0.0000 	 0.1000 
0.7900 	 0.1250 	 0.0000 	 0.1000 
0.8000 	 0.1250 	 0.0000 	 0.1000 
0.8100 	 0.1250 	 0.0000 	 0.1000 
0.8200 	 0.1250 	 0.0000 	 0.1000 
0.8300 	 0.1250 	 0.0000 	 0.1000 
0.8400 	 0.1250 	 0.0000 	 0.1000 
0.8500 	 0.1250 	 0.0000 	 0.1000 
0.8600 	 0.1250 	 0.0000 	 0.1000 
0.8700 	 0.1250 	 0.0000 	 0.1000 
0.8800 	 0.1250 	 0.0000 	 0.1000 
0.8900 	 0.1250 	 0.0000 	 0.1000 
0.9000 	 0.1250 	 0.0000 	 0.1000 
0.9100 	 0.1250 	 0.0000 	 0.1000 
0.9200 	 0.1250 	 0.0000 	 0.1000 
0.9300 	 0.1250 	 0.0000 	 0.1000 
0.9400 	 0.1250 	 0.0000 	 0.1000 
0.9500 	 0.1250 	 0.0000 	 0.1000 
0.9600 	 0.1250 	 0.0000 	 0.1000 
0.9700 	 0.1250 	 0.0000 	 0.1000 
0.9800 	 0.1250 	 0.0000 	 0.1000 
0.9900 	 0.1250 	 0.0000 	 0.1000 
