0.0000 	 1.0000 	 0.7500 	 1.0000 
0.0100 	 1.0000 	 0.7500 	 1.0000 
0.0200 	 1.0000 	 0.7500 	 1.0000 
0.0300 	 1.0000 	 0.7500 	 1.0000 
0.0400 	 1.0000 	 0.7500 	 1.0000 
0.0500 	 1.0000 	 0.7500 	 1.0000 
0.0600 	 1.0000 	 0.7500 	 1.0000 
0.0700 	 1.0000 	 0.7500 	 1.0000 
0.0800 	 1.0000 	 0.7500 	 1.0000 
0.0900 	 1.0000 	 0.7500 	 1.0000 
0.1000 	 1.0000 	 0.7500 	 1.0000 
0.1100 	 1.0000 	 0.7500 	 1.0000 
0.1200 	 1.0000 	 0.7501 	 0.9999 
0.1300 	 0.9999 	 0.7501 	 0.9998 
0.1400 	 0.9997 	 0.7504 	 0.9996 
0.1500 	 0.9993 	 0.7509 	 0.9990 
0.1600 	 0.9984 	 0.7519 	 0.9978 
0.1700 	 0.9968 	 0.7538 	 0.9955 
0.1800 	 0.9939 	 0.7572 	 0.9915 
0.1900 	 0.9892 	 0.7628 	 0.9849 
0.2000 	 0.9821 	 0.7713 	 0.9751 
0.2100 	 0.9722 	 0.7832 	 0.9614 
0.2200 	 0.9592 	 0.7990 	 0.9435 
0.2300 	 0.9431 	 0.8187 	 0.9215 
0.2400 	 0.9242 	 0.8424 	 0.8957 
0.2500 	 0.9027 	 0.8696 	 0.8667 
0.2600 	 0.8790 	 0.9002 	 0.8352 
0.2700 	 0.8537 	 0.9337 	 0.8018 
0.2800 	 0.8270 	 0.9698 	 0.7671 
0.2900 	 0.7994 	 1.0083 	 0.7316 
0.3000 	 0.7708 	 1.0492 	 0.6953 
0.3100 	 0.7405 	 1.0940 	 0.6574 
0.3200 	 0.6929 	 1.1675 	 0.5991 
0.3300 	 0.6631 	 1.2155 	 0.5634 
0.3400 	 0.6405 	 1.2530 	 0.5368 
0.3500 	 0.6220 	 1.2845 	 0.5153 
0.3600 	 0.6072 	 1.3103 	 0.4983 
0.3700 	 0.5957 	 1.3305 	 0.4853 
0.3800 	 0.5876 	 1.3450 	 0.4761 
0.3900 	 0.5823 	 1.3544 	 0.4702 
0.4000 	 0.5793 	 1.3597 	 0.4670 
0.4100 	 0.5779 	 1.3622 	 0.4655 
0.4200 	 0.5772 	 1.3630 	 0.4650 
0.4300 	 0.5768 	 1.3630 	 0.4650 
0.4400 	 0.5762 	 1.3627 	 0.4651 
0.4500 	 0.5751 	 1.3624 	 0.4653 
0.4600 	 0.5730 	 1.3622 	 0.4654 
0.4700 	 0.5697 	 1.3620 	 0.4656 
0.4800 	 0.5644 	 1.3618 	 0.4657 
0.4900 	 0.5567 	 1.3617 	 0.4658 
0.5000 	 0.5461 	 1.3616 	 0.4658 
0.5100 	 0.5324 	 1.3615 	 0.4659 
0.5200 	 0.5156 	 1.3614 	 0.4659 
0.5300 	 0.4961 	 1.3613 	 0.4660 
0.5400 	 0.4748 	 1.3613 	 0.4660 
0.5500 	 0.4527 	 1.3612 	 0.4660 
0.5600 	 0.4310 	 1.3612 	 0.4660 
0.5700 	 0.4107 	 1.3611 	 0.4660 
0.5800 	 0.3928 	 1.3611 	 0.4660 
0.5900 	 0.3776 	 1.3610 	 0.4660 
0.6000 	 0.3656 	 1.3608 	 0.4660 
0.6100 	 0.3564 	 1.3605 	 0.4659 
0.6200 	 0.3497 	 1.3599 	 0.4656 
0.6300 	 0.3449 	 1.3585 	 0.4650 
0.6400 	 0.3414 	 1.3556 	 0.4636 
0.6500 	 0.3381 	 1.3491 	 0.4606 
0.6600 	 0.3338 	 1.3350 	 0.4541 
0.6700 	 0.3262 	 1.3045 	 0.4403 
0.6800 	 0.3113 	 1.2402 	 0.4124 
0.6900 	 0.2838 	 1.1103 	 0.3607 
0.7000 	 0.2397 	 0.8716 	 0.2801 
0.7100 	 0.1870 	 0.5201 	 0.1892 
0.7200 	 0.1471 	 0.1938 	 0.1280 
0.7300 	 0.1302 	 0.0448 	 0.1060 
0.7400 	 0.1260 	 0.0083 	 0.1011 
0.7500 	 0.1252 	 0.0015 	 0.1002 
0.7600 	 0.1250 	 0.0003 	 0.1000 
0.7700 	 0.1250 	 0.0000 	 0.1000 
0.7800 	 0.1250 	 0.0000 	 0.1000 
0.7900 	 0.1250 	 0.0000 	 0.1000 
0.8000 	 0.1250 	 0.0000 	 0.1000 
0.8100 	 0.1250 	 0.0000 	 0.1000 
0.8200 	 0.1250 	 0.0000 	 0.1000 
0.8300 	 0.1250 	 0.0000 	 0.1000 
0.8400 	 0.1250 	 0.0000 	 0.1000 
0.8500 	 0.1250 	 0.0000 	 0.1000 
0.8600 	 0.1250 	 0.0000 	 0.1000 
0.8700 	 0.1250 	 0.0000 	 0.1000 
0.8800 	 0.1250 	 0.0000 	 0.1000 
0.8900 	 0.1250 	 0.0000 	 0.1000 
0.9000 	 0.1250 	 0.0000 	 0.1000 
0.9100 	 0.1250 	 0.0000 	 0.1000 
0.9200 	 0.1250 	 0.0000 	 0.1000 
0.9300 	 0.1250 	 0.0000 	 0.1000 
0.9400 	 0.1250 	 0.0000 	 0.1000 
0.9500 	 0.1250 	 0.0000 	 0.1000 
0.9600 	 0.1250 	 0.0000 	 0.1000 
0.9700 	 0.1250 	 0.0000 	 0.1000 
0.9800 	 0.1250 	 0.0000 	 0.1000 
0.9900 	 0.1250 	 0.0000 	 0.1000 
