0.0000 	 1.0000 	 0.7500 	 1.0000 
0.0100 	 1.0000 	 0.7500 	 1.0000 
0.0200 	 1.0000 	 0.7500 	 1.0000 
0.0300 	 1.0000 	 0.7500 	 1.0000 
0.0400 	 1.0000 	 0.7500 	 1.0000 
0.0500 	 1.0000 	 0.7500 	 1.0000 
0.0600 	 1.0000 	 0.7500 	 1.0000 
0.0700 	 1.0000 	 0.7500 	 1.0000 
0.0800 	 1.0000 	 0.7500 	 1.0000 
0.0900 	 1.0000 	 0.7500 	 1.0000 
0.1000 	 1.0000 	 0.7500 	 1.0000 
0.1100 	 1.0000 	 0.7500 	 1.0000 
0.1200 	 1.0000 	 0.7500 	 1.0000 
0.1300 	 1.0000 	 0.7500 	 1.0000 
0.1400 	 1.0000 	 0.7500 	 1.0000 
0.1500 	 1.0000 	 0.7500 	 1.0000 
0.1600 	 1.0000 	 0.7500 	 1.0000 
0.1700 	 1.0000 	 0.7500 	 1.0000 
0.1800 	 0.9999 	 0.7501 	 0.9999 
0.1900 	 0.9997 	 0.7503 	 0.9996 
0.2000 	 0.9992 	 0.7509 	 0.9989 
0.2100 	 0.9979 	 0.7525 	 0.9970 
0.2200 	 0.9949 	 0.7561 	 0.9929 
0.2300 	 0.9889 	 0.7631 	 0.9846 
0.2400 	 0.9785 	 0.7756 	 0.9701 
0.2500 	 0.9621 	 0.7955 	 0.9475 
0.2600 	 0.9389 	 0.8238 	 0.9159 
0.2700 	 0.9091 	 0.8613 	 0.8755 
0.2800 	 0.8731 	 0.9076 	 0.8278 
0.2900 	 0.8323 	 0.9622 	 0.7744 
0.3000 	 0.7877 	 1.0243 	 0.7171 
0.3100 	 0.7397 	 1.0944 	 0.6570 
0.3200 	 0.6670 	 1.2082 	 0.5686 
0.3300 	 0.6306 	 1.2686 	 0.5260 
0.3400 	 0.6061 	 1.3106 	 0.4980 
0.3500 	 0.5900 	 1.3386 	 0.4801 
0.3600 	 0.5805 	 1.3545 	 0.4702 
0.3700 	 0.5750 	 1.3618 	 0.4657 
0.3800 	 0.5707 	 1.3640 	 0.4644 
0.3900 	 0.5649 	 1.3640 	 0.4644 
0.4000 	 0.5555 	 1.3635 	 0.4647 
0.4100 	 0.5410 	 1.3630 	 0.4650 
0.4200 	 0.5208 	 1.3627 	 0.4652 
0.4300 	 0.4955 	 1.3623 	 0.4654 
0.4400 	 0.4668 	 1.3620 	 0.4654 
0.4500 	 0.4372 	 1.3615 	 0.4654 
0.4600 	 0.4093 	 1.3606 	 0.4651 
0.4700 	 0.3852 	 1.3587 	 0.4642 
0.4800 	 0.3657 	 1.3544 	 0.4623 
0.4900 	 0.3504 	 1.3449 	 0.4579 
0.5000 	 0.3370 	 1.3234 	 0.4481 
0.5100 	 0.3214 	 1.2760 	 0.4271 
0.5200 	 0.2973 	 1.1754 	 0.3854 
0.5300 	 0.2581 	 0.9785 	 0.3138 
0.5400 	 0.2053 	 0.6542 	 0.2204 
0.5500 	 0.1578 	 0.2876 	 0.1436 
0.5600 	 0.1335 	 0.0741 	 0.1101 
0.5700 	 0.1266 	 0.0138 	 0.1018 
0.5800 	 0.1253 	 0.0023 	 0.1003 
0.5900 	 0.1250 	 0.0004 	 0.1001 
0.6000 	 0.1250 	 0.0001 	 0.1000 
0.6100 	 0.1250 	 0.0000 	 0.1000 
0.6200 	 0.1250 	 0.0000 	 0.1000 
0.6300 	 0.1250 	 0.0000 	 0.1000 
0.6400 	 0.1250 	 0.0000 	 0.1000 
0.6500 	 0.1250 	 0.0000 	 0.1000 
0.6600 	 0.1250 	 0.0000 	 0.1000 
0.6700 	 0.1250 	 0.0000 	 0.1000 
0.6800 	 0.1250 	 0.0000 	 0.1000 
0.6900 	 0.1250 	 0.0000 	 0.1000 
0.7000 	 0.1250 	 0.0000 	 0.1000 
0.7100 	 0.1250 	 0.0000 	 0.1000 
0.7200 	 0.1250 	 0.0000 	 0.1000 
0.7300 	 0.1250 	 0.0000 	 0.1000 
0.7400 	 0.1250 	 0.0000 	 0.1000 
0.7500 	 0.1250 	 0.0000 	 0.1000 
0.7600 	 0.1250 	 0.0000 	 0.1000 
0.7700 	 0.1250 	 0.0000 	 0.1000 
0.7800 	 0.1250 	 0.0000 	 0.1000 
0.7900 	 0.1250 	 0.0000 	 0.1000 
0.8000 	 0.1250 	 0.0000 	 0.1000 
0.8100 	 0.1250 	 0.0000 	 0.1000 
0.8200 	 0.1250 	 0.0000 	 0.1000 
0.8300 	 0.1250 	 0.0000 	 0.1000 
0.8400 	 0.1250 	 0.0000 	 0.1000 
0.8500 	 0.1250 	 0.0000 	 0.1000 
0.8600 	 0.1250 	 0.0000 	 0.1000 
0.8700 	 0.1250 	 0.0000 	 0.1000 
0.8800 	 0.1250 	 0.0000 	 0.1000 
0.8900 	 0.1250 	 0.0000 	 0.1000 
0.9000 	 0.1250 	 0.0000 	 0.1000 
0.9100 	 0.1250 	 0.0000 	 0.1000 
0.9200 	 0.1250 	 0.0000 	 0.1000 
0.9300 	 0.1250 	 0.0000 	 0.1000 
0.9400 	 0.1250 	 0.0000 	 0.1000 
0.9500 	 0.1250 	 0.0000 	 0.1000 
0.9600 	 0.1250 	 0.0000 	 0.1000 
0.9700 	 0.1250 	 0.0000 	 0.1000 
0.9800 	 0.1250 	 0.0000 	 0.1000 
0.9900 	 0.1250 	 0.0000 	 0.1000 
