0.0000 	 1.0000 	 0.7500 	 1.0000 
0.0100 	 1.0000 	 0.7500 	 1.0000 
0.0200 	 1.0000 	 0.7500 	 1.0000 
0.0300 	 1.0000 	 0.7500 	 1.0000 
0.0400 	 1.0000 	 0.7500 	 1.0000 
0.0500 	 1.0000 	 0.7500 	 1.0000 
0.0600 	 1.0000 	 0.7500 	 1.0000 
0.0700 	 1.0000 	 0.7500 	 1.0000 
0.0800 	 1.0000 	 0.7500 	 1.0000 
0.0900 	 1.0000 	 0.7500 	 1.0000 
0.1000 	 1.0000 	 0.7500 	 1.0000 
0.1100 	 1.0000 	 0.7500 	 1.0000 
0.1200 	 1.0000 	 0.7500 	 1.0000 
0.1300 	 1.0000 	 0.7500 	 1.0000 
0.1400 	 0.9999 	 0.7501 	 0.9999 
0.1500 	 0.9998 	 0.7503 	 0.9997 
0.1600 	 0.9994 	 0.7507 	 0.9992 
0.1700 	 0.9986 	 0.7516 	 0.9981 
0.1800 	 0.9971 	 0.7534 	 0.9959 
0.1900 	 0.9942 	 0.7569 	 0.9919 
0.2000 	 0.9893 	 0.7627 	 0.9851 
0.2100 	 0.9817 	 0.7718 	 0.9745 
0.2200 	 0.9708 	 0.7849 	 0.9594 
0.2300 	 0.9563 	 0.8026 	 0.9394 
0.2400 	 0.9381 	 0.8250 	 0.9146 
0.2500 	 0.9165 	 0.8521 	 0.8853 
0.2600 	 0.8919 	 0.8834 	 0.8524 
0.2700 	 0.8649 	 0.9187 	 0.8167 
0.2800 	 0.8360 	 0.9574 	 0.7789 
0.2900 	 0.8057 	 0.9993 	 0.7397 
0.3000 	 0.7742 	 1.0443 	 0.6996 
0.3100 	 0.7407 	 1.0936 	 0.6578 
0.3200 	 0.6881 	 1.1750 	 0.5934 
0.3300 	 0.6565 	 1.2261 	 0.5558 
0.3400 	 0.6330 	 1.2655 	 0.5282 
0.3500 	 0.6144 	 1.2975 	 0.5067 
0.3600 	 0.6001 	 1.3225 	 0.4904 
0.3700 	 0.5899 	 1.3407 	 0.4788 
0.3800 	 0.5832 	 1.3525 	 0.4714 
0.3900 	 0.5795 	 1.3591 	 0.4673 
0.4000 	 0.5775 	 1.3622 	 0.4655 
0.4100 	 0.5766 	 1.3631 	 0.4649 
0.4200 	 0.5757 	 1.3632 	 0.4648 
0.4300 	 0.5744 	 1.3629 	 0.4650 
0.4400 	 0.5721 	 1.3625 	 0.4652 
0.4500 	 0.5680 	 1.3623 	 0.4654 
0.4600 	 0.5616 	 1.3620 	 0.4655 
0.4700 	 0.5523 	 1.3619 	 0.4656 
0.4800 	 0.5395 	 1.3617 	 0.4657 
0.4900 	 0.5232 	 1.3616 	 0.4658 
0.5000 	 0.5036 	 1.3615 	 0.4658 
0.5100 	 0.4815 	 1.3614 	 0.4659 
0.5200 	 0.4581 	 1.3614 	 0.4659 
0.5300 	 0.4348 	 1.3613 	 0.4660 
0.5400 	 0.4129 	 1.3612 	 0.4660 
0.5500 	 0.3935 	 1.3611 	 0.4660 
0.5600 	 0.3773 	 1.3609 	 0.4659 
0.5700 	 0.3645 	 1.3605 	 0.4657 
0.5800 	 0.3548 	 1.3597 	 0.4654 
0.5900 	 0.3478 	 1.3579 	 0.4646 
0.6000 	 0.3426 	 1.3540 	 0.4628 
0.6100 	 0.3380 	 1.3455 	 0.4588 
0.6200 	 0.3321 	 1.3268 	 0.4502 
0.6300 	 0.3220 	 1.2866 	 0.4323 
0.6400 	 0.3030 	 1.2025 	 0.3967 
0.6500 	 0.2693 	 1.0366 	 0.3339 
0.6600 	 0.2200 	 0.7499 	 0.2452 
0.6700 	 0.1693 	 0.3821 	 0.1609 
0.6800 	 0.1383 	 0.1162 	 0.1162 
0.6900 	 0.1278 	 0.0238 	 0.1032 
0.7000 	 0.1255 	 0.0043 	 0.1006 
0.7100 	 0.1251 	 0.0007 	 0.1001 
0.7200 	 0.1250 	 0.0001 	 0.1000 
0.7300 	 0.1250 	 0.0000 	 0.1000 
0.7400 	 0.1250 	 0.0000 	 0.1000 
0.7500 	 0.1250 	 0.0000 	 0.1000 
0.7600 	 0.1250 	 0.0000 	 0.1000 
0.7700 	 0.1250 	 0.0000 	 0.1000 
0.7800 	 0.1250 	 0.0000 	 0.1000 
0.7900 	 0.1250 	 0.0000 	 0.1000 
0.8000 	 0.1250 	 0.0000 	 0.1000 
0.8100 	 0.1250 	 0.0000 	 0.1000 
0.8200 	 0.1250 	 0.0000 	 0.1000 
0.8300 	 0.1250 	 0.0000 	 0.1000 
0.8400 	 0.1250 	 0.0000 	 0.1000 
0.8500 	 0.1250 	 0.0000 	 0.1000 
0.8600 	 0.1250 	 0.0000 	 0.1000 
0.8700 	 0.1250 	 0.0000 	 0.1000 
0.8800 	 0.1250 	 0.0000 	 0.1000 
0.8900 	 0.1250 	 0.0000 	 0.1000 
0.9000 	 0.1250 	 0.0000 	 0.1000 
0.9100 	 0.1250 	 0.0000 	 0.1000 
0.9200 	 0.1250 	 0.0000 	 0.1000 
0.9300 	 0.1250 	 0.0000 	 0.1000 
0.9400 	 0.1250 	 0.0000 	 0.1000 
0.9500 	 0.1250 	 0.0000 	 0.1000 
0.9600 	 0.1250 	 0.0000 	 0.1000 
0.9700 	 0.1250 	 0.0000 	 0.1000 
0.9800 	 0.1250 	 0.0000 	 0.1000 
0.9900 	 0.1250 	 0.0000 	 0.1000 
