0.0000 	 1.0000 	 0.7500 	 1.0000 
0.0100 	 1.0000 	 0.7500 	 1.0000 
0.0200 	 1.0000 	 0.7500 	 1.0000 
0.0300 	 1.0000 	 0.7500 	 1.0000 
0.0400 	 1.0000 	 0.7500 	 1.0000 
0.0500 	 1.0000 	 0.7500 	 1.0000 
0.0600 	 1.0000 	 0.7500 	 1.0000 
0.0700 	 1.0000 	 0.7500 	 1.0000 
0.0800 	 1.0000 	 0.7500 	 1.0000 
0.0900 	 1.0000 	 0.7500 	 1.0000 
0.1000 	 1.0000 	 0.7500 	 1.0000 
0.1100 	 1.0000 	 0.7500 	 1.0000 
0.1200 	 1.0000 	 0.7500 	 1.0000 
0.1300 	 1.0000 	 0.7500 	 1.0000 
0.1400 	 1.0000 	 0.7500 	 1.0000 
0.1500 	 0.9999 	 0.7501 	 0.9999 
0.1600 	 0.9997 	 0.7503 	 0.9996 
0.1700 	 0.9993 	 0.7508 	 0.9990 
0.1800 	 0.9984 	 0.7519 	 0.9977 
0.1900 	 0.9965 	 0.7542 	 0.9951 
0.2000 	 0.9930 	 0.7583 	 0.9902 
0.2100 	 0.9870 	 0.7655 	 0.9819 
0.2200 	 0.9778 	 0.7765 	 0.9691 
0.2300 	 0.9647 	 0.7923 	 0.9510 
0.2400 	 0.9474 	 0.8134 	 0.9274 
0.2500 	 0.9262 	 0.8398 	 0.8984 
0.2600 	 0.9012 	 0.8714 	 0.8649 
0.2700 	 0.8732 	 0.9077 	 0.8276 
0.2800 	 0.8428 	 0.9483 	 0.7877 
0.2900 	 0.8104 	 0.9926 	 0.7459 
0.3000 	 0.7766 	 1.0406 	 0.7028 
0.3100 	 0.7408 	 1.0934 	 0.6579 
0.3200 	 0.6844 	 1.1808 	 0.5890 
0.3300 	 0.6517 	 1.2340 	 0.5501 
0.3400 	 0.6276 	 1.2745 	 0.5221 
0.3500 	 0.6091 	 1.3064 	 0.5008 
0.3600 	 0.5955 	 1.3304 	 0.4853 
0.3700 	 0.5863 	 1.3468 	 0.4750 
0.3800 	 0.5808 	 1.3565 	 0.4689 
0.3900 	 0.5779 	 1.3613 	 0.4660 
0.4000 	 0.5763 	 1.3631 	 0.4649 
0.4100 	 0.5751 	 1.3634 	 0.4647 
0.4200 	 0.5734 	 1.3631 	 0.4649 
0.4300 	 0.5703 	 1.3627 	 0.4651 
0.4400 	 0.5650 	 1.3624 	 0.4653 
0.4500 	 0.5569 	 1.3622 	 0.4655 
0.4600 	 0.5452 	 1.3620 	 0.4656 
0.4700 	 0.5296 	 1.3618 	 0.4657 
0.4800 	 0.5103 	 1.3617 	 0.4658 
0.4900 	 0.4879 	 1.3616 	 0.4658 
0.5000 	 0.4637 	 1.3615 	 0.4659 
0.5100 	 0.4392 	 1.3614 	 0.4659 
0.5200 	 0.4159 	 1.3613 	 0.4659 
0.5300 	 0.3952 	 1.3611 	 0.4659 
0.5400 	 0.3779 	 1.3607 	 0.4657 
0.5500 	 0.3643 	 1.3600 	 0.4654 
0.5600 	 0.3540 	 1.3585 	 0.4648 
0.5700 	 0.3465 	 1.3552 	 0.4632 
0.5800 	 0.3405 	 1.3479 	 0.4599 
0.5900 	 0.3342 	 1.3319 	 0.4525 
0.6000 	 0.3247 	 1.2971 	 0.4368 
0.6100 	 0.3076 	 1.2235 	 0.4053 
0.6200 	 0.2768 	 1.0758 	 0.3479 
0.6300 	 0.2297 	 0.8117 	 0.2624 
0.6400 	 0.1774 	 0.4472 	 0.1738 
0.6500 	 0.1420 	 0.1491 	 0.1211 
0.6600 	 0.1287 	 0.0320 	 0.1043 
0.6700 	 0.1257 	 0.0058 	 0.1008 
0.6800 	 0.1251 	 0.0010 	 0.1001 
0.6900 	 0.1250 	 0.0002 	 0.1000 
0.7000 	 0.1250 	 0.0000 	 0.1000 
0.7100 	 0.1250 	 0.0000 	 0.1000 
0.7200 	 0.1250 	 0.0000 	 0.1000 
0.7300 	 0.1250 	 0.0000 	 0.1000 
0.7400 	 0.1250 	 0.0000 	 0.1000 
0.7500 	 0.1250 	 0.0000 	 0.1000 
0.7600 	 0.1250 	 0.0000 	 0.1000 
0.7700 	 0.1250 	 0.0000 	 0.1000 
0.7800 	 0.1250 	 0.0000 	 0.1000 
0.7900 	 0.1250 	 0.0000 	 0.1000 
0.8000 	 0.1250 	 0.0000 	 0.1000 
0.8100 	 0.1250 	 0.0000 	 0.1000 
0.8200 	 0.1250 	 0.0000 	 0.1000 
0.8300 	 0.1250 	 0.0000 	 0.1000 
0.8400 	 0.1250 	 0.0000 	 0.1000 
0.8500 	 0.1250 	 0.0000 	 0.1000 
0.8600 	 0.1250 	 0.0000 	 0.1000 
0.8700 	 0.1250 	 0.0000 	 0.1000 
0.8800 	 0.1250 	 0.0000 	 0.1000 
0.8900 	 0.1250 	 0.0000 	 0.1000 
0.9000 	 0.1250 	 0.0000 	 0.1000 
0.9100 	 0.1250 	 0.0000 	 0.1000 
0.9200 	 0.1250 	 0.0000 	 0.1000 
0.9300 	 0.1250 	 0.0000 	 0.1000 
0.9400 	 0.1250 	 0.0000 	 0.1000 
0.9500 	 0.1250 	 0.0000 	 0.1000 
0.9600 	 0.1250 	 0.0000 	 0.1000 
0.9700 	 0.1250 	 0.0000 	 0.1000 
0.9800 	 0.1250 	 0.0000 	 0.1000 
0.9900 	 0.1250 	 0.0000 	 0.1000 
