0.0000 	 1.0000 	 0.7500 	 1.0000 
0.0100 	 1.0000 	 0.7500 	 1.0000 
0.0200 	 1.0000 	 0.7500 	 1.0000 
0.0300 	 1.0000 	 0.7500 	 1.0000 
0.0400 	 1.0000 	 0.7500 	 1.0000 
0.0500 	 1.0000 	 0.7500 	 1.0000 
0.0600 	 1.0000 	 0.7500 	 1.0000 
0.0700 	 1.0000 	 0.7500 	 1.0000 
0.0800 	 1.0000 	 0.7500 	 1.0000 
0.0900 	 1.0000 	 0.7500 	 1.0000 
0.1000 	 1.0000 	 0.7500 	 1.0000 
0.1100 	 1.0000 	 0.7500 	 1.0000 
0.1200 	 1.0000 	 0.7500 	 1.0000 
0.1300 	 1.0000 	 0.7500 	 1.0000 
0.1400 	 1.0000 	 0.7500 	 1.0000 
0.1500 	 1.0000 	 0.7500 	 1.0000 
0.1600 	 1.0000 	 0.7500 	 1.0000 
0.1700 	 0.9999 	 0.7501 	 0.9999 
0.1800 	 0.9998 	 0.7503 	 0.9997 
0.1900 	 0.9994 	 0.7507 	 0.9991 
0.2000 	 0.9983 	 0.7520 	 0.9977 
0.2100 	 0.9961 	 0.7547 	 0.9945 
0.2200 	 0.9915 	 0.7601 	 0.9882 
0.2300 	 0.9835 	 0.7697 	 0.9770 
0.2400 	 0.9706 	 0.7851 	 0.9592 
0.2500 	 0.9522 	 0.8075 	 0.9339 
0.2600 	 0.9279 	 0.8376 	 0.9009 
0.2700 	 0.8981 	 0.8754 	 0.8608 
0.2800 	 0.8635 	 0.9203 	 0.8151 
0.2900 	 0.8253 	 0.9719 	 0.7652 
0.3000 	 0.7842 	 1.0295 	 0.7126 
0.3100 	 0.7403 	 1.0937 	 0.6576 
0.3200 	 0.6726 	 1.1993 	 0.5752 
0.3300 	 0.6371 	 1.2579 	 0.5334 
0.3400 	 0.6124 	 1.3000 	 0.5050 
0.3500 	 0.5953 	 1.3299 	 0.4856 
0.3600 	 0.5845 	 1.3488 	 0.4737 
0.3700 	 0.5783 	 1.3588 	 0.4675 
0.3800 	 0.5748 	 1.3629 	 0.4650 
0.3900 	 0.5717 	 1.3639 	 0.4644 
0.4000 	 0.5670 	 1.3637 	 0.4646 
0.4100 	 0.5593 	 1.3632 	 0.4649 
0.4200 	 0.5473 	 1.3628 	 0.4651 
0.4300 	 0.5302 	 1.3624 	 0.4653 
0.4400 	 0.5083 	 1.3622 	 0.4655 
0.4500 	 0.4825 	 1.3620 	 0.4656 
0.4600 	 0.4547 	 1.3617 	 0.4656 
0.4700 	 0.4272 	 1.3614 	 0.4656 
0.4800 	 0.4020 	 1.3607 	 0.4653 
0.4900 	 0.3807 	 1.3594 	 0.4648 
0.5000 	 0.3638 	 1.3565 	 0.4635 
0.5100 	 0.3508 	 1.3501 	 0.4605 
0.5200 	 0.3400 	 1.3357 	 0.4539 
0.5300 	 0.3282 	 1.3039 	 0.4396 
0.5400 	 0.3106 	 1.2355 	 0.4100 
0.5500 	 0.2806 	 1.0957 	 0.3550 
0.5600 	 0.2342 	 0.8402 	 0.2706 
0.5700 	 0.1810 	 0.4760 	 0.1797 
0.5800 	 0.1436 	 0.1635 	 0.1233 
0.5900 	 0.1291 	 0.0353 	 0.1047 
0.6000 	 0.1257 	 0.0063 	 0.1008 
0.6100 	 0.1251 	 0.0011 	 0.1001 
0.6200 	 0.1250 	 0.0002 	 0.1000 
0.6300 	 0.1250 	 0.0000 	 0.1000 
0.6400 	 0.1250 	 0.0000 	 0.1000 
0.6500 	 0.1250 	 0.0000 	 0.1000 
0.6600 	 0.1250 	 0.0000 	 0.1000 
0.6700 	 0.1250 	 0.0000 	 0.1000 
0.6800 	 0.1250 	 0.0000 	 0.1000 
0.6900 	 0.1250 	 0.0000 	 0.1000 
0.7000 	 0.1250 	 0.0000 	 0.1000 
0.7100 	 0.1250 	 0.0000 	 0.1000 
0.7200 	 0.1250 	 0.0000 	 0.1000 
0.7300 	 0.1250 	 0.0000 	 0.1000 
0.7400 	 0.1250 	 0.0000 	 0.1000 
0.7500 	 0.1250 	 0.0000 	 0.1000 
0.7600 	 0.1250 	 0.0000 	 0.1000 
0.7700 	 0.1250 	 0.0000 	 0.1000 
0.7800 	 0.1250 	 0.0000 	 0.1000 
0.7900 	 0.1250 	 0.0000 	 0.1000 
0.8000 	 0.1250 	 0.0000 	 0.1000 
0.8100 	 0.1250 	 0.0000 	 0.1000 
0.8200 	 0.1250 	 0.0000 	 0.1000 
0.8300 	 0.1250 	 0.0000 	 0.1000 
0.8400 	 0.1250 	 0.0000 	 0.1000 
0.8500 	 0.1250 	 0.0000 	 0.1000 
0.8600 	 0.1250 	 0.0000 	 0.1000 
0.8700 	 0.1250 	 0.0000 	 0.1000 
0.8800 	 0.1250 	 0.0000 	 0.1000 
0.8900 	 0.1250 	 0.0000 	 0.1000 
0.9000 	 0.1250 	 0.0000 	 0.1000 
0.9100 	 0.1250 	 0.0000 	 0.1000 
0.9200 	 0.1250 	 0.0000 	 0.1000 
0.9300 	 0.1250 	 0.0000 	 0.1000 
0.9400 	 0.1250 	 0.0000 	 0.1000 
0.9500 	 0.1250 	 0.0000 	 0.1000 
0.9600 	 0.1250 	 0.0000 	 0.1000 
0.9700 	 0.1250 	 0.0000 	 0.1000 
0.9800 	 0.1250 	 0.0000 	 0.1000 
0.9900 	 0.1250 	 0.0000 	 0.1000 
