0.0000 	 1.0000 	 0.7500 	 1.0000 
0.0100 	 1.0000 	 0.7500 	 1.0000 
0.0200 	 1.0000 	 0.7500 	 1.0000 
0.0300 	 1.0000 	 0.7500 	 1.0000 
0.0400 	 1.0000 	 0.7500 	 1.0000 
0.0500 	 1.0000 	 0.7500 	 1.0000 
0.0600 	 1.0000 	 0.7500 	 1.0000 
0.0700 	 1.0000 	 0.7500 	 1.0000 
0.0800 	 1.0000 	 0.7500 	 1.0000 
0.0900 	 1.0000 	 0.7500 	 1.0000 
0.1000 	 1.0000 	 0.7500 	 1.0000 
0.1100 	 1.0000 	 0.7500 	 1.0000 
0.1200 	 1.0000 	 0.7500 	 1.0000 
0.1300 	 1.0000 	 0.7500 	 1.0000 
0.1400 	 1.0000 	 0.7500 	 1.0000 
0.1500 	 1.0000 	 0.7500 	 1.0000 
0.1600 	 1.0000 	 0.7500 	 1.0000 
0.1700 	 1.0000 	 0.7500 	 1.0000 
0.1800 	 1.0000 	 0.7500 	 1.0000 
0.1900 	 1.0000 	 0.7500 	 1.0000 
0.2000 	 0.9999 	 0.7501 	 0.9999 
0.2100 	 0.9996 	 0.7504 	 0.9995 
0.2200 	 0.9988 	 0.7514 	 0.9983 
0.2300 	 0.9965 	 0.7541 	 0.9951 
0.2400 	 0.9913 	 0.7604 	 0.9878 
0.2500 	 0.9807 	 0.7730 	 0.9732 
0.2600 	 0.9624 	 0.7950 	 0.9480 
0.2700 	 0.9346 	 0.8291 	 0.9101 
0.2800 	 0.8970 	 0.8766 	 0.8596 
0.2900 	 0.8504 	 0.9375 	 0.7982 
0.3000 	 0.7966 	 1.0113 	 0.7289 
0.3100 	 0.7370 	 1.0979 	 0.6542 
0.3200 	 0.6525 	 1.2310 	 0.5522 
0.3300 	 0.6149 	 1.2940 	 0.5089 
0.3400 	 0.5917 	 1.3333 	 0.4835 
0.3500 	 0.5780 	 1.3544 	 0.4703 
0.3600 	 0.5689 	 1.3629 	 0.4651 
0.3700 	 0.5592 	 1.3649 	 0.4639 
0.3800 	 0.5447 	 1.3645 	 0.4642 
0.3900 	 0.5231 	 1.3638 	 0.4646 
0.4000 	 0.4947 	 1.3630 	 0.4648 
0.4100 	 0.4616 	 1.3619 	 0.4647 
0.4200 	 0.4275 	 1.3600 	 0.4641 
0.4300 	 0.3961 	 1.3559 	 0.4623 
0.4400 	 0.3694 	 1.3465 	 0.4579 
0.4500 	 0.3470 	 1.3247 	 0.4480 
0.4600 	 0.3251 	 1.2753 	 0.4262 
0.4700 	 0.2966 	 1.1685 	 0.3822 
0.4800 	 0.2541 	 0.9578 	 0.3067 
0.4900 	 0.1996 	 0.6160 	 0.2110 
0.5000 	 0.1535 	 0.2512 	 0.1374 
0.5100 	 0.1319 	 0.0595 	 0.1080 
0.5200 	 0.1262 	 0.0104 	 0.1014 
0.5300 	 0.1252 	 0.0017 	 0.1002 
0.5400 	 0.1250 	 0.0003 	 0.1000 
0.5500 	 0.1250 	 0.0000 	 0.1000 
0.5600 	 0.1250 	 0.0000 	 0.1000 
0.5700 	 0.1250 	 0.0000 	 0.1000 
0.5800 	 0.1250 	 0.0000 	 0.1000 
0.5900 	 0.1250 	 0.0000 	 0.1000 
0.6000 	 0.1250 	 0.0000 	 0.1000 
0.6100 	 0.1250 	 0.0000 	 0.1000 
0.6200 	 0.1250 	 0.0000 	 0.1000 
0.6300 	 0.1250 	 0.0000 	 0.1000 
0.6400 	 0.1250 	 0.0000 	 0.1000 
0.6500 	 0.1250 	 0.0000 	 0.1000 
0.6600 	 0.1250 	 0.0000 	 0.1000 
0.6700 	 0.1250 	 0.0000 	 0.1000 
0.6800 	 0.1250 	 0.0000 	 0.1000 
0.6900 	 0.1250 	 0.0000 	 0.1000 
0.7000 	 0.1250 	 0.0000 	 0.1000 
0.7100 	 0.1250 	 0.0000 	 0.1000 
0.7200 	 0.1250 	 0.0000 	 0.1000 
0.7300 	 0.1250 	 0.0000 	 0.1000 
0.7400 	 0.1250 	 0.0000 	 0.1000 
0.7500 	 0.1250 	 0.0000 	 0.1000 
0.7600 	 0.1250 	 0.0000 	 0.1000 
0.7700 	 0.1250 	 0.0000 	 0.1000 
0.7800 	 0.1250 	 0.0000 	 0.1000 
0.7900 	 0.1250 	 0.0000 	 0.1000 
0.8000 	 0.1250 	 0.0000 	 0.1000 
0.8100 	 0.1250 	 0.0000 	 0.1000 
0.8200 	 0.1250 	 0.0000 	 0.1000 
0.8300 	 0.1250 	 0.0000 	 0.1000 
0.8400 	 0.1250 	 0.0000 	 0.1000 
0.8500 	 0.1250 	 0.0000 	 0.1000 
0.8600 	 0.1250 	 0.0000 	 0.1000 
0.8700 	 0.1250 	 0.0000 	 0.1000 
0.8800 	 0.1250 	 0.0000 	 0.1000 
0.8900 	 0.1250 	 0.0000 	 0.1000 
0.9000 	 0.1250 	 0.0000 	 0.1000 
0.9100 	 0.1250 	 0.0000 	 0.1000 
0.9200 	 0.1250 	 0.0000 	 0.1000 
0.9300 	 0.1250 	 0.0000 	 0.1000 
0.9400 	 0.1250 	 0.0000 	 0.1000 
0.9500 	 0.1250 	 0.0000 	 0.1000 
0.9600 	 0.1250 	 0.0000 	 0.1000 
0.9700 	 0.1250 	 0.0000 	 0.1000 
0.9800 	 0.1250 	 0.0000 	 0.1000 
0.9900 	 0.1250 	 0.0000 	 0.1000 
