0.0000 	 1.0000 	 0.7500 	 1.0000 
0.0100 	 1.0000 	 0.7500 	 1.0000 
0.0200 	 1.0000 	 0.7500 	 1.0000 
0.0300 	 1.0000 	 0.7500 	 1.0000 
0.0400 	 1.0000 	 0.7500 	 1.0000 
0.0500 	 1.0000 	 0.7500 	 1.0000 
0.0600 	 1.0000 	 0.7500 	 1.0000 
0.0700 	 1.0000 	 0.7500 	 1.0000 
0.0800 	 1.0000 	 0.7500 	 1.0000 
0.0900 	 1.0000 	 0.7500 	 1.0000 
0.1000 	 1.0000 	 0.7500 	 1.0000 
0.1100 	 1.0000 	 0.7500 	 1.0000 
0.1200 	 1.0000 	 0.7500 	 1.0000 
0.1300 	 1.0000 	 0.7500 	 1.0000 
0.1400 	 0.9999 	 0.7501 	 0.9999 
0.1500 	 0.9998 	 0.7502 	 0.9997 
0.1600 	 0.9995 	 0.7506 	 0.9993 
0.1700 	 0.9988 	 0.7514 	 0.9984 
0.1800 	 0.9974 	 0.7531 	 0.9964 
0.1900 	 0.9948 	 0.7562 	 0.9927 
0.2000 	 0.9902 	 0.7616 	 0.9863 
0.2100 	 0.9829 	 0.7703 	 0.9762 
0.2200 	 0.9724 	 0.7830 	 0.9616 
0.2300 	 0.9581 	 0.8003 	 0.9420 
0.2400 	 0.9401 	 0.8225 	 0.9174 
0.2500 	 0.9186 	 0.8494 	 0.8882 
0.2600 	 0.8939 	 0.8808 	 0.8551 
0.2700 	 0.8667 	 0.9164 	 0.8190 
0.2800 	 0.8375 	 0.9555 	 0.7807 
0.2900 	 0.8067 	 0.9979 	 0.7410 
0.3000 	 0.7747 	 1.0435 	 0.7003 
0.3100 	 0.7407 	 1.0935 	 0.6578 
0.3200 	 0.6873 	 1.1762 	 0.5924 
0.3300 	 0.6555 	 1.2278 	 0.5546 
0.3400 	 0.6319 	 1.2674 	 0.5269 
0.3500 	 0.6133 	 1.2994 	 0.5054 
0.3600 	 0.5991 	 1.3242 	 0.4892 
0.3700 	 0.5891 	 1.3421 	 0.4779 
0.3800 	 0.5827 	 1.3534 	 0.4708 
0.3900 	 0.5791 	 1.3597 	 0.4670 
0.4000 	 0.5773 	 1.3624 	 0.4653 
0.4100 	 0.5763 	 1.3632 	 0.4648 
0.4200 	 0.5754 	 1.3632 	 0.4649 
0.4300 	 0.5738 	 1.3628 	 0.4650 
0.4400 	 0.5709 	 1.3625 	 0.4652 
0.4500 	 0.5662 	 1.3622 	 0.4654 
0.4600 	 0.5588 	 1.3620 	 0.4655 
0.4700 	 0.5482 	 1.3619 	 0.4656 
0.4800 	 0.5341 	 1.3617 	 0.4657 
0.4900 	 0.5163 	 1.3616 	 0.4658 
0.5000 	 0.4955 	 1.3615 	 0.4659 
0.5100 	 0.4725 	 1.3614 	 0.4659 
0.5200 	 0.4488 	 1.3614 	 0.4659 
0.5300 	 0.4257 	 1.3613 	 0.4660 
0.5400 	 0.4045 	 1.3612 	 0.4660 
0.5500 	 0.3861 	 1.3610 	 0.4659 
0.5600 	 0.3712 	 1.3607 	 0.4658 
0.5700 	 0.3597 	 1.3601 	 0.4655 
0.5800 	 0.3512 	 1.3588 	 0.4650 
0.5900 	 0.3451 	 1.3559 	 0.4636 
0.6000 	 0.3401 	 1.3495 	 0.4607 
0.6100 	 0.3348 	 1.3356 	 0.4543 
0.6200 	 0.3266 	 1.3054 	 0.4406 
0.6300 	 0.3116 	 1.2414 	 0.4128 
0.6400 	 0.2839 	 1.1114 	 0.3610 
0.6500 	 0.2397 	 0.8722 	 0.2802 
0.6600 	 0.1868 	 0.5194 	 0.1890 
0.6700 	 0.1469 	 0.1927 	 0.1278 
0.6800 	 0.1301 	 0.0442 	 0.1059 
0.6900 	 0.1260 	 0.0081 	 0.1011 
0.7000 	 0.1252 	 0.0014 	 0.1002 
0.7100 	 0.1250 	 0.0002 	 0.1000 
0.7200 	 0.1250 	 0.0000 	 0.1000 
0.7300 	 0.1250 	 0.0000 	 0.1000 
0.7400 	 0.1250 	 0.0000 	 0.1000 
0.7500 	 0.1250 	 0.0000 	 0.1000 
0.7600 	 0.1250 	 0.0000 	 0.1000 
0.7700 	 0.1250 	 0.0000 	 0.1000 
0.7800 	 0.1250 	 0.0000 	 0.1000 
0.7900 	 0.1250 	 0.0000 	 0.1000 
0.8000 	 0.1250 	 0.0000 	 0.1000 
0.8100 	 0.1250 	 0.0000 	 0.1000 
0.8200 	 0.1250 	 0.0000 	 0.1000 
0.8300 	 0.1250 	 0.0000 	 0.1000 
0.8400 	 0.1250 	 0.0000 	 0.1000 
0.8500 	 0.1250 	 0.0000 	 0.1000 
0.8600 	 0.1250 	 0.0000 	 0.1000 
0.8700 	 0.1250 	 0.0000 	 0.1000 
0.8800 	 0.1250 	 0.0000 	 0.1000 
0.8900 	 0.1250 	 0.0000 	 0.1000 
0.9000 	 0.1250 	 0.0000 	 0.1000 
0.9100 	 0.1250 	 0.0000 	 0.1000 
0.9200 	 0.1250 	 0.0000 	 0.1000 
0.9300 	 0.1250 	 0.0000 	 0.1000 
0.9400 	 0.1250 	 0.0000 	 0.1000 
0.9500 	 0.1250 	 0.0000 	 0.1000 
0.9600 	 0.1250 	 0.0000 	 0.1000 
0.9700 	 0.1250 	 0.0000 	 0.1000 
0.9800 	 0.1250 	 0.0000 	 0.1000 
0.9900 	 0.1250 	 0.0000 	 0.1000 
