0.0000 	 1.0000 	 0.7500 	 1.0000 
0.0100 	 1.0000 	 0.7500 	 1.0000 
0.0200 	 1.0000 	 0.7500 	 1.0000 
0.0300 	 1.0000 	 0.7500 	 1.0000 
0.0400 	 1.0000 	 0.7500 	 1.0000 
0.0500 	 1.0000 	 0.7500 	 1.0000 
0.0600 	 1.0000 	 0.7500 	 1.0000 
0.0700 	 1.0000 	 0.7500 	 1.0000 
0.0800 	 1.0000 	 0.7500 	 1.0000 
0.0900 	 1.0000 	 0.7500 	 1.0000 
0.1000 	 1.0000 	 0.7500 	 1.0000 
0.1100 	 1.0000 	 0.7500 	 1.0000 
0.1200 	 1.0000 	 0.7500 	 1.0000 
0.1300 	 1.0000 	 0.7500 	 1.0000 
0.1400 	 0.9999 	 0.7501 	 0.9999 
0.1500 	 0.9999 	 0.7502 	 0.9998 
0.1600 	 0.9996 	 0.7505 	 0.9995 
0.1700 	 0.9991 	 0.7511 	 0.9987 
0.1800 	 0.9979 	 0.7525 	 0.9970 
0.1900 	 0.9956 	 0.7553 	 0.9938 
0.2000 	 0.9914 	 0.7602 	 0.9881 
0.2100 	 0.9847 	 0.7682 	 0.9787 
0.2200 	 0.9747 	 0.7802 	 0.9649 
0.2300 	 0.9610 	 0.7969 	 0.9459 
0.2400 	 0.9432 	 0.8186 	 0.9216 
0.2500 	 0.9218 	 0.8454 	 0.8925 
0.2600 	 0.8970 	 0.8769 	 0.8592 
0.2700 	 0.8694 	 0.9127 	 0.8226 
0.2800 	 0.8397 	 0.9525 	 0.7836 
0.2900 	 0.8083 	 0.9957 	 0.7430 
0.3000 	 0.7755 	 1.0423 	 0.7013 
0.3100 	 0.7408 	 1.0935 	 0.6578 
0.3200 	 0.6861 	 1.1781 	 0.5910 
0.3300 	 0.6539 	 1.2304 	 0.5527 
0.3400 	 0.6301 	 1.2704 	 0.5248 
0.3500 	 0.6115 	 1.3024 	 0.5034 
0.3600 	 0.5976 	 1.3269 	 0.4876 
0.3700 	 0.5879 	 1.3441 	 0.4767 
0.3800 	 0.5818 	 1.3548 	 0.4700 
0.3900 	 0.5786 	 1.3604 	 0.4665 
0.4000 	 0.5769 	 1.3627 	 0.4651 
0.4100 	 0.5759 	 1.3633 	 0.4648 
0.4200 	 0.5747 	 1.3631 	 0.4649 
0.4300 	 0.5725 	 1.3628 	 0.4651 
0.4400 	 0.5688 	 1.3625 	 0.4653 
0.4500 	 0.5628 	 1.3622 	 0.4654 
0.4600 	 0.5537 	 1.3620 	 0.4656 
0.4700 	 0.5411 	 1.3618 	 0.4657 
0.4800 	 0.5248 	 1.3617 	 0.4657 
0.4900 	 0.5049 	 1.3616 	 0.4658 
0.5000 	 0.4824 	 1.3615 	 0.4659 
0.5100 	 0.4585 	 1.3614 	 0.4659 
0.5200 	 0.4346 	 1.3613 	 0.4659 
0.5300 	 0.4122 	 1.3612 	 0.4659 
0.5400 	 0.3924 	 1.3611 	 0.4659 
0.5500 	 0.3760 	 1.3608 	 0.4658 
0.5600 	 0.3631 	 1.3602 	 0.4656 
0.5700 	 0.3535 	 1.3589 	 0.4650 
0.5800 	 0.3465 	 1.3562 	 0.4637 
0.5900 	 0.3410 	 1.3502 	 0.4609 
0.6000 	 0.3355 	 1.3370 	 0.4548 
0.6100 	 0.3274 	 1.3082 	 0.4418 
0.6200 	 0.3128 	 1.2470 	 0.4151 
0.6300 	 0.2861 	 1.1223 	 0.3651 
0.6400 	 0.2429 	 0.8906 	 0.2859 
0.6500 	 0.1899 	 0.5423 	 0.1941 
0.6600 	 0.1486 	 0.2076 	 0.1302 
0.6700 	 0.1306 	 0.0487 	 0.1066 
0.6800 	 0.1261 	 0.0090 	 0.1012 
0.6900 	 0.1252 	 0.0016 	 0.1002 
0.7000 	 0.1250 	 0.0003 	 0.1000 
0.7100 	 0.1250 	 0.0000 	 0.1000 
0.7200 	 0.1250 	 0.0000 	 0.1000 
0.7300 	 0.1250 	 0.0000 	 0.1000 
0.7400 	 0.1250 	 0.0000 	 0.1000 
0.7500 	 0.1250 	 0.0000 	 0.1000 
0.7600 	 0.1250 	 0.0000 	 0.1000 
0.7700 	 0.1250 	 0.0000 	 0.1000 
0.7800 	 0.1250 	 0.0000 	 0.1000 
0.7900 	 0.1250 	 0.0000 	 0.1000 
0.8000 	 0.1250 	 0.0000 	 0.1000 
0.8100 	 0.1250 	 0.0000 	 0.1000 
0.8200 	 0.1250 	 0.0000 	 0.1000 
0.8300 	 0.1250 	 0.0000 	 0.1000 
0.8400 	 0.1250 	 0.0000 	 0.1000 
0.8500 	 0.1250 	 0.0000 	 0.1000 
0.8600 	 0.1250 	 0.0000 	 0.1000 
0.8700 	 0.1250 	 0.0000 	 0.1000 
0.8800 	 0.1250 	 0.0000 	 0.1000 
0.8900 	 0.1250 	 0.0000 	 0.1000 
0.9000 	 0.1250 	 0.0000 	 0.1000 
0.9100 	 0.1250 	 0.0000 	 0.1000 
0.9200 	 0.1250 	 0.0000 	 0.1000 
0.9300 	 0.1250 	 0.0000 	 0.1000 
0.9400 	 0.1250 	 0.0000 	 0.1000 
0.9500 	 0.1250 	 0.0000 	 0.1000 
0.9600 	 0.1250 	 0.0000 	 0.1000 
0.9700 	 0.1250 	 0.0000 	 0.1000 
0.9800 	 0.1250 	 0.0000 	 0.1000 
0.9900 	 0.1250 	 0.0000 	 0.1000 
