0.0000 	 1.0000 	 0.7500 	 1.0000 
0.0100 	 1.0000 	 0.7500 	 1.0000 
0.0200 	 1.0000 	 0.7500 	 1.0000 
0.0300 	 1.0000 	 0.7500 	 1.0000 
0.0400 	 1.0000 	 0.7500 	 1.0000 
0.0500 	 1.0000 	 0.7500 	 1.0000 
0.0600 	 1.0000 	 0.7500 	 1.0000 
0.0700 	 1.0000 	 0.7500 	 1.0000 
0.0800 	 1.0000 	 0.7500 	 1.0000 
0.0900 	 1.0000 	 0.7500 	 1.0000 
0.1000 	 1.0000 	 0.7500 	 1.0000 
0.1100 	 1.0000 	 0.7500 	 1.0000 
0.1200 	 1.0000 	 0.7500 	 1.0000 
0.1300 	 1.0000 	 0.7500 	 1.0000 
0.1400 	 1.0000 	 0.7500 	 1.0000 
0.1500 	 1.0000 	 0.7500 	 1.0000 
0.1600 	 1.0000 	 0.7500 	 1.0000 
0.1700 	 1.0000 	 0.7500 	 1.0000 
0.1800 	 1.0000 	 0.7500 	 1.0000 
0.1900 	 0.9999 	 0.7501 	 0.9999 
0.2000 	 0.9998 	 0.7502 	 0.9997 
0.2100 	 0.9994 	 0.7507 	 0.9991 
0.2200 	 0.9981 	 0.7522 	 0.9974 
0.2300 	 0.9951 	 0.7558 	 0.9931 
0.2400 	 0.9885 	 0.7636 	 0.9840 
0.2500 	 0.9763 	 0.7782 	 0.9671 
0.2600 	 0.9565 	 0.8023 	 0.9398 
0.2700 	 0.9278 	 0.8377 	 0.9008 
0.2800 	 0.8904 	 0.8851 	 0.8507 
0.2900 	 0.8452 	 0.9445 	 0.7914 
0.3000 	 0.7940 	 1.0150 	 0.7255 
0.3100 	 0.7380 	 1.0966 	 0.6552 
0.3200 	 0.6566 	 1.2246 	 0.5568 
0.3300 	 0.6192 	 1.2871 	 0.5135 
0.3400 	 0.5956 	 1.3275 	 0.4872 
0.3500 	 0.5814 	 1.3507 	 0.4726 
0.3600 	 0.5728 	 1.3613 	 0.4661 
0.3700 	 0.5654 	 1.3644 	 0.4642 
0.3800 	 0.5551 	 1.3645 	 0.4641 
0.3900 	 0.5390 	 1.3639 	 0.4645 
0.4000 	 0.5161 	 1.3633 	 0.4648 
0.4100 	 0.4872 	 1.3626 	 0.4650 
0.4200 	 0.4549 	 1.3618 	 0.4649 
0.4300 	 0.4225 	 1.3602 	 0.4644 
0.4400 	 0.3931 	 1.3568 	 0.4629 
0.4500 	 0.3686 	 1.3491 	 0.4594 
0.4600 	 0.3483 	 1.3315 	 0.4513 
0.4700 	 0.3291 	 1.2915 	 0.4334 
0.4800 	 0.3047 	 1.2045 	 0.3967 
0.4900 	 0.2672 	 1.0281 	 0.3305 
0.5000 	 0.2152 	 0.7223 	 0.2377 
0.5100 	 0.1644 	 0.3440 	 0.1537 
0.5200 	 0.1358 	 0.0947 	 0.1130 
0.5300 	 0.1271 	 0.0178 	 0.1024 
0.5400 	 0.1253 	 0.0029 	 0.1004 
0.5500 	 0.1251 	 0.0005 	 0.1001 
0.5600 	 0.1250 	 0.0001 	 0.1000 
0.5700 	 0.1250 	 0.0000 	 0.1000 
0.5800 	 0.1250 	 0.0000 	 0.1000 
0.5900 	 0.1250 	 0.0000 	 0.1000 
0.6000 	 0.1250 	 0.0000 	 0.1000 
0.6100 	 0.1250 	 0.0000 	 0.1000 
0.6200 	 0.1250 	 0.0000 	 0.1000 
0.6300 	 0.1250 	 0.0000 	 0.1000 
0.6400 	 0.1250 	 0.0000 	 0.1000 
0.6500 	 0.1250 	 0.0000 	 0.1000 
0.6600 	 0.1250 	 0.0000 	 0.1000 
0.6700 	 0.1250 	 0.0000 	 0.1000 
0.6800 	 0.1250 	 0.0000 	 0.1000 
0.6900 	 0.1250 	 0.0000 	 0.1000 
0.7000 	 0.1250 	 0.0000 	 0.1000 
0.7100 	 0.1250 	 0.0000 	 0.1000 
0.7200 	 0.1250 	 0.0000 	 0.1000 
0.7300 	 0.1250 	 0.0000 	 0.1000 
0.7400 	 0.1250 	 0.0000 	 0.1000 
0.7500 	 0.1250 	 0.0000 	 0.1000 
0.7600 	 0.1250 	 0.0000 	 0.1000 
0.7700 	 0.1250 	 0.0000 	 0.1000 
0.7800 	 0.1250 	 0.0000 	 0.1000 
0.7900 	 0.1250 	 0.0000 	 0.1000 
0.8000 	 0.1250 	 0.0000 	 0.1000 
0.8100 	 0.1250 	 0.0000 	 0.1000 
0.8200 	 0.1250 	 0.0000 	 0.1000 
0.8300 	 0.1250 	 0.0000 	 0.1000 
0.8400 	 0.1250 	 0.0000 	 0.1000 
0.8500 	 0.1250 	 0.0000 	 0.1000 
0.8600 	 0.1250 	 0.0000 	 0.1000 
0.8700 	 0.1250 	 0.0000 	 0.1000 
0.8800 	 0.1250 	 0.0000 	 0.1000 
0.8900 	 0.1250 	 0.0000 	 0.1000 
0.9000 	 0.1250 	 0.0000 	 0.1000 
0.9100 	 0.1250 	 0.0000 	 0.1000 
0.9200 	 0.1250 	 0.0000 	 0.1000 
0.9300 	 0.1250 	 0.0000 	 0.1000 
0.9400 	 0.1250 	 0.0000 	 0.1000 
0.9500 	 0.1250 	 0.0000 	 0.1000 
0.9600 	 0.1250 	 0.0000 	 0.1000 
0.9700 	 0.1250 	 0.0000 	 0.1000 
0.9800 	 0.1250 	 0.0000 	 0.1000 
0.9900 	 0.1250 	 0.0000 	 0.1000 
