0.0000 	 1.0000 	 0.7500 	 1.0000 
0.0100 	 1.0000 	 0.7500 	 1.0000 
0.0200 	 1.0000 	 0.7500 	 1.0000 
0.0300 	 1.0000 	 0.7500 	 1.0000 
0.0400 	 1.0000 	 0.7500 	 1.0000 
0.0500 	 1.0000 	 0.7500 	 1.0000 
0.0600 	 1.0000 	 0.7500 	 1.0000 
0.0700 	 1.0000 	 0.7500 	 1.0000 
0.0800 	 1.0000 	 0.7500 	 1.0000 
0.0900 	 1.0000 	 0.7500 	 1.0000 
0.1000 	 1.0000 	 0.7500 	 1.0000 
0.1100 	 1.0000 	 0.7500 	 1.0000 
0.1200 	 1.0000 	 0.7500 	 1.0000 
0.1300 	 1.0000 	 0.7500 	 1.0000 
0.1400 	 1.0000 	 0.7500 	 1.0000 
0.1500 	 1.0000 	 0.7500 	 1.0000 
0.1600 	 0.9999 	 0.7501 	 0.9999 
0.1700 	 0.9998 	 0.7503 	 0.9997 
0.1800 	 0.9994 	 0.7507 	 0.9991 
0.1900 	 0.9985 	 0.7518 	 0.9979 
0.2000 	 0.9965 	 0.7541 	 0.9951 
0.2100 	 0.9927 	 0.7587 	 0.9898 
0.2200 	 0.9860 	 0.7667 	 0.9805 
0.2300 	 0.9754 	 0.7793 	 0.9658 
0.2400 	 0.9602 	 0.7978 	 0.9449 
0.2500 	 0.9400 	 0.8225 	 0.9173 
0.2600 	 0.9151 	 0.8538 	 0.8835 
0.2700 	 0.8859 	 0.8911 	 0.8445 
0.2800 	 0.8532 	 0.9341 	 0.8014 
0.2900 	 0.8179 	 0.9822 	 0.7555 
0.3000 	 0.7804 	 1.0350 	 0.7077 
0.3100 	 0.7407 	 1.0934 	 0.6579 
0.3200 	 0.6785 	 1.1900 	 0.5821 
0.3300 	 0.6443 	 1.2461 	 0.5416 
0.3400 	 0.6197 	 1.2878 	 0.5131 
0.3500 	 0.6018 	 1.3191 	 0.4926 
0.3600 	 0.5894 	 1.3408 	 0.4787 
0.3700 	 0.5819 	 1.3540 	 0.4705 
0.3800 	 0.5778 	 1.3606 	 0.4664 
0.3900 	 0.5755 	 1.3631 	 0.4649 
0.4000 	 0.5734 	 1.3636 	 0.4646 
0.4100 	 0.5703 	 1.3633 	 0.4647 
0.4200 	 0.5649 	 1.3629 	 0.4650 
0.4300 	 0.5563 	 1.3626 	 0.4652 
0.4400 	 0.5436 	 1.3623 	 0.4654 
0.4500 	 0.5264 	 1.3621 	 0.4655 
0.4600 	 0.5051 	 1.3619 	 0.4656 
0.4700 	 0.4805 	 1.3617 	 0.4657 
0.4800 	 0.4544 	 1.3616 	 0.4658 
0.4900 	 0.4285 	 1.3614 	 0.4658 
0.5000 	 0.4047 	 1.3611 	 0.4657 
0.5100 	 0.3844 	 1.3605 	 0.4655 
0.5200 	 0.3680 	 1.3593 	 0.4649 
0.5300 	 0.3556 	 1.3566 	 0.4637 
0.5400 	 0.3462 	 1.3508 	 0.4610 
0.5500 	 0.3381 	 1.3377 	 0.4550 
0.5600 	 0.3285 	 1.3090 	 0.4420 
0.5700 	 0.3131 	 1.2473 	 0.4151 
0.5800 	 0.2857 	 1.1210 	 0.3645 
0.5900 	 0.2419 	 0.8859 	 0.2844 
0.6000 	 0.1887 	 0.5338 	 0.1922 
0.6100 	 0.1478 	 0.2006 	 0.1291 
0.6200 	 0.1304 	 0.0461 	 0.1062 
0.6300 	 0.1260 	 0.0084 	 0.1011 
0.6400 	 0.1252 	 0.0014 	 0.1002 
0.6500 	 0.1250 	 0.0002 	 0.1000 
0.6600 	 0.1250 	 0.0000 	 0.1000 
0.6700 	 0.1250 	 0.0000 	 0.1000 
0.6800 	 0.1250 	 0.0000 	 0.1000 
0.6900 	 0.1250 	 0.0000 	 0.1000 
0.7000 	 0.1250 	 0.0000 	 0.1000 
0.7100 	 0.1250 	 0.0000 	 0.1000 
0.7200 	 0.1250 	 0.0000 	 0.1000 
0.7300 	 0.1250 	 0.0000 	 0.1000 
0.7400 	 0.1250 	 0.0000 	 0.1000 
0.7500 	 0.1250 	 0.0000 	 0.1000 
0.7600 	 0.1250 	 0.0000 	 0.1000 
0.7700 	 0.1250 	 0.0000 	 0.1000 
0.7800 	 0.1250 	 0.0000 	 0.1000 
0.7900 	 0.1250 	 0.0000 	 0.1000 
0.8000 	 0.1250 	 0.0000 	 0.1000 
0.8100 	 0.1250 	 0.0000 	 0.1000 
0.8200 	 0.1250 	 0.0000 	 0.1000 
0.8300 	 0.1250 	 0.0000 	 0.1000 
0.8400 	 0.1250 	 0.0000 	 0.1000 
0.8500 	 0.1250 	 0.0000 	 0.1000 
0.8600 	 0.1250 	 0.0000 	 0.1000 
0.8700 	 0.1250 	 0.0000 	 0.1000 
0.8800 	 0.1250 	 0.0000 	 0.1000 
0.8900 	 0.1250 	 0.0000 	 0.1000 
0.9000 	 0.1250 	 0.0000 	 0.1000 
0.9100 	 0.1250 	 0.0000 	 0.1000 
0.9200 	 0.1250 	 0.0000 	 0.1000 
0.9300 	 0.1250 	 0.0000 	 0.1000 
0.9400 	 0.1250 	 0.0000 	 0.1000 
0.9500 	 0.1250 	 0.0000 	 0.1000 
0.9600 	 0.1250 	 0.0000 	 0.1000 
0.9700 	 0.1250 	 0.0000 	 0.1000 
0.9800 	 0.1250 	 0.0000 	 0.1000 
0.9900 	 0.1250 	 0.0000 	 0.1000 
