0.0000 	 1.0000 	 0.7500 	 1.0000 
0.0100 	 1.0000 	 0.7500 	 1.0000 
0.0200 	 1.0000 	 0.7500 	 1.0000 
0.0300 	 1.0000 	 0.7500 	 1.0000 
0.0400 	 1.0000 	 0.7500 	 1.0000 
0.0500 	 1.0000 	 0.7500 	 1.0000 
0.0600 	 1.0000 	 0.7500 	 1.0000 
0.0700 	 1.0000 	 0.7500 	 1.0000 
0.0800 	 1.0000 	 0.7500 	 1.0000 
0.0900 	 1.0000 	 0.7500 	 1.0000 
0.1000 	 1.0000 	 0.7500 	 1.0000 
0.1100 	 1.0000 	 0.7500 	 1.0000 
0.1200 	 1.0000 	 0.7500 	 1.0000 
0.1300 	 1.0000 	 0.7500 	 1.0000 
0.1400 	 1.0000 	 0.7500 	 1.0000 
0.1500 	 1.0000 	 0.7500 	 1.0000 
0.1600 	 0.9999 	 0.7501 	 0.9999 
0.1700 	 0.9997 	 0.7504 	 0.9996 
0.1800 	 0.9992 	 0.7509 	 0.9989 
0.1900 	 0.9981 	 0.7523 	 0.9973 
0.2000 	 0.9958 	 0.7550 	 0.9941 
0.2100 	 0.9914 	 0.7602 	 0.9880 
0.2200 	 0.9841 	 0.7689 	 0.9778 
0.2300 	 0.9728 	 0.7825 	 0.9622 
0.2400 	 0.9570 	 0.8017 	 0.9405 
0.2500 	 0.9365 	 0.8270 	 0.9124 
0.2600 	 0.9114 	 0.8584 	 0.8786 
0.2700 	 0.8825 	 0.8955 	 0.8400 
0.2800 	 0.8504 	 0.9379 	 0.7977 
0.2900 	 0.8159 	 0.9850 	 0.7529 
0.3000 	 0.7794 	 1.0365 	 0.7064 
0.3100 	 0.7407 	 1.0934 	 0.6579 
0.3200 	 0.6801 	 1.1875 	 0.5840 
0.3300 	 0.6462 	 1.2429 	 0.5438 
0.3400 	 0.6218 	 1.2843 	 0.5154 
0.3500 	 0.6036 	 1.3159 	 0.4946 
0.3600 	 0.5909 	 1.3383 	 0.4803 
0.3700 	 0.5830 	 1.3523 	 0.4715 
0.3800 	 0.5785 	 1.3597 	 0.4670 
0.3900 	 0.5762 	 1.3628 	 0.4651 
0.4000 	 0.5744 	 1.3635 	 0.4646 
0.4100 	 0.5720 	 1.3634 	 0.4647 
0.4200 	 0.5679 	 1.3630 	 0.4650 
0.4300 	 0.5611 	 1.3626 	 0.4652 
0.4400 	 0.5508 	 1.3623 	 0.4654 
0.4500 	 0.5362 	 1.3621 	 0.4655 
0.4600 	 0.5173 	 1.3619 	 0.4656 
0.4700 	 0.4948 	 1.3618 	 0.4657 
0.4800 	 0.4698 	 1.3616 	 0.4658 
0.4900 	 0.4440 	 1.3615 	 0.4658 
0.5000 	 0.4192 	 1.3613 	 0.4658 
0.5100 	 0.3969 	 1.3610 	 0.4657 
0.5200 	 0.3784 	 1.3604 	 0.4655 
0.5300 	 0.3638 	 1.3591 	 0.4649 
0.5400 	 0.3528 	 1.3563 	 0.4636 
0.5500 	 0.3444 	 1.3501 	 0.4607 
0.5600 	 0.3369 	 1.3363 	 0.4544 
0.5700 	 0.3275 	 1.3062 	 0.4408 
0.5800 	 0.3118 	 1.2418 	 0.4128 
0.5900 	 0.2836 	 1.1104 	 0.3606 
0.6000 	 0.2390 	 0.8682 	 0.2790 
0.6100 	 0.1859 	 0.5124 	 0.1875 
0.6200 	 0.1463 	 0.1871 	 0.1269 
0.6300 	 0.1299 	 0.0422 	 0.1057 
0.6400 	 0.1259 	 0.0077 	 0.1010 
0.6500 	 0.1252 	 0.0013 	 0.1002 
0.6600 	 0.1250 	 0.0002 	 0.1000 
0.6700 	 0.1250 	 0.0000 	 0.1000 
0.6800 	 0.1250 	 0.0000 	 0.1000 
0.6900 	 0.1250 	 0.0000 	 0.1000 
0.7000 	 0.1250 	 0.0000 	 0.1000 
0.7100 	 0.1250 	 0.0000 	 0.1000 
0.7200 	 0.1250 	 0.0000 	 0.1000 
0.7300 	 0.1250 	 0.0000 	 0.1000 
0.7400 	 0.1250 	 0.0000 	 0.1000 
0.7500 	 0.1250 	 0.0000 	 0.1000 
0.7600 	 0.1250 	 0.0000 	 0.1000 
0.7700 	 0.1250 	 0.0000 	 0.1000 
0.7800 	 0.1250 	 0.0000 	 0.1000 
0.7900 	 0.1250 	 0.0000 	 0.1000 
0.8000 	 0.1250 	 0.0000 	 0.1000 
0.8100 	 0.1250 	 0.0000 	 0.1000 
0.8200 	 0.1250 	 0.0000 	 0.1000 
0.8300 	 0.1250 	 0.0000 	 0.1000 
0.8400 	 0.1250 	 0.0000 	 0.1000 
0.8500 	 0.1250 	 0.0000 	 0.1000 
0.8600 	 0.1250 	 0.0000 	 0.1000 
0.8700 	 0.1250 	 0.0000 	 0.1000 
0.8800 	 0.1250 	 0.0000 	 0.1000 
0.8900 	 0.1250 	 0.0000 	 0.1000 
0.9000 	 0.1250 	 0.0000 	 0.1000 
0.9100 	 0.1250 	 0.0000 	 0.1000 
0.9200 	 0.1250 	 0.0000 	 0.1000 
0.9300 	 0.1250 	 0.0000 	 0.1000 
0.9400 	 0.1250 	 0.0000 	 0.1000 
0.9500 	 0.1250 	 0.0000 	 0.1000 
0.9600 	 0.1250 	 0.0000 	 0.1000 
0.9700 	 0.1250 	 0.0000 	 0.1000 
0.9800 	 0.1250 	 0.0000 	 0.1000 
0.9900 	 0.1250 	 0.0000 	 0.1000 
