0.0000 	 1.0000 	 0.7500 	 1.0000 
0.0100 	 1.0000 	 0.7500 	 1.0000 
0.0200 	 1.0000 	 0.7500 	 1.0000 
0.0300 	 1.0000 	 0.7500 	 1.0000 
0.0400 	 1.0000 	 0.7500 	 1.0000 
0.0500 	 1.0000 	 0.7500 	 1.0000 
0.0600 	 1.0000 	 0.7500 	 1.0000 
0.0700 	 1.0000 	 0.7500 	 1.0000 
0.0800 	 1.0000 	 0.7500 	 1.0000 
0.0900 	 1.0000 	 0.7500 	 1.0000 
0.1000 	 1.0000 	 0.7500 	 1.0000 
0.1100 	 1.0000 	 0.7500 	 1.0000 
0.1200 	 1.0000 	 0.7500 	 1.0000 
0.1300 	 1.0000 	 0.7500 	 1.0000 
0.1400 	 1.0000 	 0.7500 	 1.0000 
0.1500 	 0.9999 	 0.7501 	 0.9999 
0.1600 	 0.9998 	 0.7503 	 0.9997 
0.1700 	 0.9994 	 0.7507 	 0.9991 
0.1800 	 0.9985 	 0.7518 	 0.9979 
0.1900 	 0.9967 	 0.7539 	 0.9954 
0.2000 	 0.9933 	 0.7579 	 0.9907 
0.2100 	 0.9875 	 0.7648 	 0.9826 
0.2200 	 0.9785 	 0.7756 	 0.9701 
0.2300 	 0.9656 	 0.7912 	 0.9523 
0.2400 	 0.9485 	 0.8121 	 0.9288 
0.2500 	 0.9273 	 0.8384 	 0.9000 
0.2600 	 0.9023 	 0.8700 	 0.8664 
0.2700 	 0.8742 	 0.9064 	 0.8290 
0.2800 	 0.8436 	 0.9472 	 0.7887 
0.2900 	 0.8110 	 0.9918 	 0.7466 
0.3000 	 0.7769 	 1.0402 	 0.7032 
0.3100 	 0.7408 	 1.0934 	 0.6579 
0.3200 	 0.6839 	 1.1814 	 0.5885 
0.3300 	 0.6511 	 1.2349 	 0.5495 
0.3400 	 0.6270 	 1.2755 	 0.5213 
0.3500 	 0.6085 	 1.3075 	 0.5001 
0.3600 	 0.5950 	 1.3313 	 0.4847 
0.3700 	 0.5859 	 1.3474 	 0.4746 
0.3800 	 0.5805 	 1.3569 	 0.4687 
0.3900 	 0.5777 	 1.3615 	 0.4659 
0.4000 	 0.5762 	 1.3631 	 0.4649 
0.4100 	 0.5749 	 1.3634 	 0.4647 
0.4200 	 0.5730 	 1.3631 	 0.4649 
0.4300 	 0.5696 	 1.3627 	 0.4651 
0.4400 	 0.5639 	 1.3624 	 0.4653 
0.4500 	 0.5552 	 1.3622 	 0.4655 
0.4600 	 0.5427 	 1.3620 	 0.4656 
0.4700 	 0.5264 	 1.3618 	 0.4657 
0.4800 	 0.5063 	 1.3617 	 0.4658 
0.4900 	 0.4834 	 1.3616 	 0.4658 
0.5000 	 0.4589 	 1.3615 	 0.4659 
0.5100 	 0.4343 	 1.3614 	 0.4659 
0.5200 	 0.4114 	 1.3612 	 0.4659 
0.5300 	 0.3912 	 1.3610 	 0.4658 
0.5400 	 0.3746 	 1.3606 	 0.4657 
0.5500 	 0.3617 	 1.3597 	 0.4653 
0.5600 	 0.3520 	 1.3578 	 0.4644 
0.5700 	 0.3449 	 1.3535 	 0.4625 
0.5800 	 0.3389 	 1.3442 	 0.4581 
0.5900 	 0.3318 	 1.3238 	 0.4488 
0.6000 	 0.3205 	 1.2796 	 0.4291 
0.6100 	 0.2997 	 1.1874 	 0.3905 
0.6200 	 0.2636 	 1.0071 	 0.3237 
0.6300 	 0.2128 	 0.7035 	 0.2329 
0.6400 	 0.1636 	 0.3361 	 0.1523 
0.6500 	 0.1359 	 0.0952 	 0.1131 
0.6600 	 0.1272 	 0.0188 	 0.1025 
0.6700 	 0.1254 	 0.0033 	 0.1004 
0.6800 	 0.1251 	 0.0006 	 0.1001 
0.6900 	 0.1250 	 0.0001 	 0.1000 
0.7000 	 0.1250 	 0.0000 	 0.1000 
0.7100 	 0.1250 	 0.0000 	 0.1000 
0.7200 	 0.1250 	 0.0000 	 0.1000 
0.7300 	 0.1250 	 0.0000 	 0.1000 
0.7400 	 0.1250 	 0.0000 	 0.1000 
0.7500 	 0.1250 	 0.0000 	 0.1000 
0.7600 	 0.1250 	 0.0000 	 0.1000 
0.7700 	 0.1250 	 0.0000 	 0.1000 
0.7800 	 0.1250 	 0.0000 	 0.1000 
0.7900 	 0.1250 	 0.0000 	 0.1000 
0.8000 	 0.1250 	 0.0000 	 0.1000 
0.8100 	 0.1250 	 0.0000 	 0.1000 
0.8200 	 0.1250 	 0.0000 	 0.1000 
0.8300 	 0.1250 	 0.0000 	 0.1000 
0.8400 	 0.1250 	 0.0000 	 0.1000 
0.8500 	 0.1250 	 0.0000 	 0.1000 
0.8600 	 0.1250 	 0.0000 	 0.1000 
0.8700 	 0.1250 	 0.0000 	 0.1000 
0.8800 	 0.1250 	 0.0000 	 0.1000 
0.8900 	 0.1250 	 0.0000 	 0.1000 
0.9000 	 0.1250 	 0.0000 	 0.1000 
0.9100 	 0.1250 	 0.0000 	 0.1000 
0.9200 	 0.1250 	 0.0000 	 0.1000 
0.9300 	 0.1250 	 0.0000 	 0.1000 
0.9400 	 0.1250 	 0.0000 	 0.1000 
0.9500 	 0.1250 	 0.0000 	 0.1000 
0.9600 	 0.1250 	 0.0000 	 0.1000 
0.9700 	 0.1250 	 0.0000 	 0.1000 
0.9800 	 0.1250 	 0.0000 	 0.1000 
0.9900 	 0.1250 	 0.0000 	 0.1000 
