0.0000 	 1.0000 	 0.7500 	 1.0000 
0.0100 	 1.0000 	 0.7500 	 1.0000 
0.0200 	 1.0000 	 0.7500 	 1.0000 
0.0300 	 1.0000 	 0.7500 	 1.0000 
0.0400 	 1.0000 	 0.7500 	 1.0000 
0.0500 	 1.0000 	 0.7500 	 1.0000 
0.0600 	 1.0000 	 0.7500 	 1.0000 
0.0700 	 1.0000 	 0.7500 	 1.0000 
0.0800 	 1.0000 	 0.7500 	 1.0000 
0.0900 	 1.0000 	 0.7500 	 1.0000 
0.1000 	 1.0000 	 0.7500 	 1.0000 
0.1100 	 1.0000 	 0.7500 	 1.0000 
0.1200 	 1.0000 	 0.7500 	 1.0000 
0.1300 	 1.0000 	 0.7500 	 1.0000 
0.1400 	 1.0000 	 0.7500 	 1.0000 
0.1500 	 1.0000 	 0.7500 	 1.0000 
0.1600 	 1.0000 	 0.7500 	 0.9999 
0.1700 	 0.9999 	 0.7502 	 0.9998 
0.1800 	 0.9996 	 0.7504 	 0.9995 
0.1900 	 0.9990 	 0.7512 	 0.9986 
0.2000 	 0.9975 	 0.7529 	 0.9966 
0.2100 	 0.9945 	 0.7565 	 0.9923 
0.2200 	 0.9889 	 0.7632 	 0.9846 
0.2300 	 0.9796 	 0.7743 	 0.9716 
0.2400 	 0.9655 	 0.7913 	 0.9521 
0.2500 	 0.9461 	 0.8151 	 0.9255 
0.2600 	 0.9213 	 0.8458 	 0.8920 
0.2700 	 0.8918 	 0.8835 	 0.8524 
0.2800 	 0.8582 	 0.9275 	 0.8080 
0.2900 	 0.8214 	 0.9773 	 0.7601 
0.3000 	 0.7822 	 1.0323 	 0.7101 
0.3100 	 0.7405 	 1.0935 	 0.6578 
0.3200 	 0.6757 	 1.1944 	 0.5788 
0.3300 	 0.6408 	 1.2518 	 0.5376 
0.3400 	 0.6162 	 1.2938 	 0.5091 
0.3500 	 0.5986 	 1.3245 	 0.4891 
0.3600 	 0.5870 	 1.3449 	 0.4761 
0.3700 	 0.5801 	 1.3566 	 0.4689 
0.3800 	 0.5764 	 1.3619 	 0.4656 
0.3900 	 0.5739 	 1.3636 	 0.4646 
0.4000 	 0.5710 	 1.3637 	 0.4646 
0.4100 	 0.5660 	 1.3633 	 0.4648 
0.4200 	 0.5578 	 1.3628 	 0.4651 
0.4300 	 0.5454 	 1.3625 	 0.4653 
0.4400 	 0.5283 	 1.3622 	 0.4654 
0.4500 	 0.5067 	 1.3620 	 0.4656 
0.4600 	 0.4815 	 1.3619 	 0.4656 
0.4700 	 0.4546 	 1.3617 	 0.4657 
0.4800 	 0.4279 	 1.3614 	 0.4657 
0.4900 	 0.4034 	 1.3610 	 0.4656 
0.5000 	 0.3826 	 1.3601 	 0.4652 
0.5100 	 0.3661 	 1.3582 	 0.4644 
0.5200 	 0.3534 	 1.3541 	 0.4625 
0.5300 	 0.3435 	 1.3449 	 0.4582 
0.5400 	 0.3340 	 1.3245 	 0.4489 
0.5500 	 0.3212 	 1.2801 	 0.4291 
0.5600 	 0.2995 	 1.1865 	 0.3900 
0.5700 	 0.2627 	 1.0027 	 0.3221 
0.5800 	 0.2113 	 0.6938 	 0.2304 
0.5900 	 0.1623 	 0.3251 	 0.1503 
0.6000 	 0.1353 	 0.0897 	 0.1123 
0.6100 	 0.1270 	 0.0174 	 0.1023 
0.6200 	 0.1254 	 0.0030 	 0.1004 
0.6300 	 0.1251 	 0.0005 	 0.1001 
0.6400 	 0.1250 	 0.0001 	 0.1000 
0.6500 	 0.1250 	 0.0000 	 0.1000 
0.6600 	 0.1250 	 0.0000 	 0.1000 
0.6700 	 0.1250 	 0.0000 	 0.1000 
0.6800 	 0.1250 	 0.0000 	 0.1000 
0.6900 	 0.1250 	 0.0000 	 0.1000 
0.7000 	 0.1250 	 0.0000 	 0.1000 
0.7100 	 0.1250 	 0.0000 	 0.1000 
0.7200 	 0.1250 	 0.0000 	 0.1000 
0.7300 	 0.1250 	 0.0000 	 0.1000 
0.7400 	 0.1250 	 0.0000 	 0.1000 
0.7500 	 0.1250 	 0.0000 	 0.1000 
0.7600 	 0.1250 	 0.0000 	 0.1000 
0.7700 	 0.1250 	 0.0000 	 0.1000 
0.7800 	 0.1250 	 0.0000 	 0.1000 
0.7900 	 0.1250 	 0.0000 	 0.1000 
0.8000 	 0.1250 	 0.0000 	 0.1000 
0.8100 	 0.1250 	 0.0000 	 0.1000 
0.8200 	 0.1250 	 0.0000 	 0.1000 
0.8300 	 0.1250 	 0.0000 	 0.1000 
0.8400 	 0.1250 	 0.0000 	 0.1000 
0.8500 	 0.1250 	 0.0000 	 0.1000 
0.8600 	 0.1250 	 0.0000 	 0.1000 
0.8700 	 0.1250 	 0.0000 	 0.1000 
0.8800 	 0.1250 	 0.0000 	 0.1000 
0.8900 	 0.1250 	 0.0000 	 0.1000 
0.9000 	 0.1250 	 0.0000 	 0.1000 
0.9100 	 0.1250 	 0.0000 	 0.1000 
0.9200 	 0.1250 	 0.0000 	 0.1000 
0.9300 	 0.1250 	 0.0000 	 0.1000 
0.9400 	 0.1250 	 0.0000 	 0.1000 
0.9500 	 0.1250 	 0.0000 	 0.1000 
0.9600 	 0.1250 	 0.0000 	 0.1000 
0.9700 	 0.1250 	 0.0000 	 0.1000 
0.9800 	 0.1250 	 0.0000 	 0.1000 
0.9900 	 0.1250 	 0.0000 	 0.1000 
