0.0000 	 1.0000 	 0.7500 	 1.0000 
0.0100 	 1.0000 	 0.7500 	 1.0000 
0.0200 	 1.0000 	 0.7500 	 1.0000 
0.0300 	 1.0000 	 0.7500 	 1.0000 
0.0400 	 1.0000 	 0.7500 	 1.0000 
0.0500 	 1.0000 	 0.7500 	 1.0000 
0.0600 	 1.0000 	 0.7500 	 1.0000 
0.0700 	 1.0000 	 0.7500 	 1.0000 
0.0800 	 1.0000 	 0.7500 	 1.0000 
0.0900 	 1.0000 	 0.7500 	 1.0000 
0.1000 	 1.0000 	 0.7500 	 1.0000 
0.1100 	 1.0000 	 0.7500 	 1.0000 
0.1200 	 1.0000 	 0.7500 	 1.0000 
0.1300 	 1.0000 	 0.7500 	 1.0000 
0.1400 	 1.0000 	 0.7500 	 1.0000 
0.1500 	 1.0000 	 0.7500 	 1.0000 
0.1600 	 0.9999 	 0.7501 	 0.9999 
0.1700 	 0.9998 	 0.7502 	 0.9998 
0.1800 	 0.9995 	 0.7505 	 0.9994 
0.1900 	 0.9988 	 0.7514 	 0.9983 
0.2000 	 0.9972 	 0.7534 	 0.9960 
0.2100 	 0.9938 	 0.7573 	 0.9914 
0.2200 	 0.9878 	 0.7645 	 0.9830 
0.2300 	 0.9779 	 0.7763 	 0.9693 
0.2400 	 0.9634 	 0.7939 	 0.9492 
0.2500 	 0.9436 	 0.8181 	 0.9222 
0.2600 	 0.9188 	 0.8491 	 0.8885 
0.2700 	 0.8894 	 0.8866 	 0.8491 
0.2800 	 0.8561 	 0.9302 	 0.8053 
0.2900 	 0.8200 	 0.9793 	 0.7582 
0.3000 	 0.7815 	 1.0334 	 0.7091 
0.3100 	 0.7406 	 1.0934 	 0.6578 
0.3200 	 0.6768 	 1.1926 	 0.5801 
0.3300 	 0.6422 	 1.2495 	 0.5392 
0.3400 	 0.6176 	 1.2913 	 0.5107 
0.3500 	 0.5998 	 1.3223 	 0.4905 
0.3600 	 0.5879 	 1.3433 	 0.4772 
0.3700 	 0.5808 	 1.3556 	 0.4695 
0.3800 	 0.5770 	 1.3614 	 0.4659 
0.3900 	 0.5746 	 1.3634 	 0.4647 
0.4000 	 0.5721 	 1.3637 	 0.4646 
0.4100 	 0.5679 	 1.3633 	 0.4648 
0.4200 	 0.5610 	 1.3629 	 0.4650 
0.4300 	 0.5502 	 1.3625 	 0.4653 
0.4400 	 0.5350 	 1.3623 	 0.4654 
0.4500 	 0.5151 	 1.3620 	 0.4656 
0.4600 	 0.4914 	 1.3619 	 0.4656 
0.4700 	 0.4652 	 1.3617 	 0.4657 
0.4800 	 0.4385 	 1.3615 	 0.4657 
0.4900 	 0.4133 	 1.3612 	 0.4657 
0.5000 	 0.3911 	 1.3607 	 0.4655 
0.5100 	 0.3730 	 1.3595 	 0.4650 
0.5200 	 0.3589 	 1.3570 	 0.4638 
0.5300 	 0.3483 	 1.3514 	 0.4613 
0.5400 	 0.3394 	 1.3390 	 0.4555 
0.5500 	 0.3296 	 1.3116 	 0.4431 
0.5600 	 0.3144 	 1.2527 	 0.4174 
0.5700 	 0.2878 	 1.1311 	 0.3684 
0.5800 	 0.2448 	 0.9029 	 0.2896 
0.5900 	 0.1915 	 0.5550 	 0.1969 
0.6000 	 0.1494 	 0.2146 	 0.1313 
0.6100 	 0.1308 	 0.0503 	 0.1068 
0.6200 	 0.1261 	 0.0092 	 0.1012 
0.6300 	 0.1252 	 0.0016 	 0.1002 
0.6400 	 0.1250 	 0.0003 	 0.1000 
0.6500 	 0.1250 	 0.0000 	 0.1000 
0.6600 	 0.1250 	 0.0000 	 0.1000 
0.6700 	 0.1250 	 0.0000 	 0.1000 
0.6800 	 0.1250 	 0.0000 	 0.1000 
0.6900 	 0.1250 	 0.0000 	 0.1000 
0.7000 	 0.1250 	 0.0000 	 0.1000 
0.7100 	 0.1250 	 0.0000 	 0.1000 
0.7200 	 0.1250 	 0.0000 	 0.1000 
0.7300 	 0.1250 	 0.0000 	 0.1000 
0.7400 	 0.1250 	 0.0000 	 0.1000 
0.7500 	 0.1250 	 0.0000 	 0.1000 
0.7600 	 0.1250 	 0.0000 	 0.1000 
0.7700 	 0.1250 	 0.0000 	 0.1000 
0.7800 	 0.1250 	 0.0000 	 0.1000 
0.7900 	 0.1250 	 0.0000 	 0.1000 
0.8000 	 0.1250 	 0.0000 	 0.1000 
0.8100 	 0.1250 	 0.0000 	 0.1000 
0.8200 	 0.1250 	 0.0000 	 0.1000 
0.8300 	 0.1250 	 0.0000 	 0.1000 
0.8400 	 0.1250 	 0.0000 	 0.1000 
0.8500 	 0.1250 	 0.0000 	 0.1000 
0.8600 	 0.1250 	 0.0000 	 0.1000 
0.8700 	 0.1250 	 0.0000 	 0.1000 
0.8800 	 0.1250 	 0.0000 	 0.1000 
0.8900 	 0.1250 	 0.0000 	 0.1000 
0.9000 	 0.1250 	 0.0000 	 0.1000 
0.9100 	 0.1250 	 0.0000 	 0.1000 
0.9200 	 0.1250 	 0.0000 	 0.1000 
0.9300 	 0.1250 	 0.0000 	 0.1000 
0.9400 	 0.1250 	 0.0000 	 0.1000 
0.9500 	 0.1250 	 0.0000 	 0.1000 
0.9600 	 0.1250 	 0.0000 	 0.1000 
0.9700 	 0.1250 	 0.0000 	 0.1000 
0.9800 	 0.1250 	 0.0000 	 0.1000 
0.9900 	 0.1250 	 0.0000 	 0.1000 
