0.0000 	 1.0000 	 0.7500 	 1.0000 
0.0100 	 1.0000 	 0.7500 	 1.0000 
0.0200 	 1.0000 	 0.7500 	 1.0000 
0.0300 	 1.0000 	 0.7500 	 1.0000 
0.0400 	 1.0000 	 0.7500 	 1.0000 
0.0500 	 1.0000 	 0.7500 	 1.0000 
0.0600 	 1.0000 	 0.7500 	 1.0000 
0.0700 	 1.0000 	 0.7500 	 1.0000 
0.0800 	 1.0000 	 0.7500 	 1.0000 
0.0900 	 1.0000 	 0.7500 	 1.0000 
0.1000 	 1.0000 	 0.7500 	 1.0000 
0.1100 	 1.0000 	 0.7500 	 1.0000 
0.1200 	 1.0000 	 0.7500 	 1.0000 
0.1300 	 1.0000 	 0.7500 	 0.9999 
0.1400 	 0.9999 	 0.7501 	 0.9998 
0.1500 	 0.9997 	 0.7504 	 0.9996 
0.1600 	 0.9993 	 0.7509 	 0.9990 
0.1700 	 0.9983 	 0.7520 	 0.9977 
0.1800 	 0.9965 	 0.7541 	 0.9951 
0.1900 	 0.9933 	 0.7580 	 0.9906 
0.2000 	 0.9879 	 0.7644 	 0.9831 
0.2100 	 0.9798 	 0.7741 	 0.9719 
0.2200 	 0.9684 	 0.7878 	 0.9561 
0.2300 	 0.9534 	 0.8061 	 0.9355 
0.2400 	 0.9350 	 0.8288 	 0.9104 
0.2500 	 0.9134 	 0.8560 	 0.8812 
0.2600 	 0.8890 	 0.8872 	 0.8485 
0.2700 	 0.8623 	 0.9221 	 0.8133 
0.2800 	 0.8340 	 0.9603 	 0.7762 
0.2900 	 0.8043 	 1.0014 	 0.7378 
0.3000 	 0.7734 	 1.0454 	 0.6986 
0.3100 	 0.7407 	 1.0936 	 0.6577 
0.3200 	 0.6892 	 1.1732 	 0.5947 
0.3300 	 0.6580 	 1.2236 	 0.5575 
0.3400 	 0.6347 	 1.2627 	 0.5301 
0.3500 	 0.6161 	 1.2946 	 0.5086 
0.3600 	 0.6016 	 1.3198 	 0.4921 
0.3700 	 0.5911 	 1.3385 	 0.4802 
0.3800 	 0.5841 	 1.3510 	 0.4724 
0.3900 	 0.5800 	 1.3583 	 0.4679 
0.4000 	 0.5779 	 1.3618 	 0.4657 
0.4100 	 0.5769 	 1.3630 	 0.4650 
0.4200 	 0.5762 	 1.3632 	 0.4649 
0.4300 	 0.5752 	 1.3629 	 0.4650 
0.4400 	 0.5734 	 1.3626 	 0.4652 
0.4500 	 0.5703 	 1.3623 	 0.4654 
0.4600 	 0.5652 	 1.3621 	 0.4655 
0.4700 	 0.5575 	 1.3619 	 0.4656 
0.4800 	 0.5467 	 1.3617 	 0.4657 
0.4900 	 0.5325 	 1.3616 	 0.4658 
0.5000 	 0.5148 	 1.3615 	 0.4658 
0.5100 	 0.4943 	 1.3614 	 0.4659 
0.5200 	 0.4718 	 1.3614 	 0.4659 
0.5300 	 0.4486 	 1.3613 	 0.4660 
0.5400 	 0.4261 	 1.3612 	 0.4660 
0.5500 	 0.4053 	 1.3612 	 0.4660 
0.5600 	 0.3873 	 1.3610 	 0.4660 
0.5700 	 0.3725 	 1.3608 	 0.4659 
0.5800 	 0.3610 	 1.3604 	 0.4657 
0.5900 	 0.3525 	 1.3596 	 0.4654 
0.6000 	 0.3463 	 1.3577 	 0.4645 
0.6100 	 0.3417 	 1.3536 	 0.4626 
0.6200 	 0.3373 	 1.3446 	 0.4584 
0.6300 	 0.3315 	 1.3249 	 0.4494 
0.6400 	 0.3211 	 1.2828 	 0.4306 
0.6500 	 0.3013 	 1.1948 	 0.3936 
0.6600 	 0.2666 	 1.0224 	 0.3289 
0.6700 	 0.2166 	 0.7282 	 0.2394 
0.6800 	 0.1667 	 0.3608 	 0.1569 
0.6900 	 0.1372 	 0.1065 	 0.1147 
0.7000 	 0.1275 	 0.0215 	 0.1029 
0.7100 	 0.1255 	 0.0038 	 0.1005 
0.7200 	 0.1251 	 0.0007 	 0.1001 
0.7300 	 0.1250 	 0.0001 	 0.1000 
0.7400 	 0.1250 	 0.0000 	 0.1000 
0.7500 	 0.1250 	 0.0000 	 0.1000 
0.7600 	 0.1250 	 0.0000 	 0.1000 
0.7700 	 0.1250 	 0.0000 	 0.1000 
0.7800 	 0.1250 	 0.0000 	 0.1000 
0.7900 	 0.1250 	 0.0000 	 0.1000 
0.8000 	 0.1250 	 0.0000 	 0.1000 
0.8100 	 0.1250 	 0.0000 	 0.1000 
0.8200 	 0.1250 	 0.0000 	 0.1000 
0.8300 	 0.1250 	 0.0000 	 0.1000 
0.8400 	 0.1250 	 0.0000 	 0.1000 
0.8500 	 0.1250 	 0.0000 	 0.1000 
0.8600 	 0.1250 	 0.0000 	 0.1000 
0.8700 	 0.1250 	 0.0000 	 0.1000 
0.8800 	 0.1250 	 0.0000 	 0.1000 
0.8900 	 0.1250 	 0.0000 	 0.1000 
0.9000 	 0.1250 	 0.0000 	 0.1000 
0.9100 	 0.1250 	 0.0000 	 0.1000 
0.9200 	 0.1250 	 0.0000 	 0.1000 
0.9300 	 0.1250 	 0.0000 	 0.1000 
0.9400 	 0.1250 	 0.0000 	 0.1000 
0.9500 	 0.1250 	 0.0000 	 0.1000 
0.9600 	 0.1250 	 0.0000 	 0.1000 
0.9700 	 0.1250 	 0.0000 	 0.1000 
0.9800 	 0.1250 	 0.0000 	 0.1000 
0.9900 	 0.1250 	 0.0000 	 0.1000 
