0.0000 	 1.0000 	 0.7500 	 1.0000 	 2.5000 
0.0010 	 1.0000 	 0.7500 	 1.0000 	 2.5000 
0.0020 	 1.0000 	 0.7500 	 1.0000 	 2.5000 
0.0030 	 1.0000 	 0.7500 	 1.0000 	 2.5000 
0.0040 	 1.0000 	 0.7500 	 1.0000 	 2.5000 
0.0050 	 1.0000 	 0.7500 	 1.0000 	 2.5000 
0.0060 	 1.0000 	 0.7500 	 1.0000 	 2.5000 
0.0070 	 1.0000 	 0.7500 	 1.0000 	 2.5000 
0.0080 	 1.0000 	 0.7500 	 1.0000 	 2.5000 
0.0090 	 1.0000 	 0.7500 	 1.0000 	 2.5000 
0.0100 	 1.0000 	 0.7500 	 1.0000 	 2.5000 
0.0110 	 1.0000 	 0.7500 	 1.0000 	 2.5000 
0.0120 	 1.0000 	 0.7500 	 1.0000 	 2.5000 
0.0130 	 1.0000 	 0.7500 	 1.0000 	 2.5000 
0.0140 	 1.0000 	 0.7500 	 1.0000 	 2.5000 
0.0150 	 1.0000 	 0.7500 	 1.0000 	 2.5000 
0.0160 	 1.0000 	 0.7500 	 1.0000 	 2.5000 
0.0170 	 1.0000 	 0.7500 	 1.0000 	 2.5000 
0.0180 	 1.0000 	 0.7500 	 1.0000 	 2.5000 
0.0190 	 1.0000 	 0.7500 	 1.0000 	 2.5000 
0.0200 	 1.0000 	 0.7500 	 1.0000 	 2.5000 
0.0210 	 1.0000 	 0.7500 	 1.0000 	 2.5000 
0.0220 	 1.0000 	 0.7500 	 1.0000 	 2.5000 
0.0230 	 1.0000 	 0.7500 	 1.0000 	 2.5000 
0.0240 	 1.0000 	 0.7500 	 1.0000 	 2.5000 
0.0250 	 1.0000 	 0.7500 	 1.0000 	 2.5000 
0.0260 	 1.0000 	 0.7500 	 1.0000 	 2.5000 
0.0270 	 1.0000 	 0.7500 	 1.0000 	 2.5000 
0.0280 	 1.0000 	 0.7500 	 1.0000 	 2.5000 
0.0290 	 1.0000 	 0.7500 	 1.0000 	 2.5000 
0.0300 	 1.0000 	 0.7500 	 1.0000 	 2.5000 
0.0310 	 1.0000 	 0.7500 	 1.0000 	 2.5000 
0.0320 	 1.0000 	 0.7500 	 1.0000 	 2.5000 
0.0330 	 1.0000 	 0.7500 	 1.0000 	 2.5000 
0.0340 	 1.0000 	 0.7500 	 1.0000 	 2.5000 
0.0350 	 1.0000 	 0.7500 	 1.0000 	 2.5000 
0.0360 	 1.0000 	 0.7500 	 1.0000 	 2.5000 
0.0370 	 1.0000 	 0.7500 	 1.0000 	 2.5000 
0.0380 	 1.0000 	 0.7500 	 1.0000 	 2.5000 
0.0390 	 1.0000 	 0.7500 	 1.0000 	 2.5000 
0.0400 	 1.0000 	 0.7500 	 1.0000 	 2.5000 
0.0410 	 1.0000 	 0.7500 	 1.0000 	 2.5000 
0.0420 	 1.0000 	 0.7500 	 1.0000 	 2.5000 
0.0430 	 1.0000 	 0.7500 	 1.0000 	 2.5000 
0.0440 	 1.0000 	 0.7500 	 1.0000 	 2.5000 
0.0450 	 1.0000 	 0.7500 	 1.0000 	 2.5000 
0.0460 	 1.0000 	 0.7500 	 1.0000 	 2.5000 
0.0470 	 1.0000 	 0.7500 	 1.0000 	 2.5000 
0.0480 	 1.0000 	 0.7500 	 1.0000 	 2.5000 
0.0490 	 1.0000 	 0.7500 	 1.0000 	 2.5000 
0.0500 	 1.0000 	 0.7500 	 1.0000 	 2.5000 
0.0510 	 1.0000 	 0.7500 	 1.0000 	 2.5000 
0.0520 	 1.0000 	 0.7500 	 1.0000 	 2.5000 
0.0530 	 1.0000 	 0.7500 	 1.0000 	 2.5000 
0.0540 	 1.0000 	 0.7500 	 1.0000 	 2.5000 
0.0550 	 1.0000 	 0.7500 	 1.0000 	 2.5000 
0.0560 	 1.0000 	 0.7500 	 1.0000 	 2.5000 
0.0570 	 1.0000 	 0.7500 	 1.0000 	 2.5000 
0.0580 	 1.0000 	 0.7500 	 1.0000 	 2.5000 
0.0590 	 1.0000 	 0.7500 	 1.0000 	 2.5000 
0.0600 	 1.0000 	 0.7500 	 1.0000 	 2.5000 
0.0610 	 1.0000 	 0.7500 	 1.0000 	 2.5000 
0.0620 	 1.0000 	 0.7500 	 1.0000 	 2.5000 
0.0630 	 1.0000 	 0.7500 	 1.0000 	 2.5000 
0.0640 	 1.0000 	 0.7500 	 1.0000 	 2.5000 
0.0650 	 1.0000 	 0.7500 	 1.0000 	 2.5000 
0.0660 	 1.0000 	 0.7500 	 1.0000 	 2.5000 
0.0670 	 1.0000 	 0.7500 	 1.0000 	 2.5000 
0.0680 	 1.0000 	 0.7500 	 1.0000 	 2.5000 
0.0690 	 1.0000 	 0.7500 	 1.0000 	 2.5000 
0.0700 	 1.0000 	 0.7500 	 1.0000 	 2.5000 
0.0710 	 1.0000 	 0.7500 	 1.0000 	 2.5000 
0.0720 	 1.0000 	 0.7500 	 1.0000 	 2.5000 
0.0730 	 1.0000 	 0.7500 	 1.0000 	 2.5000 
0.0740 	 1.0000 	 0.7500 	 1.0000 	 2.5000 
0.0750 	 1.0000 	 0.7500 	 1.0000 	 2.5000 
0.0760 	 1.0000 	 0.7500 	 1.0000 	 2.5000 
0.0770 	 1.0000 	 0.7500 	 1.0000 	 2.5000 
0.0780 	 1.0000 	 0.7500 	 1.0000 	 2.5000 
0.0790 	 1.0000 	 0.7500 	 1.0000 	 2.5000 
0.0800 	 1.0000 	 0.7500 	 1.0000 	 2.5000 
0.0810 	 1.0000 	 0.7500 	 1.0000 	 2.5000 
0.0820 	 1.0000 	 0.7500 	 1.0000 	 2.5000 
0.0830 	 1.0000 	 0.7500 	 1.0000 	 2.5000 
0.0840 	 1.0000 	 0.7500 	 1.0000 	 2.5000 
0.0850 	 1.0000 	 0.7500 	 1.0000 	 2.5000 
0.0860 	 1.0000 	 0.7500 	 1.0000 	 2.5000 
0.0870 	 1.0000 	 0.7500 	 1.0000 	 2.5000 
0.0880 	 1.0000 	 0.7500 	 1.0000 	 2.5000 
0.0890 	 1.0000 	 0.7500 	 1.0000 	 2.5000 
0.0900 	 1.0000 	 0.7500 	 1.0000 	 2.5000 
0.0910 	 1.0000 	 0.7500 	 1.0000 	 2.5000 
0.0920 	 1.0000 	 0.7500 	 1.0000 	 2.5000 
0.0930 	 1.0000 	 0.7500 	 1.0000 	 2.5000 
0.0940 	 1.0000 	 0.7500 	 1.0000 	 2.5000 
0.0950 	 1.0000 	 0.7500 	 1.0000 	 2.5000 
0.0960 	 1.0000 	 0.7500 	 1.0000 	 2.5000 
0.0970 	 1.0000 	 0.7500 	 1.0000 	 2.5000 
0.0980 	 1.0000 	 0.7500 	 1.0000 	 2.5000 
0.0990 	 1.0000 	 0.7500 	 1.0000 	 2.5000 
0.1000 	 1.0000 	 0.7500 	 1.0000 	 2.5000 
0.1010 	 1.0000 	 0.7500 	 1.0000 	 2.5000 
0.1020 	 1.0000 	 0.7500 	 1.0000 	 2.5000 
0.1030 	 1.0000 	 0.7500 	 1.0000 	 2.5000 
0.1040 	 1.0000 	 0.7500 	 1.0000 	 2.5000 
0.1050 	 1.0000 	 0.7500 	 1.0000 	 2.5000 
0.1060 	 1.0000 	 0.7500 	 1.0000 	 2.5000 
0.1070 	 1.0000 	 0.7500 	 1.0000 	 2.5000 
0.1080 	 1.0000 	 0.7500 	 1.0000 	 2.5000 
0.1090 	 1.0000 	 0.7500 	 1.0000 	 2.5000 
0.1100 	 1.0000 	 0.7500 	 1.0000 	 2.5000 
0.1110 	 1.0000 	 0.7500 	 1.0000 	 2.5000 
0.1120 	 1.0000 	 0.7500 	 1.0000 	 2.5000 
0.1130 	 1.0000 	 0.7500 	 1.0000 	 2.5000 
0.1140 	 1.0000 	 0.7500 	 1.0000 	 2.5000 
0.1150 	 1.0000 	 0.7500 	 1.0000 	 2.5000 
0.1160 	 1.0000 	 0.7500 	 1.0000 	 2.5000 
0.1170 	 1.0000 	 0.7500 	 1.0000 	 2.5000 
0.1180 	 1.0000 	 0.7500 	 1.0000 	 2.5000 
0.1190 	 1.0000 	 0.7500 	 1.0000 	 2.5000 
0.1200 	 1.0000 	 0.7500 	 1.0000 	 2.5000 
0.1210 	 1.0000 	 0.7500 	 1.0000 	 2.5000 
0.1220 	 1.0000 	 0.7500 	 1.0000 	 2.5000 
0.1230 	 1.0000 	 0.7500 	 1.0000 	 2.5000 
0.1240 	 1.0000 	 0.7500 	 1.0000 	 2.5000 
0.1250 	 1.0000 	 0.7500 	 1.0000 	 2.5000 
0.1260 	 1.0000 	 0.7500 	 1.0000 	 2.5000 
0.1270 	 1.0000 	 0.7500 	 1.0000 	 2.5000 
0.1280 	 1.0000 	 0.7500 	 1.0000 	 2.5000 
0.1290 	 1.0000 	 0.7500 	 1.0000 	 2.5000 
0.1300 	 1.0000 	 0.7500 	 1.0000 	 2.5000 
0.1310 	 1.0000 	 0.7500 	 1.0000 	 2.5000 
0.1320 	 1.0000 	 0.7500 	 1.0000 	 2.5000 
0.1330 	 1.0000 	 0.7500 	 1.0000 	 2.5000 
0.1340 	 1.0000 	 0.7500 	 1.0000 	 2.5000 
0.1350 	 1.0000 	 0.7500 	 1.0000 	 2.5000 
0.1360 	 1.0000 	 0.7500 	 1.0000 	 2.5000 
0.1370 	 1.0000 	 0.7500 	 1.0000 	 2.5000 
0.1380 	 1.0000 	 0.7500 	 1.0000 	 2.5000 
0.1390 	 1.0000 	 0.7500 	 1.0000 	 2.5000 
0.1400 	 1.0000 	 0.7500 	 1.0000 	 2.5000 
0.1410 	 1.0000 	 0.7500 	 1.0000 	 2.5000 
0.1420 	 1.0000 	 0.7500 	 1.0000 	 2.5000 
0.1430 	 1.0000 	 0.7500 	 1.0000 	 2.5000 
0.1440 	 1.0000 	 0.7500 	 1.0000 	 2.5000 
0.1450 	 1.0000 	 0.7500 	 1.0000 	 2.5000 
0.1460 	 1.0000 	 0.7500 	 1.0000 	 2.5000 
0.1470 	 1.0000 	 0.7500 	 1.0000 	 2.5000 
0.1480 	 1.0000 	 0.7500 	 1.0000 	 2.5000 
0.1490 	 1.0000 	 0.7500 	 1.0000 	 2.5000 
0.1500 	 1.0000 	 0.7500 	 1.0000 	 2.5000 
0.1510 	 1.0000 	 0.7500 	 1.0000 	 2.5000 
0.1520 	 1.0000 	 0.7500 	 1.0000 	 2.5000 
0.1530 	 1.0000 	 0.7500 	 1.0000 	 2.5000 
0.1540 	 1.0000 	 0.7500 	 1.0000 	 2.5000 
0.1550 	 1.0000 	 0.7500 	 1.0000 	 2.5000 
0.1560 	 1.0000 	 0.7500 	 1.0000 	 2.5000 
0.1570 	 1.0000 	 0.7500 	 1.0000 	 2.5000 
0.1580 	 1.0000 	 0.7500 	 1.0000 	 2.5000 
0.1590 	 1.0000 	 0.7500 	 1.0000 	 2.5000 
0.1600 	 1.0000 	 0.7500 	 1.0000 	 2.5000 
0.1610 	 1.0000 	 0.7500 	 1.0000 	 2.5000 
0.1620 	 1.0000 	 0.7500 	 1.0000 	 2.5000 
0.1630 	 1.0000 	 0.7500 	 1.0000 	 2.5000 
0.1640 	 1.0000 	 0.7500 	 1.0000 	 2.5000 
0.1650 	 1.0000 	 0.7500 	 1.0000 	 2.5000 
0.1660 	 1.0000 	 0.7500 	 1.0000 	 2.5000 
0.1670 	 1.0000 	 0.7500 	 1.0000 	 2.5000 
0.1680 	 1.0000 	 0.7500 	 1.0000 	 2.5000 
0.1690 	 1.0000 	 0.7500 	 1.0000 	 2.5000 
0.1700 	 1.0000 	 0.7500 	 1.0000 	 2.5000 
0.1710 	 1.0000 	 0.7500 	 1.0000 	 2.5000 
0.1720 	 1.0000 	 0.7500 	 1.0000 	 2.5000 
0.1730 	 1.0000 	 0.7500 	 1.0000 	 2.5000 
0.1740 	 1.0000 	 0.7500 	 1.0000 	 2.5000 
0.1750 	 1.0000 	 0.7500 	 1.0000 	 2.5000 
0.1760 	 1.0000 	 0.7500 	 1.0000 	 2.5000 
0.1770 	 1.0000 	 0.7500 	 1.0000 	 2.5000 
0.1780 	 1.0000 	 0.7500 	 1.0000 	 2.5000 
0.1790 	 1.0000 	 0.7500 	 1.0000 	 2.5000 
0.1800 	 1.0000 	 0.7500 	 1.0000 	 2.5000 
0.1810 	 1.0000 	 0.7500 	 1.0000 	 2.5000 
0.1820 	 1.0000 	 0.7500 	 1.0000 	 2.5000 
0.1830 	 1.0000 	 0.7500 	 1.0000 	 2.5000 
0.1840 	 1.0000 	 0.7500 	 1.0000 	 2.5000 
0.1850 	 1.0000 	 0.7500 	 1.0000 	 2.5000 
0.1860 	 1.0000 	 0.7500 	 1.0000 	 2.5000 
0.1870 	 1.0000 	 0.7500 	 1.0000 	 2.5000 
0.1880 	 1.0000 	 0.7500 	 1.0000 	 2.5000 
0.1890 	 1.0000 	 0.7500 	 1.0000 	 2.5000 
0.1900 	 1.0000 	 0.7500 	 1.0000 	 2.5000 
0.1910 	 1.0000 	 0.7500 	 1.0000 	 2.5000 
0.1920 	 1.0000 	 0.7500 	 1.0000 	 2.5000 
0.1930 	 1.0000 	 0.7500 	 1.0000 	 2.5000 
0.1940 	 1.0000 	 0.7500 	 1.0000 	 2.5000 
0.1950 	 1.0000 	 0.7500 	 1.0000 	 2.5000 
0.1960 	 1.0000 	 0.7500 	 1.0000 	 2.5000 
0.1970 	 1.0000 	 0.7500 	 1.0000 	 2.5000 
0.1980 	 1.0000 	 0.7500 	 1.0000 	 2.5000 
0.1990 	 1.0000 	 0.7500 	 1.0000 	 2.5000 
0.2000 	 1.0000 	 0.7500 	 1.0000 	 2.5000 
0.2010 	 1.0000 	 0.7500 	 1.0000 	 2.5000 
0.2020 	 1.0000 	 0.7500 	 1.0000 	 2.5000 
0.2030 	 1.0000 	 0.7500 	 1.0000 	 2.5000 
0.2040 	 1.0000 	 0.7500 	 1.0000 	 2.5000 
0.2050 	 1.0000 	 0.7500 	 1.0000 	 2.5000 
0.2060 	 1.0000 	 0.7500 	 1.0000 	 2.5000 
0.2070 	 1.0000 	 0.7500 	 1.0000 	 2.5000 
0.2080 	 1.0000 	 0.7500 	 1.0000 	 2.5000 
0.2090 	 1.0000 	 0.7500 	 1.0000 	 2.5000 
0.2100 	 1.0000 	 0.7500 	 1.0000 	 2.5000 
0.2110 	 1.0000 	 0.7500 	 1.0000 	 2.5000 
0.2120 	 1.0000 	 0.7500 	 1.0000 	 2.5000 
0.2130 	 1.0000 	 0.7500 	 1.0000 	 2.5000 
0.2140 	 1.0000 	 0.7500 	 1.0000 	 2.5000 
0.2150 	 1.0000 	 0.7500 	 1.0000 	 2.5000 
0.2160 	 1.0000 	 0.7500 	 1.0000 	 2.5000 
0.2170 	 1.0000 	 0.7500 	 1.0000 	 2.5000 
0.2180 	 1.0000 	 0.7500 	 1.0000 	 2.5000 
0.2190 	 1.0000 	 0.7500 	 1.0000 	 2.5000 
0.2200 	 1.0000 	 0.7500 	 1.0000 	 2.5000 
0.2210 	 1.0000 	 0.7500 	 1.0000 	 2.5000 
0.2220 	 1.0000 	 0.7500 	 1.0000 	 2.5000 
0.2230 	 1.0000 	 0.7500 	 1.0000 	 2.5000 
0.2240 	 1.0000 	 0.7500 	 1.0000 	 2.5000 
0.2250 	 1.0000 	 0.7500 	 1.0000 	 2.5000 
0.2260 	 1.0000 	 0.7500 	 1.0000 	 2.5000 
0.2270 	 1.0000 	 0.7500 	 1.0000 	 2.5000 
0.2280 	 1.0000 	 0.7500 	 1.0000 	 2.5000 
0.2290 	 1.0000 	 0.7500 	 1.0000 	 2.5000 
0.2300 	 1.0000 	 0.7500 	 1.0000 	 2.5000 
0.2310 	 1.0000 	 0.7500 	 1.0000 	 2.5000 
0.2320 	 1.0000 	 0.7500 	 1.0000 	 2.5000 
0.2330 	 1.0000 	 0.7500 	 1.0000 	 2.5000 
0.2340 	 1.0000 	 0.7500 	 1.0000 	 2.5000 
0.2350 	 1.0000 	 0.7500 	 1.0000 	 2.5000 
0.2360 	 1.0000 	 0.7500 	 1.0000 	 2.5000 
0.2370 	 1.0000 	 0.7500 	 1.0000 	 2.5000 
0.2380 	 1.0000 	 0.7500 	 1.0000 	 2.5000 
0.2390 	 1.0000 	 0.7500 	 1.0000 	 2.5000 
0.2400 	 1.0000 	 0.7500 	 1.0000 	 2.5000 
0.2410 	 1.0000 	 0.7500 	 1.0000 	 2.5000 
0.2420 	 1.0000 	 0.7500 	 1.0000 	 2.5000 
0.2430 	 1.0000 	 0.7500 	 1.0000 	 2.5000 
0.2440 	 1.0000 	 0.7500 	 1.0000 	 2.5000 
0.2450 	 1.0000 	 0.7500 	 1.0000 	 2.5000 
0.2460 	 1.0000 	 0.7500 	 1.0000 	 2.5000 
0.2470 	 1.0000 	 0.7500 	 1.0000 	 2.5000 
0.2480 	 1.0000 	 0.7500 	 1.0000 	 2.5000 
0.2490 	 1.0000 	 0.7500 	 1.0000 	 2.5000 
0.2500 	 1.0000 	 0.7500 	 1.0000 	 2.5000 
0.2510 	 1.0000 	 0.7500 	 1.0000 	 2.5000 
0.2520 	 1.0000 	 0.7500 	 1.0000 	 2.5000 
0.2530 	 1.0000 	 0.7500 	 1.0000 	 2.5000 
0.2540 	 1.0000 	 0.7500 	 1.0000 	 2.5000 
0.2550 	 1.0000 	 0.7500 	 1.0000 	 2.5000 
0.2560 	 1.0000 	 0.7500 	 1.0000 	 2.5000 
0.2570 	 1.0000 	 0.7500 	 1.0000 	 2.5000 
0.2580 	 1.0000 	 0.7500 	 1.0000 	 2.5000 
0.2590 	 1.0000 	 0.7500 	 1.0000 	 2.5000 
0.2600 	 1.0000 	 0.7500 	 1.0000 	 2.5000 
0.2610 	 1.0000 	 0.7500 	 1.0000 	 2.5000 
0.2620 	 1.0000 	 0.7500 	 1.0000 	 2.5000 
0.2630 	 1.0000 	 0.7500 	 1.0000 	 2.5000 
0.2640 	 1.0000 	 0.7500 	 1.0000 	 2.5000 
0.2650 	 1.0000 	 0.7500 	 1.0000 	 2.5000 
0.2660 	 1.0000 	 0.7500 	 1.0000 	 2.5000 
0.2670 	 1.0000 	 0.7500 	 1.0000 	 2.5000 
0.2680 	 1.0000 	 0.7500 	 1.0000 	 2.5000 
0.2690 	 1.0000 	 0.7500 	 1.0000 	 2.5000 
0.2700 	 1.0000 	 0.7500 	 1.0000 	 2.5000 
0.2710 	 1.0000 	 0.7500 	 1.0000 	 2.5000 
0.2720 	 1.0000 	 0.7500 	 1.0000 	 2.5000 
0.2730 	 1.0000 	 0.7500 	 1.0000 	 2.5000 
0.2740 	 1.0000 	 0.7500 	 1.0000 	 2.5000 
0.2750 	 1.0000 	 0.7500 	 1.0000 	 2.5000 
0.2760 	 1.0000 	 0.7500 	 1.0000 	 2.5000 
0.2770 	 1.0000 	 0.7500 	 1.0000 	 2.5000 
0.2780 	 1.0000 	 0.7500 	 1.0000 	 2.5000 
0.2790 	 1.0000 	 0.7500 	 1.0000 	 2.5000 
0.2800 	 1.0000 	 0.7500 	 1.0000 	 2.5000 
0.2810 	 1.0000 	 0.7500 	 1.0000 	 2.5000 
0.2820 	 1.0000 	 0.7500 	 1.0000 	 2.5000 
0.2830 	 1.0000 	 0.7500 	 1.0000 	 2.5000 
0.2840 	 1.0000 	 0.7500 	 1.0000 	 2.5000 
0.2850 	 1.0000 	 0.7500 	 1.0000 	 2.5000 
0.2860 	 1.0000 	 0.7500 	 1.0000 	 2.5000 
0.2870 	 1.0000 	 0.7500 	 1.0000 	 2.5000 
0.2880 	 1.0000 	 0.7500 	 1.0000 	 2.5000 
0.2890 	 1.0000 	 0.7500 	 1.0000 	 2.5000 
0.2900 	 1.0000 	 0.7500 	 1.0000 	 2.5000 
0.2910 	 1.0000 	 0.7500 	 1.0000 	 2.5000 
0.2920 	 1.0000 	 0.7500 	 1.0000 	 2.5000 
0.2930 	 1.0000 	 0.7500 	 1.0000 	 2.5000 
0.2940 	 1.0000 	 0.7500 	 1.0000 	 2.5000 
0.2950 	 1.0000 	 0.7500 	 1.0000 	 2.5000 
0.2960 	 1.0000 	 0.7500 	 1.0000 	 2.5000 
0.2970 	 1.0000 	 0.7500 	 1.0000 	 2.5000 
0.2980 	 1.0000 	 0.7500 	 1.0000 	 2.5000 
0.2990 	 1.0000 	 0.7500 	 1.0000 	 2.5000 
0.3000 	 1.0000 	 0.7500 	 1.0000 	 2.5000 
0.3010 	 0.1250 	 0.0000 	 0.1000 	 2.0000 
0.3020 	 0.1250 	 0.0000 	 0.1000 	 2.0000 
0.3030 	 0.1250 	 0.0000 	 0.1000 	 2.0000 
0.3040 	 0.1250 	 0.0000 	 0.1000 	 2.0000 
0.3050 	 0.1250 	 0.0000 	 0.1000 	 2.0000 
0.3060 	 0.1250 	 0.0000 	 0.1000 	 2.0000 
0.3070 	 0.1250 	 0.0000 	 0.1000 	 2.0000 
0.3080 	 0.1250 	 0.0000 	 0.1000 	 2.0000 
0.3090 	 0.1250 	 0.0000 	 0.1000 	 2.0000 
0.3100 	 0.1250 	 0.0000 	 0.1000 	 2.0000 
0.3110 	 0.1250 	 0.0000 	 0.1000 	 2.0000 
0.3120 	 0.1250 	 0.0000 	 0.1000 	 2.0000 
0.3130 	 0.1250 	 0.0000 	 0.1000 	 2.0000 
0.3140 	 0.1250 	 0.0000 	 0.1000 	 2.0000 
0.3150 	 0.1250 	 0.0000 	 0.1000 	 2.0000 
0.3160 	 0.1250 	 0.0000 	 0.1000 	 2.0000 
0.3170 	 0.1250 	 0.0000 	 0.1000 	 2.0000 
0.3180 	 0.1250 	 0.0000 	 0.1000 	 2.0000 
0.3190 	 0.1250 	 0.0000 	 0.1000 	 2.0000 
0.3200 	 0.1250 	 0.0000 	 0.1000 	 2.0000 
0.3210 	 0.1250 	 0.0000 	 0.1000 	 2.0000 
0.3220 	 0.1250 	 0.0000 	 0.1000 	 2.0000 
0.3230 	 0.1250 	 0.0000 	 0.1000 	 2.0000 
0.3240 	 0.1250 	 0.0000 	 0.1000 	 2.0000 
0.3250 	 0.1250 	 0.0000 	 0.1000 	 2.0000 
0.3260 	 0.1250 	 0.0000 	 0.1000 	 2.0000 
0.3270 	 0.1250 	 0.0000 	 0.1000 	 2.0000 
0.3280 	 0.1250 	 0.0000 	 0.1000 	 2.0000 
0.3290 	 0.1250 	 0.0000 	 0.1000 	 2.0000 
0.3300 	 0.1250 	 0.0000 	 0.1000 	 2.0000 
0.3310 	 0.1250 	 0.0000 	 0.1000 	 2.0000 
0.3320 	 0.1250 	 0.0000 	 0.1000 	 2.0000 
0.3330 	 0.1250 	 0.0000 	 0.1000 	 2.0000 
0.3340 	 0.1250 	 0.0000 	 0.1000 	 2.0000 
0.3350 	 0.1250 	 0.0000 	 0.1000 	 2.0000 
0.3360 	 0.1250 	 0.0000 	 0.1000 	 2.0000 
0.3370 	 0.1250 	 0.0000 	 0.1000 	 2.0000 
0.3380 	 0.1250 	 0.0000 	 0.1000 	 2.0000 
0.3390 	 0.1250 	 0.0000 	 0.1000 	 2.0000 
0.3400 	 0.1250 	 0.0000 	 0.1000 	 2.0000 
0.3410 	 0.1250 	 0.0000 	 0.1000 	 2.0000 
0.3420 	 0.1250 	 0.0000 	 0.1000 	 2.0000 
0.3430 	 0.1250 	 0.0000 	 0.1000 	 2.0000 
0.3440 	 0.1250 	 0.0000 	 0.1000 	 2.0000 
0.3450 	 0.1250 	 0.0000 	 0.1000 	 2.0000 
0.3460 	 0.1250 	 0.0000 	 0.1000 	 2.0000 
0.3470 	 0.1250 	 0.0000 	 0.1000 	 2.0000 
0.3480 	 0.1250 	 0.0000 	 0.1000 	 2.0000 
0.3490 	 0.1250 	 0.0000 	 0.1000 	 2.0000 
0.3500 	 0.1250 	 0.0000 	 0.1000 	 2.0000 
0.3510 	 0.1250 	 0.0000 	 0.1000 	 2.0000 
0.3520 	 0.1250 	 0.0000 	 0.1000 	 2.0000 
0.3530 	 0.1250 	 0.0000 	 0.1000 	 2.0000 
0.3540 	 0.1250 	 0.0000 	 0.1000 	 2.0000 
0.3550 	 0.1250 	 0.0000 	 0.1000 	 2.0000 
0.3560 	 0.1250 	 0.0000 	 0.1000 	 2.0000 
0.3570 	 0.1250 	 0.0000 	 0.1000 	 2.0000 
0.3580 	 0.1250 	 0.0000 	 0.1000 	 2.0000 
0.3590 	 0.1250 	 0.0000 	 0.1000 	 2.0000 
0.3600 	 0.1250 	 0.0000 	 0.1000 	 2.0000 
0.3610 	 0.1250 	 0.0000 	 0.1000 	 2.0000 
0.3620 	 0.1250 	 0.0000 	 0.1000 	 2.0000 
0.3630 	 0.1250 	 0.0000 	 0.1000 	 2.0000 
0.3640 	 0.1250 	 0.0000 	 0.1000 	 2.0000 
0.3650 	 0.1250 	 0.0000 	 0.1000 	 2.0000 
0.3660 	 0.1250 	 0.0000 	 0.1000 	 2.0000 
0.3670 	 0.1250 	 0.0000 	 0.1000 	 2.0000 
0.3680 	 0.1250 	 0.0000 	 0.1000 	 2.0000 
0.3690 	 0.1250 	 0.0000 	 0.1000 	 2.0000 
0.3700 	 0.1250 	 0.0000 	 0.1000 	 2.0000 
0.3710 	 0.1250 	 0.0000 	 0.1000 	 2.0000 
0.3720 	 0.1250 	 0.0000 	 0.1000 	 2.0000 
0.3730 	 0.1250 	 0.0000 	 0.1000 	 2.0000 
0.3740 	 0.1250 	 0.0000 	 0.1000 	 2.0000 
0.3750 	 0.1250 	 0.0000 	 0.1000 	 2.0000 
0.3760 	 0.1250 	 0.0000 	 0.1000 	 2.0000 
0.3770 	 0.1250 	 0.0000 	 0.1000 	 2.0000 
0.3780 	 0.1250 	 0.0000 	 0.1000 	 2.0000 
0.3790 	 0.1250 	 0.0000 	 0.1000 	 2.0000 
0.3800 	 0.1250 	 0.0000 	 0.1000 	 2.0000 
0.3810 	 0.1250 	 0.0000 	 0.1000 	 2.0000 
0.3820 	 0.1250 	 0.0000 	 0.1000 	 2.0000 
0.3830 	 0.1250 	 0.0000 	 0.1000 	 2.0000 
0.3840 	 0.1250 	 0.0000 	 0.1000 	 2.0000 
0.3850 	 0.1250 	 0.0000 	 0.1000 	 2.0000 
0.3860 	 0.1250 	 0.0000 	 0.1000 	 2.0000 
0.3870 	 0.1250 	 0.0000 	 0.1000 	 2.0000 
0.3880 	 0.1250 	 0.0000 	 0.1000 	 2.0000 
0.3890 	 0.1250 	 0.0000 	 0.1000 	 2.0000 
0.3900 	 0.1250 	 0.0000 	 0.1000 	 2.0000 
0.3910 	 0.1250 	 0.0000 	 0.1000 	 2.0000 
0.3920 	 0.1250 	 0.0000 	 0.1000 	 2.0000 
0.3930 	 0.1250 	 0.0000 	 0.1000 	 2.0000 
0.3940 	 0.1250 	 0.0000 	 0.1000 	 2.0000 
0.3950 	 0.1250 	 0.0000 	 0.1000 	 2.0000 
0.3960 	 0.1250 	 0.0000 	 0.1000 	 2.0000 
0.3970 	 0.1250 	 0.0000 	 0.1000 	 2.0000 
0.3980 	 0.1250 	 0.0000 	 0.1000 	 2.0000 
0.3990 	 0.1250 	 0.0000 	 0.1000 	 2.0000 
0.4000 	 0.1250 	 0.0000 	 0.1000 	 2.0000 
0.4010 	 0.1250 	 0.0000 	 0.1000 	 2.0000 
0.4020 	 0.1250 	 0.0000 	 0.1000 	 2.0000 
0.4030 	 0.1250 	 0.0000 	 0.1000 	 2.0000 
0.4040 	 0.1250 	 0.0000 	 0.1000 	 2.0000 
0.4050 	 0.1250 	 0.0000 	 0.1000 	 2.0000 
0.4060 	 0.1250 	 0.0000 	 0.1000 	 2.0000 
0.4070 	 0.1250 	 0.0000 	 0.1000 	 2.0000 
0.4080 	 0.1250 	 0.0000 	 0.1000 	 2.0000 
0.4090 	 0.1250 	 0.0000 	 0.1000 	 2.0000 
0.4100 	 0.1250 	 0.0000 	 0.1000 	 2.0000 
0.4110 	 0.1250 	 0.0000 	 0.1000 	 2.0000 
0.4120 	 0.1250 	 0.0000 	 0.1000 	 2.0000 
0.4130 	 0.1250 	 0.0000 	 0.1000 	 2.0000 
0.4140 	 0.1250 	 0.0000 	 0.1000 	 2.0000 
0.4150 	 0.1250 	 0.0000 	 0.1000 	 2.0000 
0.4160 	 0.1250 	 0.0000 	 0.1000 	 2.0000 
0.4170 	 0.1250 	 0.0000 	 0.1000 	 2.0000 
0.4180 	 0.1250 	 0.0000 	 0.1000 	 2.0000 
0.4190 	 0.1250 	 0.0000 	 0.1000 	 2.0000 
0.4200 	 0.1250 	 0.0000 	 0.1000 	 2.0000 
0.4210 	 0.1250 	 0.0000 	 0.1000 	 2.0000 
0.4220 	 0.1250 	 0.0000 	 0.1000 	 2.0000 
0.4230 	 0.1250 	 0.0000 	 0.1000 	 2.0000 
0.4240 	 0.1250 	 0.0000 	 0.1000 	 2.0000 
0.4250 	 0.1250 	 0.0000 	 0.1000 	 2.0000 
0.4260 	 0.1250 	 0.0000 	 0.1000 	 2.0000 
0.4270 	 0.1250 	 0.0000 	 0.1000 	 2.0000 
0.4280 	 0.1250 	 0.0000 	 0.1000 	 2.0000 
0.4290 	 0.1250 	 0.0000 	 0.1000 	 2.0000 
0.4300 	 0.1250 	 0.0000 	 0.1000 	 2.0000 
0.4310 	 0.1250 	 0.0000 	 0.1000 	 2.0000 
0.4320 	 0.1250 	 0.0000 	 0.1000 	 2.0000 
0.4330 	 0.1250 	 0.0000 	 0.1000 	 2.0000 
0.4340 	 0.1250 	 0.0000 	 0.1000 	 2.0000 
0.4350 	 0.1250 	 0.0000 	 0.1000 	 2.0000 
0.4360 	 0.1250 	 0.0000 	 0.1000 	 2.0000 
0.4370 	 0.1250 	 0.0000 	 0.1000 	 2.0000 
0.4380 	 0.1250 	 0.0000 	 0.1000 	 2.0000 
0.4390 	 0.1250 	 0.0000 	 0.1000 	 2.0000 
0.4400 	 0.1250 	 0.0000 	 0.1000 	 2.0000 
0.4410 	 0.1250 	 0.0000 	 0.1000 	 2.0000 
0.4420 	 0.1250 	 0.0000 	 0.1000 	 2.0000 
0.4430 	 0.1250 	 0.0000 	 0.1000 	 2.0000 
0.4440 	 0.1250 	 0.0000 	 0.1000 	 2.0000 
0.4450 	 0.1250 	 0.0000 	 0.1000 	 2.0000 
0.4460 	 0.1250 	 0.0000 	 0.1000 	 2.0000 
0.4470 	 0.1250 	 0.0000 	 0.1000 	 2.0000 
0.4480 	 0.1250 	 0.0000 	 0.1000 	 2.0000 
0.4490 	 0.1250 	 0.0000 	 0.1000 	 2.0000 
0.4500 	 0.1250 	 0.0000 	 0.1000 	 2.0000 
0.4510 	 0.1250 	 0.0000 	 0.1000 	 2.0000 
0.4520 	 0.1250 	 0.0000 	 0.1000 	 2.0000 
0.4530 	 0.1250 	 0.0000 	 0.1000 	 2.0000 
0.4540 	 0.1250 	 0.0000 	 0.1000 	 2.0000 
0.4550 	 0.1250 	 0.0000 	 0.1000 	 2.0000 
0.4560 	 0.1250 	 0.0000 	 0.1000 	 2.0000 
0.4570 	 0.1250 	 0.0000 	 0.1000 	 2.0000 
0.4580 	 0.1250 	 0.0000 	 0.1000 	 2.0000 
0.4590 	 0.1250 	 0.0000 	 0.1000 	 2.0000 
0.4600 	 0.1250 	 0.0000 	 0.1000 	 2.0000 
0.4610 	 0.1250 	 0.0000 	 0.1000 	 2.0000 
0.4620 	 0.1250 	 0.0000 	 0.1000 	 2.0000 
0.4630 	 0.1250 	 0.0000 	 0.1000 	 2.0000 
0.4640 	 0.1250 	 0.0000 	 0.1000 	 2.0000 
0.4650 	 0.1250 	 0.0000 	 0.1000 	 2.0000 
0.4660 	 0.1250 	 0.0000 	 0.1000 	 2.0000 
0.4670 	 0.1250 	 0.0000 	 0.1000 	 2.0000 
0.4680 	 0.1250 	 0.0000 	 0.1000 	 2.0000 
0.4690 	 0.1250 	 0.0000 	 0.1000 	 2.0000 
0.4700 	 0.1250 	 0.0000 	 0.1000 	 2.0000 
0.4710 	 0.1250 	 0.0000 	 0.1000 	 2.0000 
0.4720 	 0.1250 	 0.0000 	 0.1000 	 2.0000 
0.4730 	 0.1250 	 0.0000 	 0.1000 	 2.0000 
0.4740 	 0.1250 	 0.0000 	 0.1000 	 2.0000 
0.4750 	 0.1250 	 0.0000 	 0.1000 	 2.0000 
0.4760 	 0.1250 	 0.0000 	 0.1000 	 2.0000 
0.4770 	 0.1250 	 0.0000 	 0.1000 	 2.0000 
0.4780 	 0.1250 	 0.0000 	 0.1000 	 2.0000 
0.4790 	 0.1250 	 0.0000 	 0.1000 	 2.0000 
0.4800 	 0.1250 	 0.0000 	 0.1000 	 2.0000 
0.4810 	 0.1250 	 0.0000 	 0.1000 	 2.0000 
0.4820 	 0.1250 	 0.0000 	 0.1000 	 2.0000 
0.4830 	 0.1250 	 0.0000 	 0.1000 	 2.0000 
0.4840 	 0.1250 	 0.0000 	 0.1000 	 2.0000 
0.4850 	 0.1250 	 0.0000 	 0.1000 	 2.0000 
0.4860 	 0.1250 	 0.0000 	 0.1000 	 2.0000 
0.4870 	 0.1250 	 0.0000 	 0.1000 	 2.0000 
0.4880 	 0.1250 	 0.0000 	 0.1000 	 2.0000 
0.4890 	 0.1250 	 0.0000 	 0.1000 	 2.0000 
0.4900 	 0.1250 	 0.0000 	 0.1000 	 2.0000 
0.4910 	 0.1250 	 0.0000 	 0.1000 	 2.0000 
0.4920 	 0.1250 	 0.0000 	 0.1000 	 2.0000 
0.4930 	 0.1250 	 0.0000 	 0.1000 	 2.0000 
0.4940 	 0.1250 	 0.0000 	 0.1000 	 2.0000 
0.4950 	 0.1250 	 0.0000 	 0.1000 	 2.0000 
0.4960 	 0.1250 	 0.0000 	 0.1000 	 2.0000 
0.4970 	 0.1250 	 0.0000 	 0.1000 	 2.0000 
0.4980 	 0.1250 	 0.0000 	 0.1000 	 2.0000 
0.4990 	 0.1250 	 0.0000 	 0.1000 	 2.0000 
0.5000 	 0.1250 	 0.0000 	 0.1000 	 2.0000 
0.5010 	 0.1250 	 0.0000 	 0.1000 	 2.0000 
0.5020 	 0.1250 	 0.0000 	 0.1000 	 2.0000 
0.5030 	 0.1250 	 0.0000 	 0.1000 	 2.0000 
0.5040 	 0.1250 	 0.0000 	 0.1000 	 2.0000 
0.5050 	 0.1250 	 0.0000 	 0.1000 	 2.0000 
0.5060 	 0.1250 	 0.0000 	 0.1000 	 2.0000 
0.5070 	 0.1250 	 0.0000 	 0.1000 	 2.0000 
0.5080 	 0.1250 	 0.0000 	 0.1000 	 2.0000 
0.5090 	 0.1250 	 0.0000 	 0.1000 	 2.0000 
0.5100 	 0.1250 	 0.0000 	 0.1000 	 2.0000 
0.5110 	 0.1250 	 0.0000 	 0.1000 	 2.0000 
0.5120 	 0.1250 	 0.0000 	 0.1000 	 2.0000 
0.5130 	 0.1250 	 0.0000 	 0.1000 	 2.0000 
0.5140 	 0.1250 	 0.0000 	 0.1000 	 2.0000 
0.5150 	 0.1250 	 0.0000 	 0.1000 	 2.0000 
0.5160 	 0.1250 	 0.0000 	 0.1000 	 2.0000 
0.5170 	 0.1250 	 0.0000 	 0.1000 	 2.0000 
0.5180 	 0.1250 	 0.0000 	 0.1000 	 2.0000 
0.5190 	 0.1250 	 0.0000 	 0.1000 	 2.0000 
0.5200 	 0.1250 	 0.0000 	 0.1000 	 2.0000 
0.5210 	 0.1250 	 0.0000 	 0.1000 	 2.0000 
0.5220 	 0.1250 	 0.0000 	 0.1000 	 2.0000 
0.5230 	 0.1250 	 0.0000 	 0.1000 	 2.0000 
0.5240 	 0.1250 	 0.0000 	 0.1000 	 2.0000 
0.5250 	 0.1250 	 0.0000 	 0.1000 	 2.0000 
0.5260 	 0.1250 	 0.0000 	 0.1000 	 2.0000 
0.5270 	 0.1250 	 0.0000 	 0.1000 	 2.0000 
0.5280 	 0.1250 	 0.0000 	 0.1000 	 2.0000 
0.5290 	 0.1250 	 0.0000 	 0.1000 	 2.0000 
0.5300 	 0.1250 	 0.0000 	 0.1000 	 2.0000 
0.5310 	 0.1250 	 0.0000 	 0.1000 	 2.0000 
0.5320 	 0.1250 	 0.0000 	 0.1000 	 2.0000 
0.5330 	 0.1250 	 0.0000 	 0.1000 	 2.0000 
0.5340 	 0.1250 	 0.0000 	 0.1000 	 2.0000 
0.5350 	 0.1250 	 0.0000 	 0.1000 	 2.0000 
0.5360 	 0.1250 	 0.0000 	 0.1000 	 2.0000 
0.5370 	 0.1250 	 0.0000 	 0.1000 	 2.0000 
0.5380 	 0.1250 	 0.0000 	 0.1000 	 2.0000 
0.5390 	 0.1250 	 0.0000 	 0.1000 	 2.0000 
0.5400 	 0.1250 	 0.0000 	 0.1000 	 2.0000 
0.5410 	 0.1250 	 0.0000 	 0.1000 	 2.0000 
0.5420 	 0.1250 	 0.0000 	 0.1000 	 2.0000 
0.5430 	 0.1250 	 0.0000 	 0.1000 	 2.0000 
0.5440 	 0.1250 	 0.0000 	 0.1000 	 2.0000 
0.5450 	 0.1250 	 0.0000 	 0.1000 	 2.0000 
0.5460 	 0.1250 	 0.0000 	 0.1000 	 2.0000 
0.5470 	 0.1250 	 0.0000 	 0.1000 	 2.0000 
0.5480 	 0.1250 	 0.0000 	 0.1000 	 2.0000 
0.5490 	 0.1250 	 0.0000 	 0.1000 	 2.0000 
0.5500 	 0.1250 	 0.0000 	 0.1000 	 2.0000 
0.5510 	 0.1250 	 0.0000 	 0.1000 	 2.0000 
0.5520 	 0.1250 	 0.0000 	 0.1000 	 2.0000 
0.5530 	 0.1250 	 0.0000 	 0.1000 	 2.0000 
0.5540 	 0.1250 	 0.0000 	 0.1000 	 2.0000 
0.5550 	 0.1250 	 0.0000 	 0.1000 	 2.0000 
0.5560 	 0.1250 	 0.0000 	 0.1000 	 2.0000 
0.5570 	 0.1250 	 0.0000 	 0.1000 	 2.0000 
0.5580 	 0.1250 	 0.0000 	 0.1000 	 2.0000 
0.5590 	 0.1250 	 0.0000 	 0.1000 	 2.0000 
0.5600 	 0.1250 	 0.0000 	 0.1000 	 2.0000 
0.5610 	 0.1250 	 0.0000 	 0.1000 	 2.0000 
0.5620 	 0.1250 	 0.0000 	 0.1000 	 2.0000 
0.5630 	 0.1250 	 0.0000 	 0.1000 	 2.0000 
0.5640 	 0.1250 	 0.0000 	 0.1000 	 2.0000 
0.5650 	 0.1250 	 0.0000 	 0.1000 	 2.0000 
0.5660 	 0.1250 	 0.0000 	 0.1000 	 2.0000 
0.5670 	 0.1250 	 0.0000 	 0.1000 	 2.0000 
0.5680 	 0.1250 	 0.0000 	 0.1000 	 2.0000 
0.5690 	 0.1250 	 0.0000 	 0.1000 	 2.0000 
0.5700 	 0.1250 	 0.0000 	 0.1000 	 2.0000 
0.5710 	 0.1250 	 0.0000 	 0.1000 	 2.0000 
0.5720 	 0.1250 	 0.0000 	 0.1000 	 2.0000 
0.5730 	 0.1250 	 0.0000 	 0.1000 	 2.0000 
0.5740 	 0.1250 	 0.0000 	 0.1000 	 2.0000 
0.5750 	 0.1250 	 0.0000 	 0.1000 	 2.0000 
0.5760 	 0.1250 	 0.0000 	 0.1000 	 2.0000 
0.5770 	 0.1250 	 0.0000 	 0.1000 	 2.0000 
0.5780 	 0.1250 	 0.0000 	 0.1000 	 2.0000 
0.5790 	 0.1250 	 0.0000 	 0.1000 	 2.0000 
0.5800 	 0.1250 	 0.0000 	 0.1000 	 2.0000 
0.5810 	 0.1250 	 0.0000 	 0.1000 	 2.0000 
0.5820 	 0.1250 	 0.0000 	 0.1000 	 2.0000 
0.5830 	 0.1250 	 0.0000 	 0.1000 	 2.0000 
0.5840 	 0.1250 	 0.0000 	 0.1000 	 2.0000 
0.5850 	 0.1250 	 0.0000 	 0.1000 	 2.0000 
0.5860 	 0.1250 	 0.0000 	 0.1000 	 2.0000 
0.5870 	 0.1250 	 0.0000 	 0.1000 	 2.0000 
0.5880 	 0.1250 	 0.0000 	 0.1000 	 2.0000 
0.5890 	 0.1250 	 0.0000 	 0.1000 	 2.0000 
0.5900 	 0.1250 	 0.0000 	 0.1000 	 2.0000 
0.5910 	 0.1250 	 0.0000 	 0.1000 	 2.0000 
0.5920 	 0.1250 	 0.0000 	 0.1000 	 2.0000 
0.5930 	 0.1250 	 0.0000 	 0.1000 	 2.0000 
0.5940 	 0.1250 	 0.0000 	 0.1000 	 2.0000 
0.5950 	 0.1250 	 0.0000 	 0.1000 	 2.0000 
0.5960 	 0.1250 	 0.0000 	 0.1000 	 2.0000 
0.5970 	 0.1250 	 0.0000 	 0.1000 	 2.0000 
0.5980 	 0.1250 	 0.0000 	 0.1000 	 2.0000 
0.5990 	 0.1250 	 0.0000 	 0.1000 	 2.0000 
0.6000 	 0.1250 	 0.0000 	 0.1000 	 2.0000 
0.6010 	 0.1250 	 0.0000 	 0.1000 	 2.0000 
0.6020 	 0.1250 	 0.0000 	 0.1000 	 2.0000 
0.6030 	 0.1250 	 0.0000 	 0.1000 	 2.0000 
0.6040 	 0.1250 	 0.0000 	 0.1000 	 2.0000 
0.6050 	 0.1250 	 0.0000 	 0.1000 	 2.0000 
0.6060 	 0.1250 	 0.0000 	 0.1000 	 2.0000 
0.6070 	 0.1250 	 0.0000 	 0.1000 	 2.0000 
0.6080 	 0.1250 	 0.0000 	 0.1000 	 2.0000 
0.6090 	 0.1250 	 0.0000 	 0.1000 	 2.0000 
0.6100 	 0.1250 	 0.0000 	 0.1000 	 2.0000 
0.6110 	 0.1250 	 0.0000 	 0.1000 	 2.0000 
0.6120 	 0.1250 	 0.0000 	 0.1000 	 2.0000 
0.6130 	 0.1250 	 0.0000 	 0.1000 	 2.0000 
0.6140 	 0.1250 	 0.0000 	 0.1000 	 2.0000 
0.6150 	 0.1250 	 0.0000 	 0.1000 	 2.0000 
0.6160 	 0.1250 	 0.0000 	 0.1000 	 2.0000 
0.6170 	 0.1250 	 0.0000 	 0.1000 	 2.0000 
0.6180 	 0.1250 	 0.0000 	 0.1000 	 2.0000 
0.6190 	 0.1250 	 0.0000 	 0.1000 	 2.0000 
0.6200 	 0.1250 	 0.0000 	 0.1000 	 2.0000 
0.6210 	 0.1250 	 0.0000 	 0.1000 	 2.0000 
0.6220 	 0.1250 	 0.0000 	 0.1000 	 2.0000 
0.6230 	 0.1250 	 0.0000 	 0.1000 	 2.0000 
0.6240 	 0.1250 	 0.0000 	 0.1000 	 2.0000 
0.6250 	 0.1250 	 0.0000 	 0.1000 	 2.0000 
0.6260 	 0.1250 	 0.0000 	 0.1000 	 2.0000 
0.6270 	 0.1250 	 0.0000 	 0.1000 	 2.0000 
0.6280 	 0.1250 	 0.0000 	 0.1000 	 2.0000 
0.6290 	 0.1250 	 0.0000 	 0.1000 	 2.0000 
0.6300 	 0.1250 	 0.0000 	 0.1000 	 2.0000 
0.6310 	 0.1250 	 0.0000 	 0.1000 	 2.0000 
0.6320 	 0.1250 	 0.0000 	 0.1000 	 2.0000 
0.6330 	 0.1250 	 0.0000 	 0.1000 	 2.0000 
0.6340 	 0.1250 	 0.0000 	 0.1000 	 2.0000 
0.6350 	 0.1250 	 0.0000 	 0.1000 	 2.0000 
0.6360 	 0.1250 	 0.0000 	 0.1000 	 2.0000 
0.6370 	 0.1250 	 0.0000 	 0.1000 	 2.0000 
0.6380 	 0.1250 	 0.0000 	 0.1000 	 2.0000 
0.6390 	 0.1250 	 0.0000 	 0.1000 	 2.0000 
0.6400 	 0.1250 	 0.0000 	 0.1000 	 2.0000 
0.6410 	 0.1250 	 0.0000 	 0.1000 	 2.0000 
0.6420 	 0.1250 	 0.0000 	 0.1000 	 2.0000 
0.6430 	 0.1250 	 0.0000 	 0.1000 	 2.0000 
0.6440 	 0.1250 	 0.0000 	 0.1000 	 2.0000 
0.6450 	 0.1250 	 0.0000 	 0.1000 	 2.0000 
0.6460 	 0.1250 	 0.0000 	 0.1000 	 2.0000 
0.6470 	 0.1250 	 0.0000 	 0.1000 	 2.0000 
0.6480 	 0.1250 	 0.0000 	 0.1000 	 2.0000 
0.6490 	 0.1250 	 0.0000 	 0.1000 	 2.0000 
0.6500 	 0.1250 	 0.0000 	 0.1000 	 2.0000 
0.6510 	 0.1250 	 0.0000 	 0.1000 	 2.0000 
0.6520 	 0.1250 	 0.0000 	 0.1000 	 2.0000 
0.6530 	 0.1250 	 0.0000 	 0.1000 	 2.0000 
0.6540 	 0.1250 	 0.0000 	 0.1000 	 2.0000 
0.6550 	 0.1250 	 0.0000 	 0.1000 	 2.0000 
0.6560 	 0.1250 	 0.0000 	 0.1000 	 2.0000 
0.6570 	 0.1250 	 0.0000 	 0.1000 	 2.0000 
0.6580 	 0.1250 	 0.0000 	 0.1000 	 2.0000 
0.6590 	 0.1250 	 0.0000 	 0.1000 	 2.0000 
0.6600 	 0.1250 	 0.0000 	 0.1000 	 2.0000 
0.6610 	 0.1250 	 0.0000 	 0.1000 	 2.0000 
0.6620 	 0.1250 	 0.0000 	 0.1000 	 2.0000 
0.6630 	 0.1250 	 0.0000 	 0.1000 	 2.0000 
0.6640 	 0.1250 	 0.0000 	 0.1000 	 2.0000 
0.6650 	 0.1250 	 0.0000 	 0.1000 	 2.0000 
0.6660 	 0.1250 	 0.0000 	 0.1000 	 2.0000 
0.6670 	 0.1250 	 0.0000 	 0.1000 	 2.0000 
0.6680 	 0.1250 	 0.0000 	 0.1000 	 2.0000 
0.6690 	 0.1250 	 0.0000 	 0.1000 	 2.0000 
0.6700 	 0.1250 	 0.0000 	 0.1000 	 2.0000 
0.6710 	 0.1250 	 0.0000 	 0.1000 	 2.0000 
0.6720 	 0.1250 	 0.0000 	 0.1000 	 2.0000 
0.6730 	 0.1250 	 0.0000 	 0.1000 	 2.0000 
0.6740 	 0.1250 	 0.0000 	 0.1000 	 2.0000 
0.6750 	 0.1250 	 0.0000 	 0.1000 	 2.0000 
0.6760 	 0.1250 	 0.0000 	 0.1000 	 2.0000 
0.6770 	 0.1250 	 0.0000 	 0.1000 	 2.0000 
0.6780 	 0.1250 	 0.0000 	 0.1000 	 2.0000 
0.6790 	 0.1250 	 0.0000 	 0.1000 	 2.0000 
0.6800 	 0.1250 	 0.0000 	 0.1000 	 2.0000 
0.6810 	 0.1250 	 0.0000 	 0.1000 	 2.0000 
0.6820 	 0.1250 	 0.0000 	 0.1000 	 2.0000 
0.6830 	 0.1250 	 0.0000 	 0.1000 	 2.0000 
0.6840 	 0.1250 	 0.0000 	 0.1000 	 2.0000 
0.6850 	 0.1250 	 0.0000 	 0.1000 	 2.0000 
0.6860 	 0.1250 	 0.0000 	 0.1000 	 2.0000 
0.6870 	 0.1250 	 0.0000 	 0.1000 	 2.0000 
0.6880 	 0.1250 	 0.0000 	 0.1000 	 2.0000 
0.6890 	 0.1250 	 0.0000 	 0.1000 	 2.0000 
0.6900 	 0.1250 	 0.0000 	 0.1000 	 2.0000 
0.6910 	 0.1250 	 0.0000 	 0.1000 	 2.0000 
0.6920 	 0.1250 	 0.0000 	 0.1000 	 2.0000 
0.6930 	 0.1250 	 0.0000 	 0.1000 	 2.0000 
0.6940 	 0.1250 	 0.0000 	 0.1000 	 2.0000 
0.6950 	 0.1250 	 0.0000 	 0.1000 	 2.0000 
0.6960 	 0.1250 	 0.0000 	 0.1000 	 2.0000 
0.6970 	 0.1250 	 0.0000 	 0.1000 	 2.0000 
0.6980 	 0.1250 	 0.0000 	 0.1000 	 2.0000 
0.6990 	 0.1250 	 0.0000 	 0.1000 	 2.0000 
0.7000 	 0.1250 	 0.0000 	 0.1000 	 2.0000 
0.7010 	 0.1250 	 0.0000 	 0.1000 	 2.0000 
0.7020 	 0.1250 	 0.0000 	 0.1000 	 2.0000 
0.7030 	 0.1250 	 0.0000 	 0.1000 	 2.0000 
0.7040 	 0.1250 	 0.0000 	 0.1000 	 2.0000 
0.7050 	 0.1250 	 0.0000 	 0.1000 	 2.0000 
0.7060 	 0.1250 	 0.0000 	 0.1000 	 2.0000 
0.7070 	 0.1250 	 0.0000 	 0.1000 	 2.0000 
0.7080 	 0.1250 	 0.0000 	 0.1000 	 2.0000 
0.7090 	 0.1250 	 0.0000 	 0.1000 	 2.0000 
0.7100 	 0.1250 	 0.0000 	 0.1000 	 2.0000 
0.7110 	 0.1250 	 0.0000 	 0.1000 	 2.0000 
0.7120 	 0.1250 	 0.0000 	 0.1000 	 2.0000 
0.7130 	 0.1250 	 0.0000 	 0.1000 	 2.0000 
0.7140 	 0.1250 	 0.0000 	 0.1000 	 2.0000 
0.7150 	 0.1250 	 0.0000 	 0.1000 	 2.0000 
0.7160 	 0.1250 	 0.0000 	 0.1000 	 2.0000 
0.7170 	 0.1250 	 0.0000 	 0.1000 	 2.0000 
0.7180 	 0.1250 	 0.0000 	 0.1000 	 2.0000 
0.7190 	 0.1250 	 0.0000 	 0.1000 	 2.0000 
0.7200 	 0.1250 	 0.0000 	 0.1000 	 2.0000 
0.7210 	 0.1250 	 0.0000 	 0.1000 	 2.0000 
0.7220 	 0.1250 	 0.0000 	 0.1000 	 2.0000 
0.7230 	 0.1250 	 0.0000 	 0.1000 	 2.0000 
0.7240 	 0.1250 	 0.0000 	 0.1000 	 2.0000 
0.7250 	 0.1250 	 0.0000 	 0.1000 	 2.0000 
0.7260 	 0.1250 	 0.0000 	 0.1000 	 2.0000 
0.7270 	 0.1250 	 0.0000 	 0.1000 	 2.0000 
0.7280 	 0.1250 	 0.0000 	 0.1000 	 2.0000 
0.7290 	 0.1250 	 0.0000 	 0.1000 	 2.0000 
0.7300 	 0.1250 	 0.0000 	 0.1000 	 2.0000 
0.7310 	 0.1250 	 0.0000 	 0.1000 	 2.0000 
0.7320 	 0.1250 	 0.0000 	 0.1000 	 2.0000 
0.7330 	 0.1250 	 0.0000 	 0.1000 	 2.0000 
0.7340 	 0.1250 	 0.0000 	 0.1000 	 2.0000 
0.7350 	 0.1250 	 0.0000 	 0.1000 	 2.0000 
0.7360 	 0.1250 	 0.0000 	 0.1000 	 2.0000 
0.7370 	 0.1250 	 0.0000 	 0.1000 	 2.0000 
0.7380 	 0.1250 	 0.0000 	 0.1000 	 2.0000 
0.7390 	 0.1250 	 0.0000 	 0.1000 	 2.0000 
0.7400 	 0.1250 	 0.0000 	 0.1000 	 2.0000 
0.7410 	 0.1250 	 0.0000 	 0.1000 	 2.0000 
0.7420 	 0.1250 	 0.0000 	 0.1000 	 2.0000 
0.7430 	 0.1250 	 0.0000 	 0.1000 	 2.0000 
0.7440 	 0.1250 	 0.0000 	 0.1000 	 2.0000 
0.7450 	 0.1250 	 0.0000 	 0.1000 	 2.0000 
0.7460 	 0.1250 	 0.0000 	 0.1000 	 2.0000 
0.7470 	 0.1250 	 0.0000 	 0.1000 	 2.0000 
0.7480 	 0.1250 	 0.0000 	 0.1000 	 2.0000 
0.7490 	 0.1250 	 0.0000 	 0.1000 	 2.0000 
0.7500 	 0.1250 	 0.0000 	 0.1000 	 2.0000 
0.7510 	 0.1250 	 0.0000 	 0.1000 	 2.0000 
0.7520 	 0.1250 	 0.0000 	 0.1000 	 2.0000 
0.7530 	 0.1250 	 0.0000 	 0.1000 	 2.0000 
0.7540 	 0.1250 	 0.0000 	 0.1000 	 2.0000 
0.7550 	 0.1250 	 0.0000 	 0.1000 	 2.0000 
0.7560 	 0.1250 	 0.0000 	 0.1000 	 2.0000 
0.7570 	 0.1250 	 0.0000 	 0.1000 	 2.0000 
0.7580 	 0.1250 	 0.0000 	 0.1000 	 2.0000 
0.7590 	 0.1250 	 0.0000 	 0.1000 	 2.0000 
0.7600 	 0.1250 	 0.0000 	 0.1000 	 2.0000 
0.7610 	 0.1250 	 0.0000 	 0.1000 	 2.0000 
0.7620 	 0.1250 	 0.0000 	 0.1000 	 2.0000 
0.7630 	 0.1250 	 0.0000 	 0.1000 	 2.0000 
0.7640 	 0.1250 	 0.0000 	 0.1000 	 2.0000 
0.7650 	 0.1250 	 0.0000 	 0.1000 	 2.0000 
0.7660 	 0.1250 	 0.0000 	 0.1000 	 2.0000 
0.7670 	 0.1250 	 0.0000 	 0.1000 	 2.0000 
0.7680 	 0.1250 	 0.0000 	 0.1000 	 2.0000 
0.7690 	 0.1250 	 0.0000 	 0.1000 	 2.0000 
0.7700 	 0.1250 	 0.0000 	 0.1000 	 2.0000 
0.7710 	 0.1250 	 0.0000 	 0.1000 	 2.0000 
0.7720 	 0.1250 	 0.0000 	 0.1000 	 2.0000 
0.7730 	 0.1250 	 0.0000 	 0.1000 	 2.0000 
0.7740 	 0.1250 	 0.0000 	 0.1000 	 2.0000 
0.7750 	 0.1250 	 0.0000 	 0.1000 	 2.0000 
0.7760 	 0.1250 	 0.0000 	 0.1000 	 2.0000 
0.7770 	 0.1250 	 0.0000 	 0.1000 	 2.0000 
0.7780 	 0.1250 	 0.0000 	 0.1000 	 2.0000 
0.7790 	 0.1250 	 0.0000 	 0.1000 	 2.0000 
0.7800 	 0.1250 	 0.0000 	 0.1000 	 2.0000 
0.7810 	 0.1250 	 0.0000 	 0.1000 	 2.0000 
0.7820 	 0.1250 	 0.0000 	 0.1000 	 2.0000 
0.7830 	 0.1250 	 0.0000 	 0.1000 	 2.0000 
0.7840 	 0.1250 	 0.0000 	 0.1000 	 2.0000 
0.7850 	 0.1250 	 0.0000 	 0.1000 	 2.0000 
0.7860 	 0.1250 	 0.0000 	 0.1000 	 2.0000 
0.7870 	 0.1250 	 0.0000 	 0.1000 	 2.0000 
0.7880 	 0.1250 	 0.0000 	 0.1000 	 2.0000 
0.7890 	 0.1250 	 0.0000 	 0.1000 	 2.0000 
0.7900 	 0.1250 	 0.0000 	 0.1000 	 2.0000 
0.7910 	 0.1250 	 0.0000 	 0.1000 	 2.0000 
0.7920 	 0.1250 	 0.0000 	 0.1000 	 2.0000 
0.7930 	 0.1250 	 0.0000 	 0.1000 	 2.0000 
0.7940 	 0.1250 	 0.0000 	 0.1000 	 2.0000 
0.7950 	 0.1250 	 0.0000 	 0.1000 	 2.0000 
0.7960 	 0.1250 	 0.0000 	 0.1000 	 2.0000 
0.7970 	 0.1250 	 0.0000 	 0.1000 	 2.0000 
0.7980 	 0.1250 	 0.0000 	 0.1000 	 2.0000 
0.7990 	 0.1250 	 0.0000 	 0.1000 	 2.0000 
0.8000 	 0.1250 	 0.0000 	 0.1000 	 2.0000 
0.8010 	 0.1250 	 0.0000 	 0.1000 	 2.0000 
0.8020 	 0.1250 	 0.0000 	 0.1000 	 2.0000 
0.8030 	 0.1250 	 0.0000 	 0.1000 	 2.0000 
0.8040 	 0.1250 	 0.0000 	 0.1000 	 2.0000 
0.8050 	 0.1250 	 0.0000 	 0.1000 	 2.0000 
0.8060 	 0.1250 	 0.0000 	 0.1000 	 2.0000 
0.8070 	 0.1250 	 0.0000 	 0.1000 	 2.0000 
0.8080 	 0.1250 	 0.0000 	 0.1000 	 2.0000 
0.8090 	 0.1250 	 0.0000 	 0.1000 	 2.0000 
0.8100 	 0.1250 	 0.0000 	 0.1000 	 2.0000 
0.8110 	 0.1250 	 0.0000 	 0.1000 	 2.0000 
0.8120 	 0.1250 	 0.0000 	 0.1000 	 2.0000 
0.8130 	 0.1250 	 0.0000 	 0.1000 	 2.0000 
0.8140 	 0.1250 	 0.0000 	 0.1000 	 2.0000 
0.8150 	 0.1250 	 0.0000 	 0.1000 	 2.0000 
0.8160 	 0.1250 	 0.0000 	 0.1000 	 2.0000 
0.8170 	 0.1250 	 0.0000 	 0.1000 	 2.0000 
0.8180 	 0.1250 	 0.0000 	 0.1000 	 2.0000 
0.8190 	 0.1250 	 0.0000 	 0.1000 	 2.0000 
0.8200 	 0.1250 	 0.0000 	 0.1000 	 2.0000 
0.8210 	 0.1250 	 0.0000 	 0.1000 	 2.0000 
0.8220 	 0.1250 	 0.0000 	 0.1000 	 2.0000 
0.8230 	 0.1250 	 0.0000 	 0.1000 	 2.0000 
0.8240 	 0.1250 	 0.0000 	 0.1000 	 2.0000 
0.8250 	 0.1250 	 0.0000 	 0.1000 	 2.0000 
0.8260 	 0.1250 	 0.0000 	 0.1000 	 2.0000 
0.8270 	 0.1250 	 0.0000 	 0.1000 	 2.0000 
0.8280 	 0.1250 	 0.0000 	 0.1000 	 2.0000 
0.8290 	 0.1250 	 0.0000 	 0.1000 	 2.0000 
0.8300 	 0.1250 	 0.0000 	 0.1000 	 2.0000 
0.8310 	 0.1250 	 0.0000 	 0.1000 	 2.0000 
0.8320 	 0.1250 	 0.0000 	 0.1000 	 2.0000 
0.8330 	 0.1250 	 0.0000 	 0.1000 	 2.0000 
0.8340 	 0.1250 	 0.0000 	 0.1000 	 2.0000 
0.8350 	 0.1250 	 0.0000 	 0.1000 	 2.0000 
0.8360 	 0.1250 	 0.0000 	 0.1000 	 2.0000 
0.8370 	 0.1250 	 0.0000 	 0.1000 	 2.0000 
0.8380 	 0.1250 	 0.0000 	 0.1000 	 2.0000 
0.8390 	 0.1250 	 0.0000 	 0.1000 	 2.0000 
0.8400 	 0.1250 	 0.0000 	 0.1000 	 2.0000 
0.8410 	 0.1250 	 0.0000 	 0.1000 	 2.0000 
0.8420 	 0.1250 	 0.0000 	 0.1000 	 2.0000 
0.8430 	 0.1250 	 0.0000 	 0.1000 	 2.0000 
0.8440 	 0.1250 	 0.0000 	 0.1000 	 2.0000 
0.8450 	 0.1250 	 0.0000 	 0.1000 	 2.0000 
0.8460 	 0.1250 	 0.0000 	 0.1000 	 2.0000 
0.8470 	 0.1250 	 0.0000 	 0.1000 	 2.0000 
0.8480 	 0.1250 	 0.0000 	 0.1000 	 2.0000 
0.8490 	 0.1250 	 0.0000 	 0.1000 	 2.0000 
0.8500 	 0.1250 	 0.0000 	 0.1000 	 2.0000 
0.8510 	 0.1250 	 0.0000 	 0.1000 	 2.0000 
0.8520 	 0.1250 	 0.0000 	 0.1000 	 2.0000 
0.8530 	 0.1250 	 0.0000 	 0.1000 	 2.0000 
0.8540 	 0.1250 	 0.0000 	 0.1000 	 2.0000 
0.8550 	 0.1250 	 0.0000 	 0.1000 	 2.0000 
0.8560 	 0.1250 	 0.0000 	 0.1000 	 2.0000 
0.8570 	 0.1250 	 0.0000 	 0.1000 	 2.0000 
0.8580 	 0.1250 	 0.0000 	 0.1000 	 2.0000 
0.8590 	 0.1250 	 0.0000 	 0.1000 	 2.0000 
0.8600 	 0.1250 	 0.0000 	 0.1000 	 2.0000 
0.8610 	 0.1250 	 0.0000 	 0.1000 	 2.0000 
0.8620 	 0.1250 	 0.0000 	 0.1000 	 2.0000 
0.8630 	 0.1250 	 0.0000 	 0.1000 	 2.0000 
0.8640 	 0.1250 	 0.0000 	 0.1000 	 2.0000 
0.8650 	 0.1250 	 0.0000 	 0.1000 	 2.0000 
0.8660 	 0.1250 	 0.0000 	 0.1000 	 2.0000 
0.8670 	 0.1250 	 0.0000 	 0.1000 	 2.0000 
0.8680 	 0.1250 	 0.0000 	 0.1000 	 2.0000 
0.8690 	 0.1250 	 0.0000 	 0.1000 	 2.0000 
0.8700 	 0.1250 	 0.0000 	 0.1000 	 2.0000 
0.8710 	 0.1250 	 0.0000 	 0.1000 	 2.0000 
0.8720 	 0.1250 	 0.0000 	 0.1000 	 2.0000 
0.8730 	 0.1250 	 0.0000 	 0.1000 	 2.0000 
0.8740 	 0.1250 	 0.0000 	 0.1000 	 2.0000 
0.8750 	 0.1250 	 0.0000 	 0.1000 	 2.0000 
0.8760 	 0.1250 	 0.0000 	 0.1000 	 2.0000 
0.8770 	 0.1250 	 0.0000 	 0.1000 	 2.0000 
0.8780 	 0.1250 	 0.0000 	 0.1000 	 2.0000 
0.8790 	 0.1250 	 0.0000 	 0.1000 	 2.0000 
0.8800 	 0.1250 	 0.0000 	 0.1000 	 2.0000 
0.8810 	 0.1250 	 0.0000 	 0.1000 	 2.0000 
0.8820 	 0.1250 	 0.0000 	 0.1000 	 2.0000 
0.8830 	 0.1250 	 0.0000 	 0.1000 	 2.0000 
0.8840 	 0.1250 	 0.0000 	 0.1000 	 2.0000 
0.8850 	 0.1250 	 0.0000 	 0.1000 	 2.0000 
0.8860 	 0.1250 	 0.0000 	 0.1000 	 2.0000 
0.8870 	 0.1250 	 0.0000 	 0.1000 	 2.0000 
0.8880 	 0.1250 	 0.0000 	 0.1000 	 2.0000 
0.8890 	 0.1250 	 0.0000 	 0.1000 	 2.0000 
0.8900 	 0.1250 	 0.0000 	 0.1000 	 2.0000 
0.8910 	 0.1250 	 0.0000 	 0.1000 	 2.0000 
0.8920 	 0.1250 	 0.0000 	 0.1000 	 2.0000 
0.8930 	 0.1250 	 0.0000 	 0.1000 	 2.0000 
0.8940 	 0.1250 	 0.0000 	 0.1000 	 2.0000 
0.8950 	 0.1250 	 0.0000 	 0.1000 	 2.0000 
0.8960 	 0.1250 	 0.0000 	 0.1000 	 2.0000 
0.8970 	 0.1250 	 0.0000 	 0.1000 	 2.0000 
0.8980 	 0.1250 	 0.0000 	 0.1000 	 2.0000 
0.8990 	 0.1250 	 0.0000 	 0.1000 	 2.0000 
0.9000 	 0.1250 	 0.0000 	 0.1000 	 2.0000 
0.9010 	 0.1250 	 0.0000 	 0.1000 	 2.0000 
0.9020 	 0.1250 	 0.0000 	 0.1000 	 2.0000 
0.9030 	 0.1250 	 0.0000 	 0.1000 	 2.0000 
0.9040 	 0.1250 	 0.0000 	 0.1000 	 2.0000 
0.9050 	 0.1250 	 0.0000 	 0.1000 	 2.0000 
0.9060 	 0.1250 	 0.0000 	 0.1000 	 2.0000 
0.9070 	 0.1250 	 0.0000 	 0.1000 	 2.0000 
0.9080 	 0.1250 	 0.0000 	 0.1000 	 2.0000 
0.9090 	 0.1250 	 0.0000 	 0.1000 	 2.0000 
0.9100 	 0.1250 	 0.0000 	 0.1000 	 2.0000 
0.9110 	 0.1250 	 0.0000 	 0.1000 	 2.0000 
0.9120 	 0.1250 	 0.0000 	 0.1000 	 2.0000 
0.9130 	 0.1250 	 0.0000 	 0.1000 	 2.0000 
0.9140 	 0.1250 	 0.0000 	 0.1000 	 2.0000 
0.9150 	 0.1250 	 0.0000 	 0.1000 	 2.0000 
0.9160 	 0.1250 	 0.0000 	 0.1000 	 2.0000 
0.9170 	 0.1250 	 0.0000 	 0.1000 	 2.0000 
0.9180 	 0.1250 	 0.0000 	 0.1000 	 2.0000 
0.9190 	 0.1250 	 0.0000 	 0.1000 	 2.0000 
0.9200 	 0.1250 	 0.0000 	 0.1000 	 2.0000 
0.9210 	 0.1250 	 0.0000 	 0.1000 	 2.0000 
0.9220 	 0.1250 	 0.0000 	 0.1000 	 2.0000 
0.9230 	 0.1250 	 0.0000 	 0.1000 	 2.0000 
0.9240 	 0.1250 	 0.0000 	 0.1000 	 2.0000 
0.9250 	 0.1250 	 0.0000 	 0.1000 	 2.0000 
0.9260 	 0.1250 	 0.0000 	 0.1000 	 2.0000 
0.9270 	 0.1250 	 0.0000 	 0.1000 	 2.0000 
0.9280 	 0.1250 	 0.0000 	 0.1000 	 2.0000 
0.9290 	 0.1250 	 0.0000 	 0.1000 	 2.0000 
0.9300 	 0.1250 	 0.0000 	 0.1000 	 2.0000 
0.9310 	 0.1250 	 0.0000 	 0.1000 	 2.0000 
0.9320 	 0.1250 	 0.0000 	 0.1000 	 2.0000 
0.9330 	 0.1250 	 0.0000 	 0.1000 	 2.0000 
0.9340 	 0.1250 	 0.0000 	 0.1000 	 2.0000 
0.9350 	 0.1250 	 0.0000 	 0.1000 	 2.0000 
0.9360 	 0.1250 	 0.0000 	 0.1000 	 2.0000 
0.9370 	 0.1250 	 0.0000 	 0.1000 	 2.0000 
0.9380 	 0.1250 	 0.0000 	 0.1000 	 2.0000 
0.9390 	 0.1250 	 0.0000 	 0.1000 	 2.0000 
0.9400 	 0.1250 	 0.0000 	 0.1000 	 2.0000 
0.9410 	 0.1250 	 0.0000 	 0.1000 	 2.0000 
0.9420 	 0.1250 	 0.0000 	 0.1000 	 2.0000 
0.9430 	 0.1250 	 0.0000 	 0.1000 	 2.0000 
0.9440 	 0.1250 	 0.0000 	 0.1000 	 2.0000 
0.9450 	 0.1250 	 0.0000 	 0.1000 	 2.0000 
0.9460 	 0.1250 	 0.0000 	 0.1000 	 2.0000 
0.9470 	 0.1250 	 0.0000 	 0.1000 	 2.0000 
0.9480 	 0.1250 	 0.0000 	 0.1000 	 2.0000 
0.9490 	 0.1250 	 0.0000 	 0.1000 	 2.0000 
0.9500 	 0.1250 	 0.0000 	 0.1000 	 2.0000 
0.9510 	 0.1250 	 0.0000 	 0.1000 	 2.0000 
0.9520 	 0.1250 	 0.0000 	 0.1000 	 2.0000 
0.9530 	 0.1250 	 0.0000 	 0.1000 	 2.0000 
0.9540 	 0.1250 	 0.0000 	 0.1000 	 2.0000 
0.9550 	 0.1250 	 0.0000 	 0.1000 	 2.0000 
0.9560 	 0.1250 	 0.0000 	 0.1000 	 2.0000 
0.9570 	 0.1250 	 0.0000 	 0.1000 	 2.0000 
0.9580 	 0.1250 	 0.0000 	 0.1000 	 2.0000 
0.9590 	 0.1250 	 0.0000 	 0.1000 	 2.0000 
0.9600 	 0.1250 	 0.0000 	 0.1000 	 2.0000 
0.9610 	 0.1250 	 0.0000 	 0.1000 	 2.0000 
0.9620 	 0.1250 	 0.0000 	 0.1000 	 2.0000 
0.9630 	 0.1250 	 0.0000 	 0.1000 	 2.0000 
0.9640 	 0.1250 	 0.0000 	 0.1000 	 2.0000 
0.9650 	 0.1250 	 0.0000 	 0.1000 	 2.0000 
0.9660 	 0.1250 	 0.0000 	 0.1000 	 2.0000 
0.9670 	 0.1250 	 0.0000 	 0.1000 	 2.0000 
0.9680 	 0.1250 	 0.0000 	 0.1000 	 2.0000 
0.9690 	 0.1250 	 0.0000 	 0.1000 	 2.0000 
0.9700 	 0.1250 	 0.0000 	 0.1000 	 2.0000 
0.9710 	 0.1250 	 0.0000 	 0.1000 	 2.0000 
0.9720 	 0.1250 	 0.0000 	 0.1000 	 2.0000 
0.9730 	 0.1250 	 0.0000 	 0.1000 	 2.0000 
0.9740 	 0.1250 	 0.0000 	 0.1000 	 2.0000 
0.9750 	 0.1250 	 0.0000 	 0.1000 	 2.0000 
0.9760 	 0.1250 	 0.0000 	 0.1000 	 2.0000 
0.9770 	 0.1250 	 0.0000 	 0.1000 	 2.0000 
0.9780 	 0.1250 	 0.0000 	 0.1000 	 2.0000 
0.9790 	 0.1250 	 0.0000 	 0.1000 	 2.0000 
0.9800 	 0.1250 	 0.0000 	 0.1000 	 2.0000 
0.9810 	 0.1250 	 0.0000 	 0.1000 	 2.0000 
0.9820 	 0.1250 	 0.0000 	 0.1000 	 2.0000 
0.9830 	 0.1250 	 0.0000 	 0.1000 	 2.0000 
0.9840 	 0.1250 	 0.0000 	 0.1000 	 2.0000 
0.9850 	 0.1250 	 0.0000 	 0.1000 	 2.0000 
0.9860 	 0.1250 	 0.0000 	 0.1000 	 2.0000 
0.9870 	 0.1250 	 0.0000 	 0.1000 	 2.0000 
0.9880 	 0.1250 	 0.0000 	 0.1000 	 2.0000 
0.9890 	 0.1250 	 0.0000 	 0.1000 	 2.0000 
0.9900 	 0.1250 	 0.0000 	 0.1000 	 2.0000 
0.9910 	 0.1250 	 0.0000 	 0.1000 	 2.0000 
0.9920 	 0.1250 	 0.0000 	 0.1000 	 2.0000 
0.9930 	 0.1250 	 0.0000 	 0.1000 	 2.0000 
0.9940 	 0.1250 	 0.0000 	 0.1000 	 2.0000 
0.9950 	 0.1250 	 0.0000 	 0.1000 	 2.0000 
0.9960 	 0.1250 	 0.0000 	 0.1000 	 2.0000 
0.9970 	 0.1250 	 0.0000 	 0.1000 	 2.0000 
0.9980 	 0.1250 	 0.0000 	 0.1000 	 2.0000 
0.9990 	 0.1250 	 0.0000 	 0.1000 	 2.0000 
0.0000 	 0.0000 	 -nan 	 -nan 	 -nan 
