0.0000 	 0.9999 	 -2.0000 	 0.4000 	 1.0000 
0.0100 	 0.9998 	 -1.9998 	 0.3999 	 0.9999 
0.0200 	 0.9993 	 -1.9994 	 0.3996 	 0.9997 
0.0300 	 0.9978 	 -1.9984 	 0.3988 	 0.9991 
0.0400 	 0.9946 	 -1.9959 	 0.3970 	 0.9978 
0.0500 	 0.9882 	 -1.9912 	 0.3934 	 0.9953 
0.0600 	 0.9776 	 -1.9831 	 0.3875 	 0.9911 
0.0700 	 0.9616 	 -1.9710 	 0.3787 	 0.9847 
0.0800 	 0.9400 	 -1.9543 	 0.3670 	 0.9761 
0.0900 	 0.9130 	 -1.9332 	 0.3525 	 0.9653 
0.1000 	 0.8813 	 -1.9078 	 0.3358 	 0.9525 
0.1100 	 0.8460 	 -1.8788 	 0.3175 	 0.9382 
0.1200 	 0.8078 	 -1.8465 	 0.2981 	 0.9226 
0.1300 	 0.7678 	 -1.8115 	 0.2783 	 0.9061 
0.1400 	 0.7265 	 -1.7742 	 0.2584 	 0.8891 
0.1500 	 0.6847 	 -1.7349 	 0.2388 	 0.8717 
0.1600 	 0.6428 	 -1.6940 	 0.2197 	 0.8544 
0.1700 	 0.6012 	 -1.6515 	 0.2013 	 0.8372 
0.1800 	 0.5602 	 -1.6078 	 0.1838 	 0.8204 
0.1900 	 0.5200 	 -1.5628 	 0.1673 	 0.8042 
0.2000 	 0.4810 	 -1.5168 	 0.1517 	 0.7886 
0.2100 	 0.4431 	 -1.4698 	 0.1372 	 0.7739 
0.2200 	 0.4067 	 -1.4218 	 0.1236 	 0.7600 
0.2300 	 0.3719 	 -1.3730 	 0.1111 	 0.7470 
0.2400 	 0.3388 	 -1.3233 	 0.0996 	 0.7351 
0.2500 	 0.3076 	 -1.2728 	 0.0891 	 0.7242 
0.2600 	 0.2782 	 -1.2215 	 0.0795 	 0.7143 
0.2700 	 0.2507 	 -1.1696 	 0.0708 	 0.7056 
0.2800 	 0.2253 	 -1.1169 	 0.0629 	 0.6979 
0.2900 	 0.2017 	 -1.0637 	 0.0558 	 0.6914 
0.3000 	 0.1802 	 -1.0098 	 0.0494 	 0.6859 
0.3100 	 0.1605 	 -0.9555 	 0.0438 	 0.6816 
0.3200 	 0.1427 	 -0.9007 	 0.0387 	 0.6785 
0.3300 	 0.1266 	 -0.8455 	 0.0343 	 0.6765 
0.3400 	 0.1121 	 -0.7901 	 0.0303 	 0.6759 
0.3500 	 0.0992 	 -0.7346 	 0.0268 	 0.6765 
0.3600 	 0.0877 	 -0.6791 	 0.0238 	 0.6786 
0.3700 	 0.0776 	 -0.6237 	 0.0212 	 0.6822 
0.3800 	 0.0686 	 -0.5685 	 0.0189 	 0.6876 
0.3900 	 0.0608 	 -0.5137 	 0.0169 	 0.6948 
0.4000 	 0.0539 	 -0.4596 	 0.0152 	 0.7042 
0.4100 	 0.0479 	 -0.4064 	 0.0137 	 0.7158 
0.4200 	 0.0427 	 -0.3543 	 0.0125 	 0.7299 
0.4300 	 0.0382 	 -0.3036 	 0.0114 	 0.7469 
0.4400 	 0.0343 	 -0.2548 	 0.0105 	 0.7669 
0.4500 	 0.0310 	 -0.2081 	 0.0098 	 0.7903 
0.4600 	 0.0281 	 -0.1641 	 0.0092 	 0.8175 
0.4700 	 0.0258 	 -0.1231 	 0.0087 	 0.8489 
0.4800 	 0.0238 	 -0.0853 	 0.0084 	 0.8854 
0.4900 	 0.0221 	 -0.0504 	 0.0082 	 0.9293 
0.5000 	 0.0205 	 -0.0172 	 0.0081 	 0.9892 
0.5100 	 0.0219 	 0.0151 	 0.0081 	 0.9243 
0.5200 	 0.0228 	 0.0479 	 0.0082 	 0.8974 
0.5300 	 0.0242 	 0.0830 	 0.0084 	 0.8687 
0.5400 	 0.0260 	 0.1210 	 0.0087 	 0.8410 
0.5500 	 0.0282 	 0.1622 	 0.0092 	 0.8148 
0.5600 	 0.0310 	 0.2064 	 0.0098 	 0.7906 
0.5700 	 0.0342 	 0.2533 	 0.0105 	 0.7688 
0.5800 	 0.0381 	 0.3024 	 0.0114 	 0.7494 
0.5900 	 0.0426 	 0.3532 	 0.0125 	 0.7327 
0.6000 	 0.0478 	 0.4055 	 0.0137 	 0.7184 
0.6100 	 0.0537 	 0.4589 	 0.0152 	 0.7066 
0.6200 	 0.0606 	 0.5132 	 0.0169 	 0.6969 
0.6300 	 0.0685 	 0.5681 	 0.0189 	 0.6894 
0.6400 	 0.0774 	 0.6234 	 0.0212 	 0.6837 
0.6500 	 0.0876 	 0.6788 	 0.0238 	 0.6798 
0.6600 	 0.0991 	 0.7344 	 0.0268 	 0.6776 
0.6700 	 0.1120 	 0.7899 	 0.0303 	 0.6767 
0.6800 	 0.1264 	 0.8454 	 0.0343 	 0.6773 
0.6900 	 0.1425 	 0.9005 	 0.0387 	 0.6791 
0.7000 	 0.1604 	 0.9554 	 0.0438 	 0.6821 
0.7100 	 0.1801 	 1.0098 	 0.0494 	 0.6863 
0.7200 	 0.2017 	 1.0637 	 0.0558 	 0.6917 
0.7300 	 0.2252 	 1.1170 	 0.0629 	 0.6982 
0.7400 	 0.2507 	 1.1696 	 0.0708 	 0.7058 
0.7500 	 0.2782 	 1.2216 	 0.0795 	 0.7145 
0.7600 	 0.3076 	 1.2729 	 0.0891 	 0.7243 
0.7700 	 0.3389 	 1.3234 	 0.0997 	 0.7352 
0.7800 	 0.3720 	 1.3731 	 0.1112 	 0.7471 
0.7900 	 0.4068 	 1.4219 	 0.1237 	 0.7601 
0.8000 	 0.4432 	 1.4699 	 0.1372 	 0.7739 
0.8100 	 0.4810 	 1.5169 	 0.1518 	 0.7887 
0.8200 	 0.5201 	 1.5629 	 0.1673 	 0.8042 
0.8300 	 0.5603 	 1.6078 	 0.1839 	 0.8205 
0.8400 	 0.6013 	 1.6516 	 0.2014 	 0.8373 
0.8500 	 0.6429 	 1.6941 	 0.2197 	 0.8544 
0.8600 	 0.6848 	 1.7350 	 0.2388 	 0.8718 
0.8700 	 0.7266 	 1.7743 	 0.2584 	 0.8891 
0.8800 	 0.7678 	 1.8116 	 0.2783 	 0.9061 
0.8900 	 0.8079 	 1.8465 	 0.2981 	 0.9226 
0.9000 	 0.8460 	 1.8788 	 0.3175 	 0.9382 
0.9100 	 0.8814 	 1.9078 	 0.3358 	 0.9525 
0.9200 	 0.9130 	 1.9332 	 0.3525 	 0.9653 
0.9300 	 0.9400 	 1.9543 	 0.3670 	 0.9761 
0.9400 	 0.9616 	 1.9710 	 0.3788 	 0.9847 
0.9500 	 0.9776 	 1.9831 	 0.3875 	 0.9911 
0.9600 	 0.9882 	 1.9912 	 0.3934 	 0.9953 
0.9700 	 0.9946 	 1.9959 	 0.3970 	 0.9978 
0.9800 	 0.9978 	 1.9984 	 0.3988 	 0.9991 
0.9900 	 0.9993 	 1.9994 	 0.3996 	 0.9997 
