0.0000 	 1.0000 	 0.0000 	 1.0000 	 2.5000 
0.0100 	 1.0000 	 0.0000 	 1.0000 	 2.5000 
0.0200 	 1.0000 	 0.0000 	 1.0000 	 2.5000 
0.0300 	 1.0000 	 0.0000 	 1.0000 	 2.5000 
0.0400 	 1.0000 	 0.0000 	 1.0000 	 2.5000 
0.0500 	 1.0000 	 0.0000 	 1.0000 	 2.5000 
0.0600 	 1.0000 	 0.0000 	 1.0000 	 2.5000 
0.0700 	 1.0000 	 0.0000 	 1.0000 	 2.5000 
0.0800 	 1.0000 	 0.0000 	 1.0000 	 2.5000 
0.0900 	 1.0000 	 0.0000 	 1.0000 	 2.5000 
0.1000 	 1.0000 	 0.0000 	 1.0000 	 2.5000 
0.1100 	 1.0000 	 0.0000 	 1.0000 	 2.5000 
0.1200 	 1.0000 	 0.0000 	 1.0000 	 2.5000 
0.1300 	 1.0000 	 0.0000 	 1.0000 	 2.5000 
0.1400 	 1.0000 	 0.0000 	 1.0000 	 2.5000 
0.1500 	 1.0000 	 0.0000 	 1.0000 	 2.5000 
0.1600 	 1.0000 	 0.0000 	 1.0000 	 2.5000 
0.1700 	 1.0000 	 0.0000 	 1.0000 	 2.5000 
0.1800 	 1.0000 	 0.0000 	 1.0000 	 2.5000 
0.1900 	 1.0000 	 0.0000 	 1.0000 	 2.5000 
0.2000 	 1.0000 	 0.0000 	 1.0000 	 2.5000 
0.2100 	 0.9999 	 0.0001 	 0.9999 	 2.4999 
0.2200 	 0.9997 	 0.0003 	 0.9996 	 2.4997 
0.2300 	 0.9992 	 0.0009 	 0.9989 	 2.4992 
0.2400 	 0.9980 	 0.0024 	 0.9972 	 2.4980 
0.2500 	 0.9954 	 0.0055 	 0.9935 	 2.4954 
0.2600 	 0.9902 	 0.0116 	 0.9864 	 2.4902 
0.2700 	 0.9816 	 0.0220 	 0.9743 	 2.4815 
0.2800 	 0.9685 	 0.0378 	 0.9562 	 2.4683 
0.2900 	 0.9506 	 0.0597 	 0.9316 	 2.4501 
0.3000 	 0.9284 	 0.0873 	 0.9013 	 2.4271 
0.3100 	 0.9027 	 0.1199 	 0.8667 	 2.4002 
0.3200 	 0.8747 	 0.1564 	 0.8292 	 2.3702 
0.3300 	 0.8451 	 0.1959 	 0.7903 	 2.3379 
0.3400 	 0.8145 	 0.2379 	 0.7506 	 2.3038 
0.3500 	 0.7839 	 0.2813 	 0.7113 	 2.2687 
0.3600 	 0.7539 	 0.3251 	 0.6736 	 2.2337 
0.3700 	 0.7248 	 0.3689 	 0.6375 	 2.1988 
0.3800 	 0.6966 	 0.4128 	 0.6031 	 2.1643 
0.3900 	 0.6694 	 0.4565 	 0.5703 	 2.1300 
0.4000 	 0.6431 	 0.5001 	 0.5392 	 2.0962 
0.4100 	 0.6177 	 0.5436 	 0.5097 	 2.0628 
0.4200 	 0.5933 	 0.5867 	 0.4817 	 2.0297 
0.4300 	 0.5698 	 0.6296 	 0.4552 	 1.9973 
0.4400 	 0.5472 	 0.6721 	 0.4302 	 1.9654 
0.4500 	 0.5257 	 0.7141 	 0.4067 	 1.9340 
0.4600 	 0.5052 	 0.7552 	 0.3847 	 1.9036 
0.4700 	 0.4859 	 0.7951 	 0.3644 	 1.8746 
0.4800 	 0.4682 	 0.8328 	 0.3460 	 1.8473 
0.4900 	 0.4527 	 0.8670 	 0.3300 	 1.8223 
0.5000 	 0.4403 	 0.8953 	 0.3173 	 1.8016 
0.5100 	 0.4317 	 0.9146 	 0.3088 	 1.7881 
0.5200 	 0.4277 	 0.9235 	 0.3050 	 1.7824 
0.5300 	 0.4269 	 0.9253 	 0.3042 	 1.7816 
0.5400 	 0.4268 	 0.9255 	 0.3041 	 1.7815 
0.5500 	 0.4264 	 0.9265 	 0.3037 	 1.7807 
0.5600 	 0.4262 	 0.9271 	 0.3035 	 1.7803 
0.5700 	 0.4260 	 0.9275 	 0.3033 	 1.7802 
0.5800 	 0.4257 	 0.9277 	 0.3033 	 1.7810 
0.5900 	 0.4252 	 0.9278 	 0.3032 	 1.7829 
0.6000 	 0.4245 	 0.9280 	 0.3031 	 1.7852 
0.6100 	 0.4240 	 0.9280 	 0.3032 	 1.7877 
0.6200 	 0.4232 	 0.9280 	 0.3032 	 1.7910 
0.6300 	 0.4215 	 0.9281 	 0.3032 	 1.7983 
0.6400 	 0.4173 	 0.9281 	 0.3032 	 1.8164 
0.6500 	 0.4079 	 0.9280 	 0.3032 	 1.8585 
0.6600 	 0.3895 	 0.9280 	 0.3033 	 1.9462 
0.6700 	 0.3589 	 0.9281 	 0.3033 	 2.1126 
0.6800 	 0.3202 	 0.9282 	 0.3033 	 2.3679 
0.6900 	 0.2937 	 0.9282 	 0.3033 	 2.5815 
0.7000 	 0.2788 	 0.9282 	 0.3033 	 2.7204 
0.7100 	 0.2712 	 0.9282 	 0.3034 	 2.7966 
0.7200 	 0.2678 	 0.9283 	 0.3034 	 2.8329 
0.7300 	 0.2663 	 0.9286 	 0.3034 	 2.8481 
0.7400 	 0.2658 	 0.9287 	 0.3034 	 2.8539 
0.7500 	 0.2657 	 0.9287 	 0.3035 	 2.8558 
0.7600 	 0.2657 	 0.9289 	 0.3035 	 2.8561 
0.7700 	 0.2657 	 0.9289 	 0.3036 	 2.8564 
0.7800 	 0.2658 	 0.9290 	 0.3037 	 2.8565 
0.7900 	 0.2658 	 0.9297 	 0.3036 	 2.8562 
0.8000 	 0.2659 	 0.9296 	 0.3038 	 2.8568 
0.8100 	 0.2660 	 0.9291 	 0.3039 	 2.8563 
0.8200 	 0.2624 	 0.9140 	 0.2985 	 2.8443 
0.8300 	 0.1980 	 0.5804 	 0.2028 	 2.5613 
0.8400 	 0.1300 	 0.0437 	 0.1059 	 2.0358 
0.8500 	 0.1251 	 0.0009 	 0.1001 	 2.0007 
0.8600 	 0.1250 	 0.0000 	 0.1000 	 2.0000 
0.8700 	 0.1250 	 0.0000 	 0.1000 	 2.0000 
0.8800 	 0.1250 	 0.0000 	 0.1000 	 2.0000 
0.8900 	 0.1250 	 0.0000 	 0.1000 	 2.0000 
0.9000 	 0.1250 	 0.0000 	 0.1000 	 2.0000 
0.9100 	 0.1250 	 0.0000 	 0.1000 	 2.0000 
0.9200 	 0.1250 	 0.0000 	 0.1000 	 2.0000 
0.9300 	 0.1250 	 0.0000 	 0.1000 	 2.0000 
0.9400 	 0.1250 	 0.0000 	 0.1000 	 2.0000 
0.9500 	 0.1250 	 0.0000 	 0.1000 	 2.0000 
0.9600 	 0.1250 	 0.0000 	 0.1000 	 2.0000 
0.9700 	 0.1250 	 0.0000 	 0.1000 	 2.0000 
0.9800 	 0.1250 	 0.0000 	 0.1000 	 2.0000 
0.9900 	 0.1250 	 0.0000 	 0.1000 	 2.0000 
0.0000 	 0.1250 	 0.0000 	 0.1000 	 2.0000 
