0.0000 	 0.9998 	 -1.9999 	 0.3999 	 0.9999 
0.0100 	 0.9994 	 -1.9995 	 0.3996 	 0.9997 
0.0200 	 0.9981 	 -1.9986 	 0.3989 	 0.9992 
0.0300 	 0.9952 	 -1.9964 	 0.3973 	 0.9981 
0.0400 	 0.9895 	 -1.9921 	 0.3942 	 0.9958 
0.0500 	 0.9798 	 -1.9848 	 0.3887 	 0.9919 
0.0600 	 0.9649 	 -1.9735 	 0.3806 	 0.9860 
0.0700 	 0.9446 	 -1.9579 	 0.3695 	 0.9779 
0.0800 	 0.9190 	 -1.9379 	 0.3557 	 0.9677 
0.0900 	 0.8887 	 -1.9137 	 0.3396 	 0.9555 
0.1000 	 0.8545 	 -1.8859 	 0.3219 	 0.9416 
0.1100 	 0.8175 	 -1.8547 	 0.3030 	 0.9265 
0.1200 	 0.7785 	 -1.8209 	 0.2835 	 0.9104 
0.1300 	 0.7381 	 -1.7847 	 0.2639 	 0.8936 
0.1400 	 0.6971 	 -1.7466 	 0.2444 	 0.8766 
0.1500 	 0.6559 	 -1.7067 	 0.2255 	 0.8594 
0.1600 	 0.6149 	 -1.6653 	 0.2072 	 0.8423 
0.1700 	 0.5744 	 -1.6227 	 0.1897 	 0.8255 
0.1800 	 0.5346 	 -1.5788 	 0.1730 	 0.8092 
0.1900 	 0.4958 	 -1.5340 	 0.1574 	 0.7935 
0.2000 	 0.4582 	 -1.4881 	 0.1427 	 0.7785 
0.2100 	 0.4219 	 -1.4413 	 0.1290 	 0.7643 
0.2200 	 0.3871 	 -1.3936 	 0.1163 	 0.7510 
0.2300 	 0.3538 	 -1.3452 	 0.1045 	 0.7386 
0.2400 	 0.3223 	 -1.2959 	 0.0938 	 0.7272 
0.2500 	 0.2925 	 -1.2459 	 0.0839 	 0.7169 
0.2600 	 0.2646 	 -1.1952 	 0.0749 	 0.7076 
0.2700 	 0.2386 	 -1.1438 	 0.0667 	 0.6993 
0.2800 	 0.2145 	 -1.0918 	 0.0594 	 0.6921 
0.2900 	 0.1922 	 -1.0392 	 0.0527 	 0.6859 
0.3000 	 0.1719 	 -0.9861 	 0.0468 	 0.6809 
0.3100 	 0.1533 	 -0.9325 	 0.0415 	 0.6769 
0.3200 	 0.1364 	 -0.8785 	 0.0368 	 0.6741 
0.3300 	 0.1212 	 -0.8243 	 0.0326 	 0.6725 
0.3400 	 0.1076 	 -0.7698 	 0.0289 	 0.6721 
0.3500 	 0.0953 	 -0.7153 	 0.0257 	 0.6729 
0.3600 	 0.0845 	 -0.6608 	 0.0228 	 0.6752 
0.3700 	 0.0749 	 -0.6064 	 0.0203 	 0.6791 
0.3800 	 0.0664 	 -0.5522 	 0.0182 	 0.6846 
0.3900 	 0.0589 	 -0.4986 	 0.0163 	 0.6920 
0.4000 	 0.0524 	 -0.4456 	 0.0147 	 0.7015 
0.4100 	 0.0467 	 -0.3935 	 0.0133 	 0.7132 
0.4200 	 0.0417 	 -0.3427 	 0.0121 	 0.7274 
0.4300 	 0.0374 	 -0.2932 	 0.0111 	 0.7444 
0.4400 	 0.0336 	 -0.2457 	 0.0103 	 0.7644 
0.4500 	 0.0304 	 -0.2004 	 0.0096 	 0.7878 
0.4600 	 0.0277 	 -0.1577 	 0.0090 	 0.8150 
0.4700 	 0.0254 	 -0.1182 	 0.0086 	 0.8463 
0.4800 	 0.0235 	 -0.0818 	 0.0083 	 0.8828 
0.4900 	 0.0218 	 -0.0483 	 0.0081 	 0.9266 
0.5000 	 0.0203 	 -0.0165 	 0.0080 	 0.9861 
0.5100 	 0.0217 	 0.0144 	 0.0080 	 0.9212 
0.5200 	 0.0226 	 0.0459 	 0.0081 	 0.8945 
0.5300 	 0.0240 	 0.0796 	 0.0083 	 0.8659 
0.5400 	 0.0257 	 0.1161 	 0.0086 	 0.8382 
0.5500 	 0.0278 	 0.1558 	 0.0090 	 0.8121 
0.5600 	 0.0304 	 0.1986 	 0.0096 	 0.7879 
0.5700 	 0.0336 	 0.2441 	 0.0103 	 0.7661 
0.5800 	 0.0372 	 0.2919 	 0.0111 	 0.7468 
0.5900 	 0.0415 	 0.3416 	 0.0121 	 0.7301 
0.6000 	 0.0465 	 0.3927 	 0.0133 	 0.7158 
0.6100 	 0.0522 	 0.4449 	 0.0147 	 0.7039 
0.6200 	 0.0588 	 0.4980 	 0.0163 	 0.6942 
0.6300 	 0.0662 	 0.5518 	 0.0182 	 0.6864 
0.6400 	 0.0747 	 0.6060 	 0.0203 	 0.6806 
0.6500 	 0.0843 	 0.6605 	 0.0228 	 0.6765 
0.6600 	 0.0952 	 0.7150 	 0.0257 	 0.6740 
0.6700 	 0.1074 	 0.7696 	 0.0289 	 0.6729 
0.6800 	 0.1211 	 0.8241 	 0.0326 	 0.6732 
0.6900 	 0.1363 	 0.8784 	 0.0368 	 0.6747 
0.7000 	 0.1532 	 0.9324 	 0.0415 	 0.6774 
0.7100 	 0.1718 	 0.9860 	 0.0468 	 0.6813 
0.7200 	 0.1922 	 1.0392 	 0.0528 	 0.6863 
0.7300 	 0.2144 	 1.0918 	 0.0594 	 0.6924 
0.7400 	 0.2386 	 1.1438 	 0.0668 	 0.6995 
0.7500 	 0.2646 	 1.1953 	 0.0749 	 0.7078 
0.7600 	 0.2925 	 1.2460 	 0.0839 	 0.7170 
0.7700 	 0.3223 	 1.2960 	 0.0938 	 0.7274 
0.7800 	 0.3538 	 1.3453 	 0.1046 	 0.7387 
0.7900 	 0.3871 	 1.3937 	 0.1163 	 0.7511 
0.8000 	 0.4219 	 1.4414 	 0.1290 	 0.7644 
0.8100 	 0.4583 	 1.4882 	 0.1427 	 0.7785 
0.8200 	 0.4959 	 1.5341 	 0.1574 	 0.7935 
0.8300 	 0.5347 	 1.5789 	 0.1731 	 0.8092 
0.8400 	 0.5745 	 1.6228 	 0.1897 	 0.8255 
0.8500 	 0.6150 	 1.6654 	 0.2072 	 0.8423 
0.8600 	 0.6560 	 1.7068 	 0.2255 	 0.8594 
0.8700 	 0.6972 	 1.7466 	 0.2445 	 0.8766 
0.8800 	 0.7382 	 1.7848 	 0.2639 	 0.8937 
0.8900 	 0.7785 	 1.8209 	 0.2835 	 0.9104 
0.9000 	 0.8176 	 1.8548 	 0.3030 	 0.9265 
0.9100 	 0.8546 	 1.8859 	 0.3219 	 0.9416 
0.9200 	 0.8887 	 1.9137 	 0.3396 	 0.9555 
0.9300 	 0.9190 	 1.9379 	 0.3557 	 0.9677 
0.9400 	 0.9446 	 1.9579 	 0.3695 	 0.9779 
0.9500 	 0.9649 	 1.9735 	 0.3806 	 0.9860 
0.9600 	 0.9798 	 1.9848 	 0.3887 	 0.9919 
0.9700 	 0.9895 	 1.9921 	 0.3942 	 0.9958 
0.9800 	 0.9952 	 1.9964 	 0.3973 	 0.9981 
0.9900 	 0.9981 	 1.9986 	 0.3989 	 0.9992 
