0.0000 	 1.0000 	 -2.0000 	 0.4000 	 1.0000 
0.0100 	 1.0000 	 -2.0000 	 0.4000 	 1.0000 
0.0200 	 1.0000 	 -2.0000 	 0.4000 	 1.0000 
0.0300 	 0.9999 	 -1.9999 	 0.4000 	 1.0000 
0.0400 	 0.9997 	 -1.9997 	 0.3998 	 0.9999 
0.0500 	 0.9988 	 -1.9991 	 0.3993 	 0.9995 
0.0600 	 0.9967 	 -1.9975 	 0.3982 	 0.9987 
0.0700 	 0.9921 	 -1.9941 	 0.3956 	 0.9968 
0.0800 	 0.9835 	 -1.9876 	 0.3908 	 0.9934 
0.0900 	 0.9697 	 -1.9771 	 0.3832 	 0.9879 
0.1000 	 0.9498 	 -1.9619 	 0.3723 	 0.9800 
0.1100 	 0.9240 	 -1.9419 	 0.3584 	 0.9697 
0.1200 	 0.8927 	 -1.9171 	 0.3418 	 0.9572 
0.1300 	 0.8569 	 -1.8880 	 0.3232 	 0.9428 
0.1400 	 0.8177 	 -1.8552 	 0.3032 	 0.9270 
0.1500 	 0.7761 	 -1.8193 	 0.2825 	 0.9101 
0.1600 	 0.7330 	 -1.7806 	 0.2617 	 0.8925 
0.1700 	 0.6891 	 -1.7398 	 0.2411 	 0.8747 
0.1800 	 0.6449 	 -1.6969 	 0.2210 	 0.8568 
0.1900 	 0.6009 	 -1.6524 	 0.2017 	 0.8391 
0.2000 	 0.5575 	 -1.6063 	 0.1833 	 0.8219 
0.2100 	 0.5151 	 -1.5590 	 0.1659 	 0.8054 
0.2200 	 0.4739 	 -1.5103 	 0.1497 	 0.7896 
0.2300 	 0.4341 	 -1.4606 	 0.1345 	 0.7748 
0.2400 	 0.3959 	 -1.4098 	 0.1205 	 0.7610 
0.2500 	 0.3596 	 -1.3580 	 0.1076 	 0.7483 
0.2600 	 0.3252 	 -1.3052 	 0.0958 	 0.7367 
0.2700 	 0.2930 	 -1.2516 	 0.0851 	 0.7263 
0.2800 	 0.2629 	 -1.1971 	 0.0754 	 0.7171 
0.2900 	 0.2350 	 -1.1418 	 0.0667 	 0.7092 
0.3000 	 0.2093 	 -1.0857 	 0.0588 	 0.7024 
0.3100 	 0.1859 	 -1.0290 	 0.0518 	 0.6969 
0.3200 	 0.1646 	 -0.9717 	 0.0456 	 0.6927 
0.3300 	 0.1454 	 -0.9138 	 0.0401 	 0.6897 
0.3400 	 0.1281 	 -0.8556 	 0.0353 	 0.6881 
0.3500 	 0.1127 	 -0.7971 	 0.0310 	 0.6880 
0.3600 	 0.0991 	 -0.7384 	 0.0273 	 0.6893 
0.3700 	 0.0870 	 -0.6798 	 0.0241 	 0.6922 
0.3800 	 0.0765 	 -0.6212 	 0.0213 	 0.6970 
0.3900 	 0.0672 	 -0.5629 	 0.0189 	 0.7037 
0.4000 	 0.0592 	 -0.5051 	 0.0169 	 0.7127 
0.4100 	 0.0522 	 -0.4482 	 0.0151 	 0.7240 
0.4200 	 0.0462 	 -0.3922 	 0.0136 	 0.7379 
0.4300 	 0.0410 	 -0.3376 	 0.0124 	 0.7548 
0.4400 	 0.0365 	 -0.2846 	 0.0113 	 0.7748 
0.4500 	 0.0328 	 -0.2337 	 0.0105 	 0.7983 
0.4600 	 0.0295 	 -0.1853 	 0.0098 	 0.8256 
0.4700 	 0.0269 	 -0.1398 	 0.0092 	 0.8571 
0.4800 	 0.0246 	 -0.0973 	 0.0088 	 0.8939 
0.4900 	 0.0228 	 -0.0577 	 0.0085 	 0.9383 
0.5000 	 0.0210 	 -0.0197 	 0.0084 	 0.9994 
0.5100 	 0.0225 	 0.0173 	 0.0084 	 0.9346 
0.5200 	 0.0236 	 0.0549 	 0.0085 	 0.9069 
0.5300 	 0.0251 	 0.0949 	 0.0088 	 0.8779 
0.5400 	 0.0271 	 0.1376 	 0.0092 	 0.8499 
0.5500 	 0.0296 	 0.1833 	 0.0098 	 0.8235 
0.5600 	 0.0327 	 0.2320 	 0.0105 	 0.7991 
0.5700 	 0.0364 	 0.2832 	 0.0113 	 0.7771 
0.5800 	 0.0409 	 0.3364 	 0.0124 	 0.7576 
0.5900 	 0.0460 	 0.3913 	 0.0136 	 0.7408 
0.6000 	 0.0521 	 0.4474 	 0.0151 	 0.7267 
0.6100 	 0.0590 	 0.5045 	 0.0169 	 0.7151 
0.6200 	 0.0671 	 0.5624 	 0.0189 	 0.7058 
0.6300 	 0.0763 	 0.6208 	 0.0213 	 0.6987 
0.6400 	 0.0869 	 0.6794 	 0.0241 	 0.6936 
0.6500 	 0.0989 	 0.7381 	 0.0273 	 0.6905 
0.6600 	 0.1126 	 0.7969 	 0.0310 	 0.6889 
0.6700 	 0.1280 	 0.8554 	 0.0353 	 0.6889 
0.6800 	 0.1452 	 0.9137 	 0.0401 	 0.6904 
0.6900 	 0.1645 	 0.9716 	 0.0456 	 0.6932 
0.7000 	 0.1858 	 1.0290 	 0.0518 	 0.6973 
0.7100 	 0.2093 	 1.0858 	 0.0588 	 0.7028 
0.7200 	 0.2349 	 1.1418 	 0.0667 	 0.7094 
0.7300 	 0.2628 	 1.1972 	 0.0754 	 0.7174 
0.7400 	 0.2930 	 1.2517 	 0.0851 	 0.7265 
0.7500 	 0.3252 	 1.3053 	 0.0959 	 0.7369 
0.7600 	 0.3596 	 1.3581 	 0.1077 	 0.7484 
0.7700 	 0.3960 	 1.4099 	 0.1205 	 0.7611 
0.7800 	 0.4341 	 1.4607 	 0.1346 	 0.7749 
0.7900 	 0.4739 	 1.5105 	 0.1497 	 0.7897 
0.8000 	 0.5152 	 1.5591 	 0.1660 	 0.8054 
0.8100 	 0.5576 	 1.6064 	 0.1833 	 0.8220 
0.8200 	 0.6010 	 1.6525 	 0.2017 	 0.8392 
0.8300 	 0.6449 	 1.6970 	 0.2210 	 0.8568 
0.8400 	 0.6891 	 1.7398 	 0.2411 	 0.8747 
0.8500 	 0.7331 	 1.7807 	 0.2617 	 0.8926 
0.8600 	 0.7762 	 1.8193 	 0.2826 	 0.9101 
0.8700 	 0.8178 	 1.8552 	 0.3032 	 0.9270 
0.8800 	 0.8569 	 1.8880 	 0.3232 	 0.9429 
0.8900 	 0.8927 	 1.9171 	 0.3418 	 0.9572 
0.9000 	 0.9240 	 1.9419 	 0.3584 	 0.9697 
0.9100 	 0.9498 	 1.9620 	 0.3724 	 0.9800 
0.9200 	 0.9697 	 1.9771 	 0.3832 	 0.9879 
0.9300 	 0.9835 	 1.9876 	 0.3908 	 0.9934 
0.9400 	 0.9921 	 1.9941 	 0.3956 	 0.9968 
0.9500 	 0.9967 	 1.9975 	 0.3982 	 0.9987 
0.9600 	 0.9988 	 1.9991 	 0.3993 	 0.9995 
0.9700 	 0.9997 	 1.9997 	 0.3998 	 0.9999 
0.9800 	 0.9999 	 1.9999 	 0.4000 	 1.0000 
0.9900 	 1.0000 	 2.0000 	 0.4000 	 1.0000 
