0.0000 	 1.0000 	 0.0000 	 1.0000 	 2.5000 
0.0100 	 1.0000 	 0.0000 	 1.0000 	 2.5000 
0.0200 	 1.0000 	 0.0000 	 1.0000 	 2.5000 
0.0300 	 1.0000 	 0.0000 	 1.0000 	 2.5000 
0.0400 	 1.0000 	 0.0000 	 1.0000 	 2.5000 
0.0500 	 1.0000 	 0.0000 	 1.0000 	 2.5000 
0.0600 	 1.0000 	 0.0000 	 1.0000 	 2.5000 
0.0700 	 1.0000 	 0.0000 	 1.0000 	 2.5000 
0.0800 	 1.0000 	 0.0000 	 1.0000 	 2.5000 
0.0900 	 1.0000 	 0.0000 	 1.0000 	 2.5000 
0.1000 	 1.0000 	 0.0000 	 1.0000 	 2.5000 
0.1100 	 1.0000 	 0.0000 	 1.0000 	 2.5000 
0.1200 	 1.0000 	 0.0000 	 1.0000 	 2.5000 
0.1300 	 1.0000 	 0.0000 	 1.0000 	 2.5000 
0.1400 	 1.0000 	 0.0000 	 1.0000 	 2.5000 
0.1500 	 1.0000 	 0.0000 	 1.0000 	 2.5000 
0.1600 	 1.0000 	 0.0000 	 1.0000 	 2.5000 
0.1700 	 1.0000 	 0.0000 	 1.0000 	 2.5000 
0.1800 	 1.0000 	 0.0000 	 1.0000 	 2.5000 
0.1900 	 1.0000 	 0.0000 	 1.0000 	 2.5000 
0.2000 	 1.0000 	 0.0000 	 1.0000 	 2.5000 
0.2100 	 1.0000 	 0.0000 	 1.0000 	 2.5000 
0.2200 	 1.0000 	 0.0000 	 1.0000 	 2.5000 
0.2300 	 1.0000 	 0.0000 	 1.0000 	 2.5000 
0.2400 	 1.0000 	 0.0000 	 1.0000 	 2.5000 
0.2500 	 1.0000 	 0.0000 	 1.0000 	 2.5000 
0.2600 	 0.9999 	 0.0001 	 0.9999 	 2.4999 
0.2700 	 0.9997 	 0.0004 	 0.9995 	 2.4997 
0.2800 	 0.9989 	 0.0012 	 0.9985 	 2.4989 
0.2900 	 0.9971 	 0.0034 	 0.9960 	 2.4971 
0.3000 	 0.9930 	 0.0083 	 0.9902 	 2.4930 
0.3100 	 0.9851 	 0.0177 	 0.9792 	 2.4851 
0.3200 	 0.9719 	 0.0336 	 0.9609 	 2.4718 
0.3300 	 0.9525 	 0.0574 	 0.9342 	 2.4521 
0.3400 	 0.9270 	 0.0891 	 0.8995 	 2.4258 
0.3500 	 0.8965 	 0.1280 	 0.8584 	 2.3938 
0.3600 	 0.8624 	 0.1727 	 0.8131 	 2.3572 
0.3700 	 0.8261 	 0.2219 	 0.7657 	 2.3171 
0.3800 	 0.7884 	 0.2748 	 0.7173 	 2.2744 
0.3900 	 0.7512 	 0.3291 	 0.6704 	 2.2309 
0.4000 	 0.7153 	 0.3836 	 0.6260 	 2.1877 
0.4100 	 0.6809 	 0.4379 	 0.5842 	 2.1451 
0.4200 	 0.6479 	 0.4920 	 0.5450 	 2.1030 
0.4300 	 0.6164 	 0.5458 	 0.5083 	 2.0617 
0.4400 	 0.5865 	 0.5991 	 0.4741 	 2.0208 
0.4500 	 0.5579 	 0.6517 	 0.4422 	 1.9813 
0.4600 	 0.5309 	 0.7036 	 0.4126 	 1.9428 
0.4700 	 0.5059 	 0.7539 	 0.3855 	 1.9052 
0.4800 	 0.4828 	 0.8020 	 0.3611 	 1.8696 
0.4900 	 0.4622 	 0.8460 	 0.3398 	 1.8382 
0.5000 	 0.4451 	 0.8833 	 0.3227 	 1.8123 
0.5100 	 0.4335 	 0.9100 	 0.3109 	 1.7929 
0.5200 	 0.4280 	 0.9229 	 0.3053 	 1.7832 
0.5300 	 0.4271 	 0.9253 	 0.3043 	 1.7812 
0.5400 	 0.4270 	 0.9254 	 0.3043 	 1.7816 
0.5500 	 0.4261 	 0.9264 	 0.3039 	 1.7827 
0.5600 	 0.4252 	 0.9271 	 0.3036 	 1.7852 
0.5700 	 0.4245 	 0.9275 	 0.3034 	 1.7868 
0.5800 	 0.4240 	 0.9278 	 0.3033 	 1.7884 
0.5900 	 0.4233 	 0.9279 	 0.3033 	 1.7911 
0.6000 	 0.4214 	 0.9282 	 0.3032 	 1.7989 
0.6100 	 0.4162 	 0.9282 	 0.3032 	 1.8215 
0.6200 	 0.4040 	 0.9283 	 0.3033 	 1.8769 
0.6300 	 0.3800 	 0.9284 	 0.3033 	 1.9954 
0.6400 	 0.3414 	 0.9285 	 0.3034 	 2.2211 
0.6500 	 0.3051 	 0.9285 	 0.3034 	 2.4862 
0.6600 	 0.2840 	 0.9286 	 0.3035 	 2.6709 
0.6700 	 0.2734 	 0.9287 	 0.3035 	 2.7752 
0.6800 	 0.2686 	 0.9290 	 0.3035 	 2.8253 
0.6900 	 0.2666 	 0.9291 	 0.3035 	 2.8463 
0.7000 	 0.2660 	 0.9291 	 0.3037 	 2.8542 
0.7100 	 0.2658 	 0.9295 	 0.3037 	 2.8564 
0.7200 	 0.2658 	 0.9295 	 0.3039 	 2.8575 
0.7300 	 0.2660 	 0.9295 	 0.3041 	 2.8575 
0.7400 	 0.2659 	 0.9307 	 0.3038 	 2.8566 
0.7500 	 0.2656 	 0.9287 	 0.3035 	 2.8561 
0.7600 	 0.2468 	 0.8380 	 0.2744 	 2.7792 
0.7700 	 0.1511 	 0.2370 	 0.1348 	 2.2299 
0.7800 	 0.1258 	 0.0068 	 0.1009 	 2.0052 
0.7900 	 0.1250 	 0.0001 	 0.1000 	 2.0001 
0.8000 	 0.1250 	 0.0000 	 0.1000 	 2.0000 
0.8100 	 0.1250 	 0.0000 	 0.1000 	 2.0000 
0.8200 	 0.1250 	 0.0000 	 0.1000 	 2.0000 
0.8300 	 0.1250 	 0.0000 	 0.1000 	 2.0000 
0.8400 	 0.1250 	 0.0000 	 0.1000 	 2.0000 
0.8500 	 0.1250 	 0.0000 	 0.1000 	 2.0000 
0.8600 	 0.1250 	 0.0000 	 0.1000 	 2.0000 
0.8700 	 0.1250 	 0.0000 	 0.1000 	 2.0000 
0.8800 	 0.1250 	 0.0000 	 0.1000 	 2.0000 
0.8900 	 0.1250 	 0.0000 	 0.1000 	 2.0000 
0.9000 	 0.1250 	 0.0000 	 0.1000 	 2.0000 
0.9100 	 0.1250 	 0.0000 	 0.1000 	 2.0000 
0.9200 	 0.1250 	 0.0000 	 0.1000 	 2.0000 
0.9300 	 0.1250 	 0.0000 	 0.1000 	 2.0000 
0.9400 	 0.1250 	 0.0000 	 0.1000 	 2.0000 
0.9500 	 0.1250 	 0.0000 	 0.1000 	 2.0000 
0.9600 	 0.1250 	 0.0000 	 0.1000 	 2.0000 
0.9700 	 0.1250 	 0.0000 	 0.1000 	 2.0000 
0.9800 	 0.1250 	 0.0000 	 0.1000 	 2.0000 
0.9900 	 0.1250 	 0.0000 	 0.1000 	 2.0000 
0.0000 	 0.1250 	 0.0000 	 0.1000 	 2.0000 
