0.0000 	 1.0000 	 -2.0000 	 0.4000 	 1.0000 
0.0100 	 1.0000 	 -2.0000 	 0.4000 	 1.0000 
0.0200 	 1.0000 	 -2.0000 	 0.4000 	 1.0000 
0.0300 	 1.0000 	 -2.0000 	 0.4000 	 1.0000 
0.0400 	 1.0000 	 -2.0000 	 0.4000 	 1.0000 
0.0500 	 1.0000 	 -2.0000 	 0.4000 	 1.0000 
0.0600 	 1.0000 	 -2.0000 	 0.4000 	 1.0000 
0.0700 	 1.0000 	 -2.0000 	 0.4000 	 1.0000 
0.0800 	 1.0000 	 -2.0000 	 0.4000 	 1.0000 
0.0900 	 1.0000 	 -2.0000 	 0.4000 	 1.0000 
0.1000 	 1.0000 	 -2.0000 	 0.4000 	 1.0000 
0.1100 	 1.0000 	 -2.0000 	 0.4000 	 1.0000 
0.1200 	 1.0000 	 -2.0000 	 0.4000 	 1.0000 
0.1300 	 1.0000 	 -2.0000 	 0.4000 	 1.0000 
0.1400 	 1.0000 	 -2.0000 	 0.4000 	 1.0000 
0.1500 	 1.0000 	 -2.0000 	 0.4000 	 1.0000 
0.1600 	 1.0000 	 -2.0000 	 0.4000 	 1.0000 
0.1700 	 1.0000 	 -2.0000 	 0.4000 	 1.0000 
0.1800 	 1.0000 	 -2.0000 	 0.4000 	 1.0000 
0.1900 	 1.0000 	 -2.0000 	 0.4000 	 1.0000 
0.2000 	 1.0000 	 -2.0000 	 0.4000 	 1.0000 
0.2100 	 1.0000 	 -2.0000 	 0.4000 	 1.0000 
0.2200 	 1.0000 	 -2.0000 	 0.4000 	 1.0000 
0.2300 	 1.0000 	 -2.0000 	 0.4000 	 1.0000 
0.2400 	 1.0000 	 -2.0000 	 0.4000 	 1.0000 
0.2500 	 1.0000 	 -2.0000 	 0.4000 	 1.0000 
0.2600 	 1.0000 	 -2.0000 	 0.4000 	 1.0000 
0.2700 	 1.0000 	 -2.0000 	 0.4000 	 1.0000 
0.2800 	 1.0000 	 -2.0000 	 0.4000 	 1.0000 
0.2900 	 1.0000 	 -2.0000 	 0.4000 	 1.0000 
0.3000 	 1.0000 	 -2.0000 	 0.4000 	 1.0000 
0.3100 	 1.0000 	 -2.0000 	 0.4000 	 1.0000 
0.3200 	 1.0000 	 -2.0000 	 0.4000 	 1.0000 
0.3300 	 0.9998 	 -1.9998 	 0.3999 	 0.9999 
0.3400 	 0.9986 	 -1.9990 	 0.3993 	 0.9995 
0.3500 	 0.9939 	 -1.9956 	 0.3967 	 0.9978 
0.3600 	 0.9794 	 -1.9852 	 0.3891 	 0.9931 
0.3700 	 0.9457 	 -1.9615 	 0.3720 	 0.9834 
0.3800 	 0.8853 	 -1.9190 	 0.3429 	 0.9684 
0.3900 	 0.7976 	 -1.8557 	 0.3033 	 0.9506 
0.4000 	 0.6894 	 -1.7729 	 0.2575 	 0.9336 
0.4100 	 0.5718 	 -1.6728 	 0.2106 	 0.9207 
0.4200 	 0.4560 	 -1.5577 	 0.1667 	 0.9141 
0.4300 	 0.3510 	 -1.4291 	 0.1285 	 0.9152 
0.4400 	 0.2621 	 -1.2884 	 0.0970 	 0.9249 
0.4500 	 0.1915 	 -1.1372 	 0.0723 	 0.9442 
0.4600 	 0.1384 	 -0.9775 	 0.0540 	 0.9750 
0.4700 	 0.1006 	 -0.8115 	 0.0410 	 1.0200 
0.4800 	 0.0766 	 -0.6260 	 0.0334 	 1.0908 
0.4900 	 0.0640 	 -0.3932 	 0.0310 	 1.2096 
0.5000 	 0.0557 	 -0.1311 	 0.0307 	 1.3795 
0.5100 	 0.0579 	 0.1312 	 0.0307 	 1.3282 
0.5200 	 0.0650 	 0.3864 	 0.0314 	 1.2066 
0.5300 	 0.0767 	 0.6219 	 0.0337 	 1.0991 
0.5400 	 0.1002 	 0.8109 	 0.0411 	 1.0266 
0.5500 	 0.1379 	 0.9776 	 0.0540 	 0.9794 
0.5600 	 0.1911 	 1.1375 	 0.0724 	 0.9470 
0.5700 	 0.2620 	 1.2889 	 0.0971 	 0.9265 
0.5800 	 0.3510 	 1.4296 	 0.1286 	 0.9161 
0.5900 	 0.4561 	 1.5580 	 0.1669 	 0.9146 
0.6000 	 0.5720 	 1.6731 	 0.2107 	 0.9209 
0.6100 	 0.6895 	 1.7730 	 0.2575 	 0.9337 
0.6200 	 0.7976 	 1.8557 	 0.3033 	 0.9506 
0.6300 	 0.8853 	 1.9190 	 0.3429 	 0.9684 
0.6400 	 0.9457 	 1.9615 	 0.3720 	 0.9834 
0.6500 	 0.9794 	 1.9852 	 0.3891 	 0.9931 
0.6600 	 0.9939 	 1.9956 	 0.3967 	 0.9978 
0.6700 	 0.9986 	 1.9990 	 0.3993 	 0.9995 
0.6800 	 0.9998 	 1.9998 	 0.3999 	 0.9999 
0.6900 	 1.0000 	 2.0000 	 0.4000 	 1.0000 
0.7000 	 1.0000 	 2.0000 	 0.4000 	 1.0000 
0.7100 	 1.0000 	 2.0000 	 0.4000 	 1.0000 
0.7200 	 1.0000 	 2.0000 	 0.4000 	 1.0000 
0.7300 	 1.0000 	 2.0000 	 0.4000 	 1.0000 
0.7400 	 1.0000 	 2.0000 	 0.4000 	 1.0000 
0.7500 	 1.0000 	 2.0000 	 0.4000 	 1.0000 
0.7600 	 1.0000 	 2.0000 	 0.4000 	 1.0000 
0.7700 	 1.0000 	 2.0000 	 0.4000 	 1.0000 
0.7800 	 1.0000 	 2.0000 	 0.4000 	 1.0000 
0.7900 	 1.0000 	 2.0000 	 0.4000 	 1.0000 
0.8000 	 1.0000 	 2.0000 	 0.4000 	 1.0000 
0.8100 	 1.0000 	 2.0000 	 0.4000 	 1.0000 
0.8200 	 1.0000 	 2.0000 	 0.4000 	 1.0000 
0.8300 	 1.0000 	 2.0000 	 0.4000 	 1.0000 
0.8400 	 1.0000 	 2.0000 	 0.4000 	 1.0000 
0.8500 	 1.0000 	 2.0000 	 0.4000 	 1.0000 
0.8600 	 1.0000 	 2.0000 	 0.4000 	 1.0000 
0.8700 	 1.0000 	 2.0000 	 0.4000 	 1.0000 
0.8800 	 1.0000 	 2.0000 	 0.4000 	 1.0000 
0.8900 	 1.0000 	 2.0000 	 0.4000 	 1.0000 
0.9000 	 1.0000 	 2.0000 	 0.4000 	 1.0000 
0.9100 	 1.0000 	 2.0000 	 0.4000 	 1.0000 
0.9200 	 1.0000 	 2.0000 	 0.4000 	 1.0000 
0.9300 	 1.0000 	 2.0000 	 0.4000 	 1.0000 
0.9400 	 1.0000 	 2.0000 	 0.4000 	 1.0000 
0.9500 	 1.0000 	 2.0000 	 0.4000 	 1.0000 
0.9600 	 1.0000 	 2.0000 	 0.4000 	 1.0000 
0.9700 	 1.0000 	 2.0000 	 0.4000 	 1.0000 
0.9800 	 1.0000 	 2.0000 	 0.4000 	 1.0000 
0.9900 	 1.0000 	 2.0000 	 0.4000 	 1.0000 
