0.0000 	 1.0000 	 -2.0000 	 0.4000 	 1.0000 
0.0100 	 1.0000 	 -2.0000 	 0.4000 	 1.0000 
0.0200 	 0.9999 	 -1.9999 	 0.4000 	 1.0000 
0.0300 	 0.9997 	 -1.9998 	 0.3998 	 0.9999 
0.0400 	 0.9990 	 -1.9992 	 0.3994 	 0.9996 
0.0500 	 0.9971 	 -1.9978 	 0.3984 	 0.9989 
0.0600 	 0.9930 	 -1.9948 	 0.3961 	 0.9972 
0.0700 	 0.9852 	 -1.9889 	 0.3918 	 0.9941 
0.0800 	 0.9725 	 -1.9793 	 0.3848 	 0.9891 
0.0900 	 0.9540 	 -1.9652 	 0.3746 	 0.9817 
0.1000 	 0.9297 	 -1.9463 	 0.3614 	 0.9720 
0.1100 	 0.8998 	 -1.9228 	 0.3456 	 0.9601 
0.1200 	 0.8655 	 -1.8950 	 0.3276 	 0.9462 
0.1300 	 0.8276 	 -1.8635 	 0.3081 	 0.9309 
0.1400 	 0.7871 	 -1.8288 	 0.2879 	 0.9144 
0.1500 	 0.7451 	 -1.7914 	 0.2674 	 0.8972 
0.1600 	 0.7020 	 -1.7518 	 0.2470 	 0.8796 
0.1700 	 0.6586 	 -1.7102 	 0.2271 	 0.8618 
0.1800 	 0.6154 	 -1.6669 	 0.2078 	 0.8442 
0.1900 	 0.5726 	 -1.6221 	 0.1894 	 0.8270 
0.2000 	 0.5306 	 -1.5759 	 0.1720 	 0.8103 
0.2100 	 0.4897 	 -1.5286 	 0.1556 	 0.7944 
0.2200 	 0.4501 	 -1.4802 	 0.1403 	 0.7793 
0.2300 	 0.4120 	 -1.4307 	 0.1261 	 0.7651 
0.2400 	 0.3756 	 -1.3802 	 0.1130 	 0.7519 
0.2500 	 0.3410 	 -1.3288 	 0.1009 	 0.7399 
0.2600 	 0.3084 	 -1.2766 	 0.0899 	 0.7289 
0.2700 	 0.2778 	 -1.2235 	 0.0799 	 0.7191 
0.2800 	 0.2494 	 -1.1696 	 0.0709 	 0.7104 
0.2900 	 0.2230 	 -1.1149 	 0.0627 	 0.7030 
0.3000 	 0.1989 	 -1.0596 	 0.0554 	 0.6967 
0.3100 	 0.1768 	 -1.0037 	 0.0489 	 0.6916 
0.3200 	 0.1567 	 -0.9472 	 0.0431 	 0.6877 
0.3300 	 0.1386 	 -0.8903 	 0.0380 	 0.6852 
0.3400 	 0.1224 	 -0.8330 	 0.0335 	 0.6839 
0.3500 	 0.1079 	 -0.7755 	 0.0295 	 0.6840 
0.3600 	 0.0950 	 -0.7179 	 0.0261 	 0.6856 
0.3700 	 0.0837 	 -0.6604 	 0.0230 	 0.6888 
0.3800 	 0.0737 	 -0.6030 	 0.0204 	 0.6937 
0.3900 	 0.0649 	 -0.5459 	 0.0182 	 0.7007 
0.4000 	 0.0573 	 -0.4894 	 0.0163 	 0.7098 
0.4100 	 0.0507 	 -0.4337 	 0.0146 	 0.7212 
0.4200 	 0.0450 	 -0.3790 	 0.0132 	 0.7352 
0.4300 	 0.0400 	 -0.3258 	 0.0120 	 0.7521 
0.4400 	 0.0357 	 -0.2742 	 0.0110 	 0.7721 
0.4500 	 0.0321 	 -0.2247 	 0.0102 	 0.7956 
0.4600 	 0.0291 	 -0.1778 	 0.0096 	 0.8228 
0.4700 	 0.0265 	 -0.1339 	 0.0090 	 0.8543 
0.4800 	 0.0243 	 -0.0931 	 0.0087 	 0.8910 
0.4900 	 0.0225 	 -0.0551 	 0.0084 	 0.9352 
0.5000 	 0.0208 	 -0.0188 	 0.0083 	 0.9958 
0.5100 	 0.0223 	 0.0165 	 0.0083 	 0.9310 
0.5200 	 0.0233 	 0.0524 	 0.0084 	 0.9036 
0.5300 	 0.0248 	 0.0907 	 0.0087 	 0.8747 
0.5400 	 0.0267 	 0.1317 	 0.0090 	 0.8468 
0.5500 	 0.0291 	 0.1759 	 0.0096 	 0.8205 
0.5600 	 0.0321 	 0.2231 	 0.0102 	 0.7962 
0.5700 	 0.0357 	 0.2728 	 0.0110 	 0.7742 
0.5800 	 0.0399 	 0.3246 	 0.0120 	 0.7548 
0.5900 	 0.0448 	 0.3781 	 0.0132 	 0.7380 
0.6000 	 0.0505 	 0.4329 	 0.0146 	 0.7239 
0.6100 	 0.0571 	 0.4887 	 0.0163 	 0.7122 
0.6200 	 0.0648 	 0.5454 	 0.0182 	 0.7028 
0.6300 	 0.0735 	 0.6026 	 0.0204 	 0.6955 
0.6400 	 0.0835 	 0.6601 	 0.0230 	 0.6902 
0.6500 	 0.0949 	 0.7176 	 0.0261 	 0.6868 
0.6600 	 0.1077 	 0.7753 	 0.0295 	 0.6850 
0.6700 	 0.1222 	 0.8328 	 0.0335 	 0.6847 
0.6800 	 0.1385 	 0.8901 	 0.0380 	 0.6858 
0.6900 	 0.1566 	 0.9471 	 0.0431 	 0.6883 
0.7000 	 0.1767 	 1.0036 	 0.0489 	 0.6920 
0.7100 	 0.1988 	 1.0596 	 0.0554 	 0.6970 
0.7200 	 0.2230 	 1.1150 	 0.0627 	 0.7033 
0.7300 	 0.2493 	 1.1696 	 0.0709 	 0.7107 
0.7400 	 0.2778 	 1.2235 	 0.0799 	 0.7193 
0.7500 	 0.3084 	 1.2766 	 0.0899 	 0.7291 
0.7600 	 0.3410 	 1.3289 	 0.1009 	 0.7400 
0.7700 	 0.3756 	 1.3803 	 0.1130 	 0.7521 
0.7800 	 0.4120 	 1.4308 	 0.1261 	 0.7652 
0.7900 	 0.4501 	 1.4803 	 0.1403 	 0.7793 
0.8000 	 0.4898 	 1.5287 	 0.1556 	 0.7944 
0.8100 	 0.5307 	 1.5760 	 0.1720 	 0.8104 
0.8200 	 0.5726 	 1.6222 	 0.1894 	 0.8271 
0.8300 	 0.6154 	 1.6669 	 0.2078 	 0.8443 
0.8400 	 0.6587 	 1.7102 	 0.2271 	 0.8619 
0.8500 	 0.7021 	 1.7518 	 0.2470 	 0.8796 
0.8600 	 0.7451 	 1.7915 	 0.2674 	 0.8972 
0.8700 	 0.7872 	 1.8288 	 0.2879 	 0.9144 
0.8800 	 0.8276 	 1.8635 	 0.3082 	 0.9309 
0.8900 	 0.8655 	 1.8950 	 0.3276 	 0.9462 
0.9000 	 0.8999 	 1.9228 	 0.3456 	 0.9601 
0.9100 	 0.9297 	 1.9463 	 0.3615 	 0.9720 
0.9200 	 0.9541 	 1.9652 	 0.3746 	 0.9817 
0.9300 	 0.9725 	 1.9793 	 0.3848 	 0.9891 
0.9400 	 0.9852 	 1.9889 	 0.3918 	 0.9941 
0.9500 	 0.9930 	 1.9948 	 0.3961 	 0.9972 
0.9600 	 0.9971 	 1.9978 	 0.3984 	 0.9989 
0.9700 	 0.9990 	 1.9992 	 0.3994 	 0.9996 
0.9800 	 0.9997 	 1.9998 	 0.3998 	 0.9999 
0.9900 	 0.9999 	 1.9999 	 0.4000 	 1.0000 
