0.0000 	 1.0000 	 -2.0000 	 0.4000 	 1.0000 
0.0100 	 1.0000 	 -2.0000 	 0.4000 	 1.0000 
0.0200 	 1.0000 	 -2.0000 	 0.4000 	 1.0000 
0.0300 	 1.0000 	 -2.0000 	 0.4000 	 1.0000 
0.0400 	 1.0000 	 -2.0000 	 0.4000 	 1.0000 
0.0500 	 1.0000 	 -2.0000 	 0.4000 	 1.0000 
0.0600 	 1.0000 	 -2.0000 	 0.4000 	 1.0000 
0.0700 	 1.0000 	 -2.0000 	 0.4000 	 1.0000 
0.0800 	 1.0000 	 -2.0000 	 0.4000 	 1.0000 
0.0900 	 1.0000 	 -2.0000 	 0.4000 	 1.0000 
0.1000 	 1.0000 	 -2.0000 	 0.4000 	 1.0000 
0.1100 	 1.0000 	 -2.0000 	 0.4000 	 1.0000 
0.1200 	 1.0000 	 -2.0000 	 0.4000 	 1.0000 
0.1300 	 0.9999 	 -1.9999 	 0.3999 	 0.9999 
0.1400 	 0.9994 	 -1.9996 	 0.3997 	 0.9998 
0.1500 	 0.9980 	 -1.9985 	 0.3989 	 0.9992 
0.1600 	 0.9941 	 -1.9956 	 0.3967 	 0.9977 
0.1700 	 0.9858 	 -1.9893 	 0.3921 	 0.9944 
0.1800 	 0.9708 	 -1.9780 	 0.3838 	 0.9884 
0.1900 	 0.9475 	 -1.9603 	 0.3712 	 0.9793 
0.2000 	 0.9158 	 -1.9357 	 0.3542 	 0.9670 
0.2100 	 0.8764 	 -1.9045 	 0.3336 	 0.9517 
0.2200 	 0.8308 	 -1.8674 	 0.3105 	 0.9342 
0.2300 	 0.7806 	 -1.8251 	 0.2857 	 0.9151 
0.2400 	 0.7273 	 -1.7784 	 0.2605 	 0.8953 
0.2500 	 0.6723 	 -1.7281 	 0.2354 	 0.8753 
0.2600 	 0.6167 	 -1.6746 	 0.2111 	 0.8557 
0.2700 	 0.5615 	 -1.6185 	 0.1880 	 0.8370 
0.2800 	 0.5074 	 -1.5599 	 0.1663 	 0.8194 
0.2900 	 0.4552 	 -1.4991 	 0.1463 	 0.8033 
0.3000 	 0.4054 	 -1.4364 	 0.1279 	 0.7888 
0.3100 	 0.3586 	 -1.3718 	 0.1113 	 0.7761 
0.3200 	 0.3150 	 -1.3056 	 0.0964 	 0.7652 
0.3300 	 0.2750 	 -1.2377 	 0.0832 	 0.7562 
0.3400 	 0.2386 	 -1.1684 	 0.0715 	 0.7492 
0.3500 	 0.2059 	 -1.0977 	 0.0613 	 0.7441 
0.3600 	 0.1769 	 -1.0259 	 0.0524 	 0.7410 
0.3700 	 0.1514 	 -0.9531 	 0.0448 	 0.7400 
0.3800 	 0.1292 	 -0.8795 	 0.0383 	 0.7413 
0.3900 	 0.1100 	 -0.8055 	 0.0328 	 0.7449 
0.4000 	 0.0936 	 -0.7313 	 0.0281 	 0.7512 
0.4100 	 0.0797 	 -0.6572 	 0.0242 	 0.7604 
0.4200 	 0.0680 	 -0.5833 	 0.0210 	 0.7730 
0.4300 	 0.0582 	 -0.5103 	 0.0184 	 0.7893 
0.4400 	 0.0500 	 -0.4385 	 0.0162 	 0.8095 
0.4500 	 0.0433 	 -0.3681 	 0.0144 	 0.8339 
0.4600 	 0.0377 	 -0.2994 	 0.0130 	 0.8627 
0.4700 	 0.0332 	 -0.2324 	 0.0119 	 0.8963 
0.4800 	 0.0296 	 -0.1667 	 0.0111 	 0.9359 
0.4900 	 0.0267 	 -0.1014 	 0.0105 	 0.9846 
0.5000 	 0.0244 	 -0.0350 	 0.0103 	 1.0537 
0.5100 	 0.0260 	 0.0311 	 0.0103 	 0.9899 
0.5200 	 0.0276 	 0.0970 	 0.0106 	 0.9567 
0.5300 	 0.0300 	 0.1635 	 0.0111 	 0.9239 
0.5400 	 0.0334 	 0.2301 	 0.0119 	 0.8929 
0.5500 	 0.0377 	 0.2977 	 0.0130 	 0.8638 
0.5600 	 0.0432 	 0.3668 	 0.0145 	 0.8369 
0.5700 	 0.0499 	 0.4376 	 0.0162 	 0.8130 
0.5800 	 0.0580 	 0.5097 	 0.0184 	 0.7927 
0.5900 	 0.0678 	 0.5829 	 0.0210 	 0.7760 
0.6000 	 0.0795 	 0.6568 	 0.0242 	 0.7628 
0.6100 	 0.0934 	 0.7310 	 0.0281 	 0.7531 
0.6200 	 0.1098 	 0.8052 	 0.0328 	 0.7465 
0.6300 	 0.1290 	 0.8793 	 0.0383 	 0.7425 
0.6400 	 0.1512 	 0.9530 	 0.0448 	 0.7410 
0.6500 	 0.1768 	 1.0259 	 0.0524 	 0.7418 
0.6600 	 0.2058 	 1.0978 	 0.0613 	 0.7447 
0.6700 	 0.2385 	 1.1685 	 0.0715 	 0.7496 
0.6800 	 0.2749 	 1.2378 	 0.0832 	 0.7566 
0.6900 	 0.3150 	 1.3057 	 0.0965 	 0.7655 
0.7000 	 0.3586 	 1.3720 	 0.1114 	 0.7763 
0.7100 	 0.4055 	 1.4366 	 0.1280 	 0.7890 
0.7200 	 0.4553 	 1.4993 	 0.1463 	 0.8034 
0.7300 	 0.5075 	 1.5600 	 0.1664 	 0.8195 
0.7400 	 0.5616 	 1.6186 	 0.1880 	 0.8370 
0.7500 	 0.6168 	 1.6747 	 0.2111 	 0.8558 
0.7600 	 0.6724 	 1.7282 	 0.2354 	 0.8753 
0.7700 	 0.7274 	 1.7785 	 0.2605 	 0.8953 
0.7800 	 0.7806 	 1.8251 	 0.2858 	 0.9152 
0.7900 	 0.8308 	 1.8674 	 0.3105 	 0.9342 
0.8000 	 0.8765 	 1.9046 	 0.3337 	 0.9517 
0.8100 	 0.9158 	 1.9357 	 0.3542 	 0.9670 
0.8200 	 0.9475 	 1.9603 	 0.3712 	 0.9793 
0.8300 	 0.9708 	 1.9780 	 0.3838 	 0.9884 
0.8400 	 0.9858 	 1.9893 	 0.3921 	 0.9944 
0.8500 	 0.9941 	 1.9956 	 0.3967 	 0.9977 
0.8600 	 0.9980 	 1.9985 	 0.3989 	 0.9992 
0.8700 	 0.9994 	 1.9996 	 0.3997 	 0.9998 
0.8800 	 0.9999 	 1.9999 	 0.3999 	 0.9999 
0.8900 	 1.0000 	 2.0000 	 0.4000 	 1.0000 
0.9000 	 1.0000 	 2.0000 	 0.4000 	 1.0000 
0.9100 	 1.0000 	 2.0000 	 0.4000 	 1.0000 
0.9200 	 1.0000 	 2.0000 	 0.4000 	 1.0000 
0.9300 	 1.0000 	 2.0000 	 0.4000 	 1.0000 
0.9400 	 1.0000 	 2.0000 	 0.4000 	 1.0000 
0.9500 	 1.0000 	 2.0000 	 0.4000 	 1.0000 
0.9600 	 1.0000 	 2.0000 	 0.4000 	 1.0000 
0.9700 	 1.0000 	 2.0000 	 0.4000 	 1.0000 
0.9800 	 1.0000 	 2.0000 	 0.4000 	 1.0000 
0.9900 	 1.0000 	 2.0000 	 0.4000 	 1.0000 
