0.0000 	 1.0000 	 -2.0000 	 0.4000 	 1.0000 
0.0100 	 1.0000 	 -2.0000 	 0.4000 	 1.0000 
0.0200 	 1.0000 	 -2.0000 	 0.4000 	 1.0000 
0.0300 	 1.0000 	 -2.0000 	 0.4000 	 1.0000 
0.0400 	 1.0000 	 -2.0000 	 0.4000 	 1.0000 
0.0500 	 1.0000 	 -2.0000 	 0.4000 	 1.0000 
0.0600 	 1.0000 	 -2.0000 	 0.4000 	 1.0000 
0.0700 	 1.0000 	 -2.0000 	 0.4000 	 1.0000 
0.0800 	 1.0000 	 -2.0000 	 0.4000 	 1.0000 
0.0900 	 1.0000 	 -2.0000 	 0.4000 	 1.0000 
0.1000 	 1.0000 	 -2.0000 	 0.4000 	 1.0000 
0.1100 	 1.0000 	 -2.0000 	 0.4000 	 1.0000 
0.1200 	 1.0000 	 -2.0000 	 0.4000 	 1.0000 
0.1300 	 1.0000 	 -2.0000 	 0.4000 	 1.0000 
0.1400 	 1.0000 	 -2.0000 	 0.4000 	 1.0000 
0.1500 	 1.0000 	 -2.0000 	 0.4000 	 1.0000 
0.1600 	 1.0000 	 -2.0000 	 0.4000 	 1.0000 
0.1700 	 1.0000 	 -2.0000 	 0.4000 	 1.0000 
0.1800 	 1.0000 	 -2.0000 	 0.4000 	 1.0000 
0.1900 	 1.0000 	 -2.0000 	 0.4000 	 1.0000 
0.2000 	 1.0000 	 -2.0000 	 0.4000 	 1.0000 
0.2100 	 1.0000 	 -2.0000 	 0.4000 	 1.0000 
0.2200 	 1.0000 	 -2.0000 	 0.4000 	 1.0000 
0.2300 	 1.0000 	 -2.0000 	 0.4000 	 1.0000 
0.2400 	 1.0000 	 -2.0000 	 0.4000 	 1.0000 
0.2500 	 1.0000 	 -2.0000 	 0.4000 	 1.0000 
0.2600 	 0.9997 	 -1.9998 	 0.3998 	 0.9999 
0.2700 	 0.9985 	 -1.9989 	 0.3992 	 0.9994 
0.2800 	 0.9944 	 -1.9958 	 0.3969 	 0.9978 
0.2900 	 0.9834 	 -1.9877 	 0.3909 	 0.9936 
0.3000 	 0.9608 	 -1.9709 	 0.3787 	 0.9853 
0.3100 	 0.9231 	 -1.9427 	 0.3589 	 0.9720 
0.3200 	 0.8696 	 -1.9020 	 0.3320 	 0.9543 
0.3300 	 0.8027 	 -1.8497 	 0.2998 	 0.9338 
0.3400 	 0.7259 	 -1.7871 	 0.2649 	 0.9123 
0.3500 	 0.6435 	 -1.7158 	 0.2295 	 0.8917 
0.3600 	 0.5596 	 -1.6372 	 0.1955 	 0.8733 
0.3700 	 0.4776 	 -1.5520 	 0.1639 	 0.8579 
0.3800 	 0.4006 	 -1.4612 	 0.1356 	 0.8463 
0.3900 	 0.3305 	 -1.3652 	 0.1109 	 0.8386 
0.4000 	 0.2688 	 -1.2646 	 0.0898 	 0.8352 
0.4100 	 0.2159 	 -1.1599 	 0.0722 	 0.8363 
0.4200 	 0.1717 	 -1.0516 	 0.0578 	 0.8421 
0.4300 	 0.1358 	 -0.9407 	 0.0463 	 0.8533 
0.4400 	 0.1072 	 -0.8284 	 0.0373 	 0.8704 
0.4500 	 0.0849 	 -0.7152 	 0.0304 	 0.8946 
0.4600 	 0.0680 	 -0.6014 	 0.0252 	 0.9273 
0.4700 	 0.0553 	 -0.4868 	 0.0215 	 0.9693 
0.4800 	 0.0464 	 -0.3646 	 0.0190 	 1.0243 
0.4900 	 0.0404 	 -0.2275 	 0.0177 	 1.0982 
0.5000 	 0.0359 	 -0.0777 	 0.0173 	 1.2021 
0.5100 	 0.0378 	 0.0737 	 0.0173 	 1.1435 
0.5200 	 0.0414 	 0.2214 	 0.0179 	 1.0819 
0.5300 	 0.0468 	 0.3607 	 0.0192 	 1.0236 
0.5400 	 0.0553 	 0.4852 	 0.0216 	 0.9738 
0.5500 	 0.0677 	 0.6008 	 0.0253 	 0.9326 
0.5600 	 0.0846 	 0.7149 	 0.0304 	 0.8990 
0.5700 	 0.1068 	 0.8281 	 0.0373 	 0.8737 
0.5800 	 0.1355 	 0.9407 	 0.0464 	 0.8557 
0.5900 	 0.1715 	 1.0517 	 0.0579 	 0.8438 
0.6000 	 0.2157 	 1.1600 	 0.0722 	 0.8375 
0.6100 	 0.2687 	 1.2649 	 0.0898 	 0.8360 
0.6200 	 0.3305 	 1.3655 	 0.1109 	 0.8392 
0.6300 	 0.4006 	 1.4615 	 0.1357 	 0.8466 
0.6400 	 0.4778 	 1.5523 	 0.1640 	 0.8582 
0.6500 	 0.5597 	 1.6373 	 0.1955 	 0.8734 
0.6600 	 0.6436 	 1.7160 	 0.2296 	 0.8918 
0.6700 	 0.7260 	 1.7872 	 0.2649 	 0.9124 
0.6800 	 0.8027 	 1.8497 	 0.2998 	 0.9338 
0.6900 	 0.8697 	 1.9020 	 0.3320 	 0.9543 
0.7000 	 0.9231 	 1.9427 	 0.3589 	 0.9720 
0.7100 	 0.9608 	 1.9709 	 0.3787 	 0.9853 
0.7200 	 0.9834 	 1.9877 	 0.3909 	 0.9936 
0.7300 	 0.9944 	 1.9958 	 0.3969 	 0.9978 
0.7400 	 0.9985 	 1.9989 	 0.3992 	 0.9994 
0.7500 	 0.9997 	 1.9998 	 0.3998 	 0.9999 
0.7600 	 1.0000 	 2.0000 	 0.4000 	 1.0000 
0.7700 	 1.0000 	 2.0000 	 0.4000 	 1.0000 
0.7800 	 1.0000 	 2.0000 	 0.4000 	 1.0000 
0.7900 	 1.0000 	 2.0000 	 0.4000 	 1.0000 
0.8000 	 1.0000 	 2.0000 	 0.4000 	 1.0000 
0.8100 	 1.0000 	 2.0000 	 0.4000 	 1.0000 
0.8200 	 1.0000 	 2.0000 	 0.4000 	 1.0000 
0.8300 	 1.0000 	 2.0000 	 0.4000 	 1.0000 
0.8400 	 1.0000 	 2.0000 	 0.4000 	 1.0000 
0.8500 	 1.0000 	 2.0000 	 0.4000 	 1.0000 
0.8600 	 1.0000 	 2.0000 	 0.4000 	 1.0000 
0.8700 	 1.0000 	 2.0000 	 0.4000 	 1.0000 
0.8800 	 1.0000 	 2.0000 	 0.4000 	 1.0000 
0.8900 	 1.0000 	 2.0000 	 0.4000 	 1.0000 
0.9000 	 1.0000 	 2.0000 	 0.4000 	 1.0000 
0.9100 	 1.0000 	 2.0000 	 0.4000 	 1.0000 
0.9200 	 1.0000 	 2.0000 	 0.4000 	 1.0000 
0.9300 	 1.0000 	 2.0000 	 0.4000 	 1.0000 
0.9400 	 1.0000 	 2.0000 	 0.4000 	 1.0000 
0.9500 	 1.0000 	 2.0000 	 0.4000 	 1.0000 
0.9600 	 1.0000 	 2.0000 	 0.4000 	 1.0000 
0.9700 	 1.0000 	 2.0000 	 0.4000 	 1.0000 
0.9800 	 1.0000 	 2.0000 	 0.4000 	 1.0000 
0.9900 	 1.0000 	 2.0000 	 0.4000 	 1.0000 
