0.0000 	 1.0000 	 0.0000 	 1.0000 	 2.5000 
0.0100 	 1.0000 	 0.0000 	 1.0000 	 2.5000 
0.0200 	 1.0000 	 0.0000 	 1.0000 	 2.5000 
0.0300 	 1.0000 	 0.0000 	 1.0000 	 2.5000 
0.0400 	 1.0000 	 0.0000 	 1.0000 	 2.5000 
0.0500 	 1.0000 	 0.0000 	 1.0000 	 2.5000 
0.0600 	 1.0000 	 0.0000 	 1.0000 	 2.5000 
0.0700 	 1.0000 	 0.0000 	 1.0000 	 2.5000 
0.0800 	 1.0000 	 0.0000 	 1.0000 	 2.5000 
0.0900 	 1.0000 	 0.0000 	 1.0000 	 2.5000 
0.1000 	 1.0000 	 0.0000 	 1.0000 	 2.5000 
0.1100 	 1.0000 	 0.0000 	 1.0000 	 2.5000 
0.1200 	 1.0000 	 0.0000 	 1.0000 	 2.5000 
0.1300 	 1.0000 	 0.0000 	 1.0000 	 2.5000 
0.1400 	 1.0000 	 0.0000 	 1.0000 	 2.5000 
0.1500 	 1.0000 	 0.0000 	 1.0000 	 2.5000 
0.1600 	 1.0000 	 0.0000 	 1.0000 	 2.5000 
0.1700 	 1.0000 	 0.0000 	 1.0000 	 2.5000 
0.1800 	 1.0000 	 0.0000 	 1.0000 	 2.5000 
0.1900 	 1.0000 	 0.0000 	 1.0000 	 2.5000 
0.2000 	 1.0000 	 0.0000 	 1.0000 	 2.5000 
0.2100 	 1.0000 	 0.0000 	 1.0000 	 2.5000 
0.2200 	 0.9999 	 0.0001 	 0.9999 	 2.4999 
0.2300 	 0.9998 	 0.0003 	 0.9997 	 2.4998 
0.2400 	 0.9993 	 0.0009 	 0.9990 	 2.4993 
0.2500 	 0.9981 	 0.0023 	 0.9973 	 2.4981 
0.2600 	 0.9954 	 0.0055 	 0.9935 	 2.4954 
0.2700 	 0.9901 	 0.0118 	 0.9862 	 2.4901 
0.2800 	 0.9811 	 0.0225 	 0.9737 	 2.4811 
0.2900 	 0.9674 	 0.0391 	 0.9547 	 2.4672 
0.3000 	 0.9486 	 0.0621 	 0.9290 	 2.4481 
0.3100 	 0.9253 	 0.0911 	 0.8972 	 2.4240 
0.3200 	 0.8984 	 0.1255 	 0.8609 	 2.3956 
0.3300 	 0.8690 	 0.1639 	 0.8217 	 2.3641 
0.3400 	 0.8380 	 0.2056 	 0.7810 	 2.3301 
0.3500 	 0.8061 	 0.2498 	 0.7397 	 2.2942 
0.3600 	 0.7742 	 0.2953 	 0.6991 	 2.2576 
0.3700 	 0.7432 	 0.3411 	 0.6602 	 2.2210 
0.3800 	 0.7131 	 0.3869 	 0.6232 	 2.1847 
0.3900 	 0.6841 	 0.4327 	 0.5880 	 2.1487 
0.4000 	 0.6561 	 0.4784 	 0.5546 	 2.1131 
0.4100 	 0.6291 	 0.5238 	 0.5229 	 2.0780 
0.4200 	 0.6032 	 0.5691 	 0.4930 	 2.0433 
0.4300 	 0.5782 	 0.6140 	 0.4647 	 2.0093 
0.4400 	 0.5544 	 0.6585 	 0.4381 	 1.9757 
0.4500 	 0.5316 	 0.7024 	 0.4131 	 1.9427 
0.4600 	 0.5100 	 0.7456 	 0.3898 	 1.9109 
0.4700 	 0.4896 	 0.7874 	 0.3683 	 1.8805 
0.4800 	 0.4709 	 0.8270 	 0.3488 	 1.8515 
0.4900 	 0.4546 	 0.8631 	 0.3318 	 1.8250 
0.5000 	 0.4412 	 0.8930 	 0.3183 	 1.8034 
0.5100 	 0.4320 	 0.9137 	 0.3092 	 1.7892 
0.5200 	 0.4277 	 0.9234 	 0.3050 	 1.7829 
0.5300 	 0.4269 	 0.9253 	 0.3042 	 1.7817 
0.5400 	 0.4268 	 0.9255 	 0.3042 	 1.7815 
0.5500 	 0.4264 	 0.9265 	 0.3037 	 1.7807 
0.5600 	 0.4262 	 0.9271 	 0.3035 	 1.7803 
0.5700 	 0.4259 	 0.9275 	 0.3034 	 1.7808 
0.5800 	 0.4253 	 0.9277 	 0.3033 	 1.7825 
0.5900 	 0.4247 	 0.9279 	 0.3032 	 1.7849 
0.6000 	 0.4241 	 0.9280 	 0.3032 	 1.7870 
0.6100 	 0.4235 	 0.9281 	 0.3032 	 1.7897 
0.6200 	 0.4222 	 0.9281 	 0.3032 	 1.7952 
0.6300 	 0.4190 	 0.9281 	 0.3032 	 1.8091 
0.6400 	 0.4113 	 0.9281 	 0.3032 	 1.8432 
0.6500 	 0.3954 	 0.9281 	 0.3032 	 1.9171 
0.6600 	 0.3676 	 0.9281 	 0.3033 	 2.0624 
0.6700 	 0.3286 	 0.9282 	 0.3033 	 2.3074 
0.6800 	 0.2983 	 0.9283 	 0.3033 	 2.5414 
0.6900 	 0.2811 	 0.9283 	 0.3033 	 2.6978 
0.7000 	 0.2723 	 0.9283 	 0.3034 	 2.7858 
0.7100 	 0.2682 	 0.9284 	 0.3034 	 2.8285 
0.7200 	 0.2665 	 0.9284 	 0.3035 	 2.8468 
0.7300 	 0.2659 	 0.9288 	 0.3035 	 2.8535 
0.7400 	 0.2657 	 0.9290 	 0.3035 	 2.8557 
0.7500 	 0.2657 	 0.9289 	 0.3036 	 2.8563 
0.7600 	 0.2657 	 0.9292 	 0.3036 	 2.8564 
0.7700 	 0.2658 	 0.9294 	 0.3037 	 2.8566 
0.7800 	 0.2659 	 0.9293 	 0.3039 	 2.8569 
0.7900 	 0.2658 	 0.9301 	 0.3037 	 2.8564 
0.8000 	 0.2655 	 0.9286 	 0.3033 	 2.8559 
0.8100 	 0.2493 	 0.8486 	 0.2779 	 2.7869 
0.8200 	 0.1538 	 0.2601 	 0.1386 	 2.2538 
0.8300 	 0.1259 	 0.0080 	 0.1011 	 2.0062 
0.8400 	 0.1250 	 0.0001 	 0.1000 	 2.0001 
0.8500 	 0.1250 	 0.0000 	 0.1000 	 2.0000 
0.8600 	 0.1250 	 0.0000 	 0.1000 	 2.0000 
0.8700 	 0.1250 	 0.0000 	 0.1000 	 2.0000 
0.8800 	 0.1250 	 0.0000 	 0.1000 	 2.0000 
0.8900 	 0.1250 	 0.0000 	 0.1000 	 2.0000 
0.9000 	 0.1250 	 0.0000 	 0.1000 	 2.0000 
0.9100 	 0.1250 	 0.0000 	 0.1000 	 2.0000 
0.9200 	 0.1250 	 0.0000 	 0.1000 	 2.0000 
0.9300 	 0.1250 	 0.0000 	 0.1000 	 2.0000 
0.9400 	 0.1250 	 0.0000 	 0.1000 	 2.0000 
0.9500 	 0.1250 	 0.0000 	 0.1000 	 2.0000 
0.9600 	 0.1250 	 0.0000 	 0.1000 	 2.0000 
0.9700 	 0.1250 	 0.0000 	 0.1000 	 2.0000 
0.9800 	 0.1250 	 0.0000 	 0.1000 	 2.0000 
0.9900 	 0.1250 	 0.0000 	 0.1000 	 2.0000 
0.0000 	 0.1250 	 0.0000 	 0.1000 	 2.0000 
