0.0000 	 1.0000 	 0.0000 	 1.0000 	 2.5000 
0.0100 	 1.0000 	 0.0000 	 1.0000 	 2.5000 
0.0200 	 1.0000 	 0.0000 	 1.0000 	 2.5000 
0.0300 	 1.0000 	 0.0000 	 1.0000 	 2.5000 
0.0400 	 1.0000 	 0.0000 	 1.0000 	 2.5000 
0.0500 	 1.0000 	 0.0000 	 1.0000 	 2.5000 
0.0600 	 1.0000 	 0.0000 	 1.0000 	 2.5000 
0.0700 	 1.0000 	 0.0000 	 1.0000 	 2.5000 
0.0800 	 1.0000 	 0.0000 	 1.0000 	 2.5000 
0.0900 	 1.0000 	 0.0000 	 1.0000 	 2.5000 
0.1000 	 1.0000 	 0.0000 	 1.0000 	 2.5000 
0.1100 	 1.0000 	 0.0000 	 1.0000 	 2.5000 
0.1200 	 1.0000 	 0.0000 	 1.0000 	 2.5000 
0.1300 	 1.0000 	 0.0000 	 1.0000 	 2.5000 
0.1400 	 1.0000 	 0.0000 	 1.0000 	 2.5000 
0.1500 	 1.0000 	 0.0000 	 1.0000 	 2.5000 
0.1600 	 1.0000 	 0.0000 	 1.0000 	 2.5000 
0.1700 	 1.0000 	 0.0000 	 1.0000 	 2.5000 
0.1800 	 1.0000 	 0.0000 	 1.0000 	 2.5000 
0.1900 	 1.0000 	 0.0000 	 1.0000 	 2.5000 
0.2000 	 1.0000 	 0.0000 	 1.0000 	 2.5000 
0.2100 	 1.0000 	 0.0000 	 1.0000 	 2.5000 
0.2200 	 1.0000 	 0.0000 	 1.0000 	 2.5000 
0.2300 	 1.0000 	 0.0000 	 1.0000 	 2.5000 
0.2400 	 1.0000 	 0.0000 	 1.0000 	 2.5000 
0.2500 	 1.0000 	 0.0000 	 1.0000 	 2.5000 
0.2600 	 1.0000 	 0.0000 	 1.0000 	 2.5000 
0.2700 	 1.0000 	 0.0000 	 0.9999 	 2.5000 
0.2800 	 0.9998 	 0.0002 	 0.9998 	 2.4998 
0.2900 	 0.9995 	 0.0006 	 0.9992 	 2.4995 
0.3000 	 0.9983 	 0.0020 	 0.9977 	 2.4983 
0.3100 	 0.9955 	 0.0053 	 0.9937 	 2.4955 
0.3200 	 0.9894 	 0.0125 	 0.9853 	 2.4894 
0.3300 	 0.9783 	 0.0259 	 0.9698 	 2.4783 
0.3400 	 0.9607 	 0.0473 	 0.9455 	 2.4605 
0.3500 	 0.9361 	 0.0777 	 0.9118 	 2.4352 
0.3600 	 0.9052 	 0.1168 	 0.8701 	 2.4031 
0.3700 	 0.8696 	 0.1631 	 0.8227 	 2.3651 
0.3800 	 0.8310 	 0.2152 	 0.7721 	 2.3227 
0.3900 	 0.7905 	 0.2720 	 0.7199 	 2.2769 
0.4000 	 0.7500 	 0.3310 	 0.6689 	 2.2297 
0.4100 	 0.7111 	 0.3901 	 0.6209 	 2.1828 
0.4200 	 0.6739 	 0.4492 	 0.5759 	 2.1365 
0.4300 	 0.6385 	 0.5079 	 0.5340 	 2.0910 
0.4400 	 0.6049 	 0.5661 	 0.4951 	 2.0461 
0.4500 	 0.5730 	 0.6237 	 0.4590 	 2.0029 
0.4600 	 0.5430 	 0.6803 	 0.4258 	 1.9603 
0.4700 	 0.5151 	 0.7354 	 0.3953 	 1.9188 
0.4800 	 0.4893 	 0.7881 	 0.3680 	 1.8803 
0.4900 	 0.4663 	 0.8367 	 0.3443 	 1.8461 
0.5000 	 0.4475 	 0.8780 	 0.3251 	 1.8165 
0.5100 	 0.4346 	 0.9079 	 0.3118 	 1.7939 
0.5200 	 0.4283 	 0.9227 	 0.3054 	 1.7828 
0.5300 	 0.4270 	 0.9254 	 0.3043 	 1.7816 
0.5400 	 0.4265 	 0.9254 	 0.3043 	 1.7840 
0.5500 	 0.4253 	 0.9264 	 0.3039 	 1.7862 
0.5600 	 0.4247 	 0.9271 	 0.3036 	 1.7875 
0.5700 	 0.4242 	 0.9276 	 0.3035 	 1.7887 
0.5800 	 0.4235 	 0.9279 	 0.3034 	 1.7910 
0.5900 	 0.4215 	 0.9280 	 0.3034 	 1.7991 
0.6000 	 0.4158 	 0.9283 	 0.3033 	 1.8234 
0.6100 	 0.4024 	 0.9284 	 0.3033 	 1.8845 
0.6200 	 0.3761 	 0.9285 	 0.3034 	 2.0164 
0.6300 	 0.3350 	 0.9287 	 0.3034 	 2.2638 
0.6400 	 0.3003 	 0.9288 	 0.3035 	 2.5259 
0.6500 	 0.2812 	 0.9289 	 0.3035 	 2.6980 
0.6600 	 0.2720 	 0.9290 	 0.3036 	 2.7902 
0.6700 	 0.2680 	 0.9290 	 0.3037 	 2.8327 
0.6800 	 0.2664 	 0.9293 	 0.3037 	 2.8497 
0.6900 	 0.2659 	 0.9298 	 0.3037 	 2.8554 
0.7000 	 0.2659 	 0.9298 	 0.3039 	 2.8574 
0.7100 	 0.2659 	 0.9303 	 0.3040 	 2.8578 
0.7200 	 0.2659 	 0.9307 	 0.3040 	 2.8583 
0.7300 	 0.2658 	 0.9262 	 0.3034 	 2.8532 
0.7400 	 0.2345 	 0.7820 	 0.2565 	 2.7346 
0.7500 	 0.1413 	 0.1486 	 0.1209 	 2.1379 
0.7600 	 0.1254 	 0.0037 	 0.1005 	 2.0028 
0.7700 	 0.1250 	 0.0001 	 0.1000 	 2.0001 
0.7800 	 0.1250 	 0.0000 	 0.1000 	 2.0000 
0.7900 	 0.1250 	 0.0000 	 0.1000 	 2.0000 
0.8000 	 0.1250 	 0.0000 	 0.1000 	 2.0000 
0.8100 	 0.1250 	 0.0000 	 0.1000 	 2.0000 
0.8200 	 0.1250 	 0.0000 	 0.1000 	 2.0000 
0.8300 	 0.1250 	 0.0000 	 0.1000 	 2.0000 
0.8400 	 0.1250 	 0.0000 	 0.1000 	 2.0000 
0.8500 	 0.1250 	 0.0000 	 0.1000 	 2.0000 
0.8600 	 0.1250 	 0.0000 	 0.1000 	 2.0000 
0.8700 	 0.1250 	 0.0000 	 0.1000 	 2.0000 
0.8800 	 0.1250 	 0.0000 	 0.1000 	 2.0000 
0.8900 	 0.1250 	 0.0000 	 0.1000 	 2.0000 
0.9000 	 0.1250 	 0.0000 	 0.1000 	 2.0000 
0.9100 	 0.1250 	 0.0000 	 0.1000 	 2.0000 
0.9200 	 0.1250 	 0.0000 	 0.1000 	 2.0000 
0.9300 	 0.1250 	 0.0000 	 0.1000 	 2.0000 
0.9400 	 0.1250 	 0.0000 	 0.1000 	 2.0000 
0.9500 	 0.1250 	 0.0000 	 0.1000 	 2.0000 
0.9600 	 0.1250 	 0.0000 	 0.1000 	 2.0000 
0.9700 	 0.1250 	 0.0000 	 0.1000 	 2.0000 
0.9800 	 0.1250 	 0.0000 	 0.1000 	 2.0000 
0.9900 	 0.1250 	 0.0000 	 0.1000 	 2.0000 
0.0000 	 0.1250 	 0.0000 	 0.1000 	 2.0000 
