0.0000 	 1.0000 	 0.0000 	 1.0000 	 2.5000 
0.0100 	 1.0000 	 0.0000 	 1.0000 	 2.5000 
0.0200 	 1.0000 	 0.0000 	 1.0000 	 2.5000 
0.0300 	 1.0000 	 0.0000 	 1.0000 	 2.5000 
0.0400 	 1.0000 	 0.0000 	 1.0000 	 2.5000 
0.0500 	 1.0000 	 0.0000 	 1.0000 	 2.5000 
0.0600 	 1.0000 	 0.0000 	 1.0000 	 2.5000 
0.0700 	 1.0000 	 0.0000 	 1.0000 	 2.5000 
0.0800 	 1.0000 	 0.0000 	 1.0000 	 2.5000 
0.0900 	 1.0000 	 0.0000 	 1.0000 	 2.5000 
0.1000 	 1.0000 	 0.0000 	 1.0000 	 2.5000 
0.1100 	 1.0000 	 0.0000 	 1.0000 	 2.5000 
0.1200 	 1.0000 	 0.0000 	 1.0000 	 2.5000 
0.1300 	 1.0000 	 0.0000 	 1.0000 	 2.5000 
0.1400 	 1.0000 	 0.0000 	 1.0000 	 2.5000 
0.1500 	 1.0000 	 0.0000 	 1.0000 	 2.5000 
0.1600 	 1.0000 	 0.0000 	 1.0000 	 2.5000 
0.1700 	 1.0000 	 0.0000 	 1.0000 	 2.5000 
0.1800 	 1.0000 	 0.0000 	 1.0000 	 2.5000 
0.1900 	 1.0000 	 0.0000 	 1.0000 	 2.5000 
0.2000 	 1.0000 	 0.0000 	 1.0000 	 2.5000 
0.2100 	 1.0000 	 0.0000 	 1.0000 	 2.5000 
0.2200 	 1.0000 	 0.0000 	 1.0000 	 2.5000 
0.2300 	 1.0000 	 0.0000 	 1.0000 	 2.5000 
0.2400 	 1.0000 	 0.0000 	 1.0000 	 2.5000 
0.2500 	 1.0000 	 0.0000 	 1.0000 	 2.5000 
0.2600 	 1.0000 	 0.0000 	 1.0000 	 2.5000 
0.2700 	 1.0000 	 0.0000 	 1.0000 	 2.5000 
0.2800 	 1.0000 	 0.0000 	 1.0000 	 2.5000 
0.2900 	 1.0000 	 0.0000 	 1.0000 	 2.5000 
0.3000 	 1.0000 	 0.0000 	 1.0000 	 2.5000 
0.3100 	 1.0000 	 0.0000 	 1.0000 	 2.5000 
0.3200 	 1.0000 	 0.0000 	 1.0000 	 2.5000 
0.3300 	 1.0000 	 0.0000 	 1.0000 	 2.5000 
0.3400 	 1.0000 	 0.0000 	 1.0000 	 2.5000 
0.3500 	 1.0000 	 0.0000 	 1.0000 	 2.5000 
0.3600 	 1.0000 	 0.0000 	 1.0000 	 2.5000 
0.3700 	 1.0000 	 0.0000 	 1.0000 	 2.5000 
0.3800 	 1.0000 	 0.0000 	 1.0000 	 2.5000 
0.3900 	 1.0000 	 0.0000 	 1.0000 	 2.5000 
0.4000 	 1.0000 	 0.0000 	 1.0000 	 2.5000 
0.4100 	 1.0000 	 0.0000 	 1.0000 	 2.5000 
0.4200 	 1.0000 	 0.0000 	 1.0000 	 2.5000 
0.4300 	 1.0000 	 0.0000 	 1.0000 	 2.5000 
0.4400 	 1.0000 	 0.0000 	 1.0000 	 2.5000 
0.4500 	 1.0000 	 0.0000 	 1.0000 	 2.5000 
0.4600 	 1.0000 	 0.0000 	 1.0000 	 2.5000 
0.4700 	 0.9996 	 0.0004 	 0.9995 	 2.4996 
0.4800 	 0.9944 	 0.0067 	 0.9922 	 2.4945 
0.4900 	 0.9520 	 0.0579 	 0.9364 	 2.4592 
0.5000 	 0.7460 	 0.3438 	 0.6964 	 2.3336 
0.5100 	 0.3546 	 0.7260 	 0.3116 	 2.1965 
0.5200 	 0.1934 	 0.5195 	 0.1849 	 2.3905 
0.5300 	 0.1344 	 0.0897 	 0.1121 	 2.0842 
0.5400 	 0.1256 	 0.0049 	 0.1007 	 2.0039 
0.5500 	 0.1250 	 0.0001 	 0.1000 	 2.0001 
0.5600 	 0.1250 	 0.0000 	 0.1000 	 2.0000 
0.5700 	 0.1250 	 0.0000 	 0.1000 	 2.0000 
0.5800 	 0.1250 	 0.0000 	 0.1000 	 2.0000 
0.5900 	 0.1250 	 0.0000 	 0.1000 	 2.0000 
0.6000 	 0.1250 	 0.0000 	 0.1000 	 2.0000 
0.6100 	 0.1250 	 0.0000 	 0.1000 	 2.0000 
0.6200 	 0.1250 	 0.0000 	 0.1000 	 2.0000 
0.6300 	 0.1250 	 0.0000 	 0.1000 	 2.0000 
0.6400 	 0.1250 	 0.0000 	 0.1000 	 2.0000 
0.6500 	 0.1250 	 0.0000 	 0.1000 	 2.0000 
0.6600 	 0.1250 	 0.0000 	 0.1000 	 2.0000 
0.6700 	 0.1250 	 0.0000 	 0.1000 	 2.0000 
0.6800 	 0.1250 	 0.0000 	 0.1000 	 2.0000 
0.6900 	 0.1250 	 0.0000 	 0.1000 	 2.0000 
0.7000 	 0.1250 	 0.0000 	 0.1000 	 2.0000 
0.7100 	 0.1250 	 0.0000 	 0.1000 	 2.0000 
0.7200 	 0.1250 	 0.0000 	 0.1000 	 2.0000 
0.7300 	 0.1250 	 0.0000 	 0.1000 	 2.0000 
0.7400 	 0.1250 	 0.0000 	 0.1000 	 2.0000 
0.7500 	 0.1250 	 0.0000 	 0.1000 	 2.0000 
0.7600 	 0.1250 	 0.0000 	 0.1000 	 2.0000 
0.7700 	 0.1250 	 0.0000 	 0.1000 	 2.0000 
0.7800 	 0.1250 	 0.0000 	 0.1000 	 2.0000 
0.7900 	 0.1250 	 0.0000 	 0.1000 	 2.0000 
0.8000 	 0.1250 	 0.0000 	 0.1000 	 2.0000 
0.8100 	 0.1250 	 0.0000 	 0.1000 	 2.0000 
0.8200 	 0.1250 	 0.0000 	 0.1000 	 2.0000 
0.8300 	 0.1250 	 0.0000 	 0.1000 	 2.0000 
0.8400 	 0.1250 	 0.0000 	 0.1000 	 2.0000 
0.8500 	 0.1250 	 0.0000 	 0.1000 	 2.0000 
0.8600 	 0.1250 	 0.0000 	 0.1000 	 2.0000 
0.8700 	 0.1250 	 0.0000 	 0.1000 	 2.0000 
0.8800 	 0.1250 	 0.0000 	 0.1000 	 2.0000 
0.8900 	 0.1250 	 0.0000 	 0.1000 	 2.0000 
0.9000 	 0.1250 	 0.0000 	 0.1000 	 2.0000 
0.9100 	 0.1250 	 0.0000 	 0.1000 	 2.0000 
0.9200 	 0.1250 	 0.0000 	 0.1000 	 2.0000 
0.9300 	 0.1250 	 0.0000 	 0.1000 	 2.0000 
0.9400 	 0.1250 	 0.0000 	 0.1000 	 2.0000 
0.9500 	 0.1250 	 0.0000 	 0.1000 	 2.0000 
0.9600 	 0.1250 	 0.0000 	 0.1000 	 2.0000 
0.9700 	 0.1250 	 0.0000 	 0.1000 	 2.0000 
0.9800 	 0.1250 	 0.0000 	 0.1000 	 2.0000 
0.9900 	 0.1250 	 0.0000 	 0.1000 	 2.0000 
0.0000 	 0.1250 	 0.0000 	 0.1000 	 2.0000 
