0.0000 	 1.0000 	 -2.0000 	 0.4000 	 1.0000 
0.0100 	 1.0000 	 -2.0000 	 0.4000 	 1.0000 
0.0200 	 1.0000 	 -2.0000 	 0.4000 	 1.0000 
0.0300 	 1.0000 	 -2.0000 	 0.4000 	 1.0000 
0.0400 	 1.0000 	 -2.0000 	 0.4000 	 1.0000 
0.0500 	 1.0000 	 -2.0000 	 0.4000 	 1.0000 
0.0600 	 1.0000 	 -2.0000 	 0.4000 	 1.0000 
0.0700 	 1.0000 	 -2.0000 	 0.4000 	 1.0000 
0.0800 	 1.0000 	 -2.0000 	 0.4000 	 1.0000 
0.0900 	 0.9999 	 -2.0000 	 0.4000 	 1.0000 
0.1000 	 0.9997 	 -1.9998 	 0.3998 	 0.9999 
0.1100 	 0.9989 	 -1.9992 	 0.3994 	 0.9996 
0.1200 	 0.9967 	 -1.9975 	 0.3981 	 0.9987 
0.1300 	 0.9915 	 -1.9936 	 0.3953 	 0.9966 
0.1400 	 0.9815 	 -1.9861 	 0.3897 	 0.9926 
0.1500 	 0.9650 	 -1.9736 	 0.3806 	 0.9861 
0.1600 	 0.9411 	 -1.9553 	 0.3676 	 0.9767 
0.1700 	 0.9098 	 -1.9309 	 0.3510 	 0.9644 
0.1800 	 0.8722 	 -1.9009 	 0.3313 	 0.9496 
0.1900 	 0.8295 	 -1.8658 	 0.3095 	 0.9328 
0.2000 	 0.7831 	 -1.8264 	 0.2865 	 0.9146 
0.2100 	 0.7343 	 -1.7834 	 0.2631 	 0.8957 
0.2200 	 0.6841 	 -1.7372 	 0.2398 	 0.8764 
0.2300 	 0.6333 	 -1.6885 	 0.2172 	 0.8573 
0.2400 	 0.5827 	 -1.6374 	 0.1955 	 0.8388 
0.2500 	 0.5330 	 -1.5843 	 0.1750 	 0.8210 
0.2600 	 0.4846 	 -1.5294 	 0.1559 	 0.8043 
0.2700 	 0.4380 	 -1.4729 	 0.1382 	 0.7889 
0.2800 	 0.3936 	 -1.4148 	 0.1220 	 0.7749 
0.2900 	 0.3516 	 -1.3553 	 0.1072 	 0.7623 
0.3000 	 0.3124 	 -1.2944 	 0.0939 	 0.7513 
0.3100 	 0.2761 	 -1.2323 	 0.0819 	 0.7419 
0.3200 	 0.2428 	 -1.1691 	 0.0713 	 0.7340 
0.3300 	 0.2125 	 -1.1047 	 0.0619 	 0.7278 
0.3400 	 0.1852 	 -1.0394 	 0.0536 	 0.7233 
0.3500 	 0.1609 	 -0.9732 	 0.0464 	 0.7204 
0.3600 	 0.1393 	 -0.9063 	 0.0401 	 0.7194 
0.3700 	 0.1204 	 -0.8390 	 0.0347 	 0.7202 
0.3800 	 0.1039 	 -0.7714 	 0.0300 	 0.7230 
0.3900 	 0.0896 	 -0.7037 	 0.0261 	 0.7280 
0.4000 	 0.0773 	 -0.6362 	 0.0227 	 0.7355 
0.4100 	 0.0667 	 -0.5689 	 0.0199 	 0.7458 
0.4200 	 0.0578 	 -0.5024 	 0.0176 	 0.7591 
0.4300 	 0.0502 	 -0.4370 	 0.0156 	 0.7757 
0.4400 	 0.0438 	 -0.3729 	 0.0140 	 0.7958 
0.4500 	 0.0385 	 -0.3104 	 0.0126 	 0.8198 
0.4600 	 0.0340 	 -0.2500 	 0.0115 	 0.8478 
0.4700 	 0.0304 	 -0.1918 	 0.0107 	 0.8803 
0.4800 	 0.0274 	 -0.1359 	 0.0101 	 0.9183 
0.4900 	 0.0250 	 -0.0818 	 0.0096 	 0.9648 
0.5000 	 0.0229 	 -0.0282 	 0.0094 	 1.0301 
0.5100 	 0.0244 	 0.0248 	 0.0094 	 0.9658 
0.5200 	 0.0258 	 0.0780 	 0.0096 	 0.9353 
0.5300 	 0.0278 	 0.1329 	 0.0101 	 0.9045 
0.5400 	 0.0305 	 0.1895 	 0.0107 	 0.8752 
0.5500 	 0.0341 	 0.2481 	 0.0115 	 0.8476 
0.5600 	 0.0384 	 0.3090 	 0.0126 	 0.8220 
0.5700 	 0.0437 	 0.3717 	 0.0140 	 0.7990 
0.5800 	 0.0501 	 0.4361 	 0.0156 	 0.7789 
0.5900 	 0.0576 	 0.5018 	 0.0176 	 0.7621 
0.6000 	 0.0665 	 0.5684 	 0.0199 	 0.7484 
0.6100 	 0.0771 	 0.6358 	 0.0227 	 0.7377 
0.6200 	 0.0894 	 0.7034 	 0.0261 	 0.7298 
0.6300 	 0.1037 	 0.7711 	 0.0300 	 0.7244 
0.6400 	 0.1202 	 0.8388 	 0.0347 	 0.7213 
0.6500 	 0.1392 	 0.9062 	 0.0401 	 0.7203 
0.6600 	 0.1607 	 0.9731 	 0.0464 	 0.7212 
0.6700 	 0.1851 	 1.0393 	 0.0536 	 0.7239 
0.6800 	 0.2124 	 1.1047 	 0.0619 	 0.7283 
0.6900 	 0.2427 	 1.1691 	 0.0713 	 0.7344 
0.7000 	 0.2761 	 1.2324 	 0.0820 	 0.7422 
0.7100 	 0.3124 	 1.2946 	 0.0939 	 0.7515 
0.7200 	 0.3517 	 1.3554 	 0.1073 	 0.7625 
0.7300 	 0.3936 	 1.4149 	 0.1220 	 0.7750 
0.7400 	 0.4381 	 1.4730 	 0.1383 	 0.7890 
0.7500 	 0.4847 	 1.5296 	 0.1560 	 0.8044 
0.7600 	 0.5331 	 1.5844 	 0.1751 	 0.8211 
0.7700 	 0.5828 	 1.6375 	 0.1956 	 0.8388 
0.7800 	 0.6334 	 1.6885 	 0.2172 	 0.8574 
0.7900 	 0.6841 	 1.7373 	 0.2398 	 0.8765 
0.8000 	 0.7344 	 1.7834 	 0.2631 	 0.8957 
0.8100 	 0.7832 	 1.8265 	 0.2865 	 0.9147 
0.8200 	 0.8296 	 1.8658 	 0.3095 	 0.9328 
0.8300 	 0.8723 	 1.9009 	 0.3313 	 0.9496 
0.8400 	 0.9099 	 1.9309 	 0.3510 	 0.9644 
0.8500 	 0.9411 	 1.9553 	 0.3676 	 0.9767 
0.8600 	 0.9650 	 1.9736 	 0.3806 	 0.9861 
0.8700 	 0.9815 	 1.9861 	 0.3897 	 0.9927 
0.8800 	 0.9915 	 1.9936 	 0.3953 	 0.9966 
0.8900 	 0.9967 	 1.9975 	 0.3981 	 0.9987 
0.9000 	 0.9989 	 1.9992 	 0.3994 	 0.9996 
0.9100 	 0.9997 	 1.9998 	 0.3998 	 0.9999 
0.9200 	 0.9999 	 2.0000 	 0.4000 	 1.0000 
0.9300 	 1.0000 	 2.0000 	 0.4000 	 1.0000 
0.9400 	 1.0000 	 2.0000 	 0.4000 	 1.0000 
0.9500 	 1.0000 	 2.0000 	 0.4000 	 1.0000 
0.9600 	 1.0000 	 2.0000 	 0.4000 	 1.0000 
0.9700 	 1.0000 	 2.0000 	 0.4000 	 1.0000 
0.9800 	 1.0000 	 2.0000 	 0.4000 	 1.0000 
0.9900 	 1.0000 	 2.0000 	 0.4000 	 1.0000 
