0.0000 	 1.0000 	 -2.0000 	 0.4000 	 1.0000 
0.0100 	 1.0000 	 -2.0000 	 0.4000 	 1.0000 
0.0200 	 1.0000 	 -2.0000 	 0.4000 	 1.0000 
0.0300 	 1.0000 	 -2.0000 	 0.4000 	 1.0000 
0.0400 	 1.0000 	 -2.0000 	 0.4000 	 1.0000 
0.0500 	 1.0000 	 -2.0000 	 0.4000 	 1.0000 
0.0600 	 1.0000 	 -2.0000 	 0.4000 	 1.0000 
0.0700 	 1.0000 	 -2.0000 	 0.4000 	 1.0000 
0.0800 	 1.0000 	 -2.0000 	 0.4000 	 1.0000 
0.0900 	 1.0000 	 -2.0000 	 0.4000 	 1.0000 
0.1000 	 1.0000 	 -2.0000 	 0.4000 	 1.0000 
0.1100 	 1.0000 	 -2.0000 	 0.4000 	 1.0000 
0.1200 	 1.0000 	 -2.0000 	 0.4000 	 1.0000 
0.1300 	 1.0000 	 -2.0000 	 0.4000 	 1.0000 
0.1400 	 1.0000 	 -2.0000 	 0.4000 	 1.0000 
0.1500 	 1.0000 	 -2.0000 	 0.4000 	 1.0000 
0.1600 	 1.0000 	 -2.0000 	 0.4000 	 1.0000 
0.1700 	 1.0000 	 -2.0000 	 0.4000 	 1.0000 
0.1800 	 1.0000 	 -2.0000 	 0.4000 	 1.0000 
0.1900 	 1.0000 	 -2.0000 	 0.4000 	 1.0000 
0.2000 	 0.9999 	 -1.9999 	 0.3999 	 1.0000 
0.2100 	 0.9995 	 -1.9996 	 0.3997 	 0.9998 
0.2200 	 0.9979 	 -1.9984 	 0.3988 	 0.9992 
0.2300 	 0.9932 	 -1.9949 	 0.3962 	 0.9973 
0.2400 	 0.9823 	 -1.9868 	 0.3902 	 0.9931 
0.2500 	 0.9620 	 -1.9715 	 0.3791 	 0.9853 
0.2600 	 0.9304 	 -1.9474 	 0.3622 	 0.9733 
0.2700 	 0.8872 	 -1.9140 	 0.3398 	 0.9574 
0.2800 	 0.8341 	 -1.8719 	 0.3131 	 0.9385 
0.2900 	 0.7735 	 -1.8221 	 0.2840 	 0.9178 
0.3000 	 0.7079 	 -1.7657 	 0.2539 	 0.8966 
0.3100 	 0.6396 	 -1.7039 	 0.2241 	 0.8758 
0.3200 	 0.5708 	 -1.6374 	 0.1955 	 0.8563 
0.3300 	 0.5033 	 -1.5668 	 0.1689 	 0.8388 
0.3400 	 0.4386 	 -1.4926 	 0.1445 	 0.8235 
0.3500 	 0.3779 	 -1.4151 	 0.1226 	 0.8109 
0.3600 	 0.3221 	 -1.3345 	 0.1032 	 0.8011 
0.3700 	 0.2720 	 -1.2512 	 0.0864 	 0.7941 
0.3800 	 0.2276 	 -1.1654 	 0.0719 	 0.7901 
0.3900 	 0.1891 	 -1.0774 	 0.0597 	 0.7892 
0.4000 	 0.1562 	 -0.9876 	 0.0494 	 0.7915 
0.4100 	 0.1285 	 -0.8964 	 0.0410 	 0.7974 
0.4200 	 0.1055 	 -0.8046 	 0.0341 	 0.8072 
0.4300 	 0.0867 	 -0.7125 	 0.0285 	 0.8215 
0.4400 	 0.0715 	 -0.6204 	 0.0241 	 0.8410 
0.4500 	 0.0594 	 -0.5292 	 0.0206 	 0.8662 
0.4600 	 0.0498 	 -0.4390 	 0.0179 	 0.8974 
0.4700 	 0.0423 	 -0.3493 	 0.0158 	 0.9350 
0.4800 	 0.0367 	 -0.2569 	 0.0144 	 0.9808 
0.4900 	 0.0325 	 -0.1591 	 0.0135 	 1.0391 
0.5000 	 0.0292 	 -0.0548 	 0.0131 	 1.1220 
0.5100 	 0.0310 	 0.0503 	 0.0131 	 1.0602 
0.5200 	 0.0334 	 0.1534 	 0.0136 	 1.0164 
0.5300 	 0.0371 	 0.2532 	 0.0144 	 0.9742 
0.5400 	 0.0424 	 0.3473 	 0.0159 	 0.9358 
0.5500 	 0.0497 	 0.4379 	 0.0179 	 0.9011 
0.5600 	 0.0592 	 0.5285 	 0.0206 	 0.8705 
0.5700 	 0.0713 	 0.6200 	 0.0241 	 0.8449 
0.5800 	 0.0864 	 0.7122 	 0.0285 	 0.8246 
0.5900 	 0.1052 	 0.8043 	 0.0341 	 0.8096 
0.6000 	 0.1282 	 0.8963 	 0.0410 	 0.7992 
0.6100 	 0.1559 	 0.9875 	 0.0495 	 0.7929 
0.6200 	 0.1889 	 1.0774 	 0.0597 	 0.7902 
0.6300 	 0.2275 	 1.1655 	 0.0720 	 0.7909 
0.6400 	 0.2719 	 1.2514 	 0.0864 	 0.7947 
0.6500 	 0.3221 	 1.3347 	 0.1033 	 0.8015 
0.6600 	 0.3779 	 1.4153 	 0.1226 	 0.8112 
0.6700 	 0.4387 	 1.4928 	 0.1445 	 0.8238 
0.6800 	 0.5034 	 1.5670 	 0.1689 	 0.8389 
0.6900 	 0.5709 	 1.6376 	 0.1956 	 0.8564 
0.7000 	 0.6398 	 1.7041 	 0.2241 	 0.8758 
0.7100 	 0.7080 	 1.7658 	 0.2539 	 0.8966 
0.7200 	 0.7736 	 1.8221 	 0.2840 	 0.9179 
0.7300 	 0.8342 	 1.8719 	 0.3132 	 0.9385 
0.7400 	 0.8872 	 1.9140 	 0.3398 	 0.9574 
0.7500 	 0.9304 	 1.9474 	 0.3622 	 0.9733 
0.7600 	 0.9620 	 1.9715 	 0.3791 	 0.9853 
0.7700 	 0.9823 	 1.9868 	 0.3902 	 0.9931 
0.7800 	 0.9932 	 1.9949 	 0.3962 	 0.9973 
0.7900 	 0.9979 	 1.9984 	 0.3988 	 0.9992 
0.8000 	 0.9995 	 1.9996 	 0.3997 	 0.9998 
0.8100 	 0.9999 	 1.9999 	 0.3999 	 1.0000 
0.8200 	 1.0000 	 2.0000 	 0.4000 	 1.0000 
0.8300 	 1.0000 	 2.0000 	 0.4000 	 1.0000 
0.8400 	 1.0000 	 2.0000 	 0.4000 	 1.0000 
0.8500 	 1.0000 	 2.0000 	 0.4000 	 1.0000 
0.8600 	 1.0000 	 2.0000 	 0.4000 	 1.0000 
0.8700 	 1.0000 	 2.0000 	 0.4000 	 1.0000 
0.8800 	 1.0000 	 2.0000 	 0.4000 	 1.0000 
0.8900 	 1.0000 	 2.0000 	 0.4000 	 1.0000 
0.9000 	 1.0000 	 2.0000 	 0.4000 	 1.0000 
0.9100 	 1.0000 	 2.0000 	 0.4000 	 1.0000 
0.9200 	 1.0000 	 2.0000 	 0.4000 	 1.0000 
0.9300 	 1.0000 	 2.0000 	 0.4000 	 1.0000 
0.9400 	 1.0000 	 2.0000 	 0.4000 	 1.0000 
0.9500 	 1.0000 	 2.0000 	 0.4000 	 1.0000 
0.9600 	 1.0000 	 2.0000 	 0.4000 	 1.0000 
0.9700 	 1.0000 	 2.0000 	 0.4000 	 1.0000 
0.9800 	 1.0000 	 2.0000 	 0.4000 	 1.0000 
0.9900 	 1.0000 	 2.0000 	 0.4000 	 1.0000 
