0.0000 	 1.0000 	 -2.0000 	 0.4000 	 1.0000 
0.0100 	 1.0000 	 -2.0000 	 0.4000 	 1.0000 
0.0200 	 1.0000 	 -2.0000 	 0.4000 	 1.0000 
0.0300 	 1.0000 	 -2.0000 	 0.4000 	 1.0000 
0.0400 	 1.0000 	 -2.0000 	 0.4000 	 1.0000 
0.0500 	 1.0000 	 -2.0000 	 0.4000 	 1.0000 
0.0600 	 1.0000 	 -2.0000 	 0.4000 	 1.0000 
0.0700 	 1.0000 	 -2.0000 	 0.4000 	 1.0000 
0.0800 	 1.0000 	 -2.0000 	 0.4000 	 1.0000 
0.0900 	 1.0000 	 -2.0000 	 0.4000 	 1.0000 
0.1000 	 1.0000 	 -2.0000 	 0.4000 	 1.0000 
0.1100 	 1.0000 	 -2.0000 	 0.4000 	 1.0000 
0.1200 	 1.0000 	 -2.0000 	 0.4000 	 1.0000 
0.1300 	 1.0000 	 -2.0000 	 0.4000 	 1.0000 
0.1400 	 1.0000 	 -2.0000 	 0.4000 	 1.0000 
0.1500 	 1.0000 	 -2.0000 	 0.4000 	 1.0000 
0.1600 	 1.0000 	 -2.0000 	 0.4000 	 1.0000 
0.1700 	 1.0000 	 -2.0000 	 0.4000 	 1.0000 
0.1800 	 1.0000 	 -2.0000 	 0.4000 	 1.0000 
0.1900 	 1.0000 	 -2.0000 	 0.4000 	 1.0000 
0.2000 	 1.0000 	 -2.0000 	 0.4000 	 1.0000 
0.2100 	 1.0000 	 -2.0000 	 0.4000 	 1.0000 
0.2200 	 1.0000 	 -2.0000 	 0.4000 	 1.0000 
0.2300 	 1.0000 	 -2.0000 	 0.4000 	 1.0000 
0.2400 	 1.0000 	 -2.0000 	 0.4000 	 1.0000 
0.2500 	 1.0000 	 -2.0000 	 0.4000 	 1.0000 
0.2600 	 1.0000 	 -2.0000 	 0.4000 	 1.0000 
0.2700 	 1.0000 	 -2.0000 	 0.4000 	 1.0000 
0.2800 	 1.0000 	 -2.0000 	 0.4000 	 1.0000 
0.2900 	 0.9999 	 -1.9999 	 0.3999 	 1.0000 
0.3000 	 0.9994 	 -1.9995 	 0.3996 	 0.9997 
0.3100 	 0.9970 	 -1.9978 	 0.3983 	 0.9988 
0.3200 	 0.9893 	 -1.9921 	 0.3941 	 0.9960 
0.3300 	 0.9702 	 -1.9781 	 0.3839 	 0.9892 
0.3400 	 0.9336 	 -1.9514 	 0.3649 	 0.9772 
0.3500 	 0.8765 	 -1.9093 	 0.3366 	 0.9602 
0.3600 	 0.8006 	 -1.8519 	 0.3011 	 0.9401 
0.3700 	 0.7109 	 -1.7808 	 0.2615 	 0.9197 
0.3800 	 0.6139 	 -1.6978 	 0.2213 	 0.9012 
0.3900 	 0.5161 	 -1.6047 	 0.1830 	 0.8864 
0.4000 	 0.4230 	 -1.5027 	 0.1483 	 0.8764 
0.4100 	 0.3388 	 -1.3927 	 0.1181 	 0.8718 
0.4200 	 0.2659 	 -1.2756 	 0.0928 	 0.8729 
0.4300 	 0.2053 	 -1.1523 	 0.0723 	 0.8804 
0.4400 	 0.1568 	 -1.0239 	 0.0561 	 0.8949 
0.4500 	 0.1193 	 -0.8919 	 0.0438 	 0.9173 
0.4600 	 0.0912 	 -0.7579 	 0.0346 	 0.9494 
0.4700 	 0.0710 	 -0.6202 	 0.0282 	 0.9941 
0.4800 	 0.0575 	 -0.4706 	 0.0243 	 1.0572 
0.4900 	 0.0493 	 -0.2943 	 0.0226 	 1.1490 
0.5000 	 0.0434 	 -0.0996 	 0.0222 	 1.2771 
0.5100 	 0.0454 	 0.0969 	 0.0222 	 1.2224 
0.5200 	 0.0503 	 0.2883 	 0.0229 	 1.1387 
0.5300 	 0.0578 	 0.4665 	 0.0245 	 1.0612 
0.5400 	 0.0708 	 0.6189 	 0.0283 	 1.0004 
0.5500 	 0.0908 	 0.7575 	 0.0347 	 0.9546 
0.5600 	 0.1189 	 0.8918 	 0.0438 	 0.9211 
0.5700 	 0.1565 	 1.0239 	 0.0562 	 0.8975 
0.5800 	 0.2051 	 1.1525 	 0.0724 	 0.8821 
0.5900 	 0.2658 	 1.2760 	 0.0929 	 0.8741 
0.6000 	 0.3388 	 1.3931 	 0.1182 	 0.8725 
0.6100 	 0.4231 	 1.5030 	 0.1484 	 0.8769 
0.6200 	 0.5162 	 1.6049 	 0.1831 	 0.8867 
0.6300 	 0.6140 	 1.6980 	 0.2214 	 0.9014 
0.6400 	 0.7110 	 1.7809 	 0.2616 	 0.9197 
0.6500 	 0.8007 	 1.8520 	 0.3011 	 0.9402 
0.6600 	 0.8765 	 1.9093 	 0.3367 	 0.9602 
0.6700 	 0.9336 	 1.9514 	 0.3649 	 0.9772 
0.6800 	 0.9702 	 1.9781 	 0.3839 	 0.9892 
0.6900 	 0.9893 	 1.9921 	 0.3941 	 0.9960 
0.7000 	 0.9970 	 1.9978 	 0.3983 	 0.9988 
0.7100 	 0.9994 	 1.9995 	 0.3996 	 0.9997 
0.7200 	 0.9999 	 1.9999 	 0.3999 	 1.0000 
0.7300 	 1.0000 	 2.0000 	 0.4000 	 1.0000 
0.7400 	 1.0000 	 2.0000 	 0.4000 	 1.0000 
0.7500 	 1.0000 	 2.0000 	 0.4000 	 1.0000 
0.7600 	 1.0000 	 2.0000 	 0.4000 	 1.0000 
0.7700 	 1.0000 	 2.0000 	 0.4000 	 1.0000 
0.7800 	 1.0000 	 2.0000 	 0.4000 	 1.0000 
0.7900 	 1.0000 	 2.0000 	 0.4000 	 1.0000 
0.8000 	 1.0000 	 2.0000 	 0.4000 	 1.0000 
0.8100 	 1.0000 	 2.0000 	 0.4000 	 1.0000 
0.8200 	 1.0000 	 2.0000 	 0.4000 	 1.0000 
0.8300 	 1.0000 	 2.0000 	 0.4000 	 1.0000 
0.8400 	 1.0000 	 2.0000 	 0.4000 	 1.0000 
0.8500 	 1.0000 	 2.0000 	 0.4000 	 1.0000 
0.8600 	 1.0000 	 2.0000 	 0.4000 	 1.0000 
0.8700 	 1.0000 	 2.0000 	 0.4000 	 1.0000 
0.8800 	 1.0000 	 2.0000 	 0.4000 	 1.0000 
0.8900 	 1.0000 	 2.0000 	 0.4000 	 1.0000 
0.9000 	 1.0000 	 2.0000 	 0.4000 	 1.0000 
0.9100 	 1.0000 	 2.0000 	 0.4000 	 1.0000 
0.9200 	 1.0000 	 2.0000 	 0.4000 	 1.0000 
0.9300 	 1.0000 	 2.0000 	 0.4000 	 1.0000 
0.9400 	 1.0000 	 2.0000 	 0.4000 	 1.0000 
0.9500 	 1.0000 	 2.0000 	 0.4000 	 1.0000 
0.9600 	 1.0000 	 2.0000 	 0.4000 	 1.0000 
0.9700 	 1.0000 	 2.0000 	 0.4000 	 1.0000 
0.9800 	 1.0000 	 2.0000 	 0.4000 	 1.0000 
0.9900 	 1.0000 	 2.0000 	 0.4000 	 1.0000 
