0.0000 	 1.0000 	 0.0000 	 1.0000 	 2.5000 
0.0100 	 1.0000 	 0.0000 	 1.0000 	 2.5000 
0.0200 	 1.0000 	 0.0000 	 1.0000 	 2.5000 
0.0300 	 1.0000 	 0.0000 	 1.0000 	 2.5000 
0.0400 	 1.0000 	 0.0000 	 1.0000 	 2.5000 
0.0500 	 1.0000 	 0.0000 	 1.0000 	 2.5000 
0.0600 	 1.0000 	 0.0000 	 1.0000 	 2.5000 
0.0700 	 1.0000 	 0.0000 	 1.0000 	 2.5000 
0.0800 	 1.0000 	 0.0000 	 1.0000 	 2.5000 
0.0900 	 1.0000 	 0.0000 	 1.0000 	 2.5000 
0.1000 	 1.0000 	 0.0000 	 1.0000 	 2.5000 
0.1100 	 1.0000 	 0.0000 	 1.0000 	 2.5000 
0.1200 	 1.0000 	 0.0000 	 1.0000 	 2.5000 
0.1300 	 1.0000 	 0.0000 	 1.0000 	 2.5000 
0.1400 	 1.0000 	 0.0000 	 1.0000 	 2.5000 
0.1500 	 1.0000 	 0.0000 	 1.0000 	 2.5000 
0.1600 	 1.0000 	 0.0000 	 1.0000 	 2.5000 
0.1700 	 1.0000 	 0.0000 	 1.0000 	 2.5000 
0.1800 	 1.0000 	 0.0000 	 1.0000 	 2.5000 
0.1900 	 1.0000 	 0.0000 	 1.0000 	 2.5000 
0.2000 	 1.0000 	 0.0000 	 1.0000 	 2.5000 
0.2100 	 1.0000 	 0.0000 	 1.0000 	 2.5000 
0.2200 	 1.0000 	 0.0000 	 1.0000 	 2.5000 
0.2300 	 1.0000 	 0.0000 	 1.0000 	 2.5000 
0.2400 	 1.0000 	 0.0000 	 1.0000 	 2.5000 
0.2500 	 1.0000 	 0.0000 	 1.0000 	 2.5000 
0.2600 	 1.0000 	 0.0000 	 1.0000 	 2.5000 
0.2700 	 1.0000 	 0.0000 	 1.0000 	 2.5000 
0.2800 	 1.0000 	 0.0000 	 1.0000 	 2.5000 
0.2900 	 1.0000 	 0.0000 	 1.0000 	 2.5000 
0.3000 	 0.9999 	 0.0001 	 0.9999 	 2.4999 
0.3100 	 0.9998 	 0.0003 	 0.9997 	 2.4998 
0.3200 	 0.9992 	 0.0010 	 0.9989 	 2.4992 
0.3300 	 0.9974 	 0.0031 	 0.9964 	 2.4974 
0.3400 	 0.9930 	 0.0083 	 0.9903 	 2.4930 
0.3500 	 0.9838 	 0.0193 	 0.9774 	 2.4838 
0.3600 	 0.9675 	 0.0391 	 0.9548 	 2.4673 
0.3700 	 0.9426 	 0.0696 	 0.9208 	 2.4421 
0.3800 	 0.9095 	 0.1113 	 0.8760 	 2.4078 
0.3900 	 0.8698 	 0.1628 	 0.8231 	 2.3656 
0.4000 	 0.8257 	 0.2225 	 0.7653 	 2.3172 
0.4100 	 0.7788 	 0.2889 	 0.7052 	 2.2639 
0.4200 	 0.7321 	 0.3580 	 0.6468 	 2.2088 
0.4300 	 0.6876 	 0.4272 	 0.5926 	 2.1543 
0.4400 	 0.6457 	 0.4960 	 0.5425 	 2.1007 
0.4500 	 0.6060 	 0.5640 	 0.4967 	 2.0490 
0.4600 	 0.5693 	 0.6309 	 0.4548 	 1.9974 
0.4700 	 0.5349 	 0.6961 	 0.4170 	 1.9489 
0.4800 	 0.5031 	 0.7589 	 0.3831 	 1.9038 
0.4900 	 0.4754 	 0.8169 	 0.3539 	 1.8611 
0.5000 	 0.4529 	 0.8669 	 0.3303 	 1.8232 
0.5100 	 0.4367 	 0.9036 	 0.3138 	 1.7965 
0.5200 	 0.4280 	 0.9223 	 0.3057 	 1.7858 
0.5300 	 0.4258 	 0.9255 	 0.3043 	 1.7869 
0.5400 	 0.4254 	 0.9254 	 0.3044 	 1.7890 
0.5500 	 0.4248 	 0.9265 	 0.3040 	 1.7892 
0.5600 	 0.4242 	 0.9272 	 0.3038 	 1.7901 
0.5700 	 0.4228 	 0.9278 	 0.3036 	 1.7951 
0.5800 	 0.4182 	 0.9282 	 0.3035 	 1.8143 
0.5900 	 0.4062 	 0.9284 	 0.3035 	 1.8682 
0.6000 	 0.3808 	 0.9288 	 0.3035 	 1.9925 
0.6100 	 0.3388 	 0.9290 	 0.3035 	 2.2398 
0.6200 	 0.3013 	 0.9290 	 0.3036 	 2.5191 
0.6300 	 0.2811 	 0.9293 	 0.3036 	 2.7000 
0.6400 	 0.2718 	 0.9295 	 0.3037 	 2.7939 
0.6500 	 0.2679 	 0.9297 	 0.3038 	 2.8355 
0.6600 	 0.2665 	 0.9303 	 0.3039 	 2.8510 
0.6700 	 0.2660 	 0.9304 	 0.3041 	 2.8574 
0.6800 	 0.2662 	 0.9303 	 0.3043 	 2.8585 
0.6900 	 0.2658 	 0.9310 	 0.3038 	 2.8578 
0.7000 	 0.2581 	 0.8921 	 0.2917 	 2.8255 
0.7100 	 0.1726 	 0.4101 	 0.1659 	 2.4032 
0.7200 	 0.1271 	 0.0177 	 0.1024 	 2.0138 
0.7300 	 0.1250 	 0.0003 	 0.1000 	 2.0003 
0.7400 	 0.1250 	 0.0000 	 0.1000 	 2.0000 
0.7500 	 0.1250 	 0.0000 	 0.1000 	 2.0000 
0.7600 	 0.1250 	 0.0000 	 0.1000 	 2.0000 
0.7700 	 0.1250 	 0.0000 	 0.1000 	 2.0000 
0.7800 	 0.1250 	 0.0000 	 0.1000 	 2.0000 
0.7900 	 0.1250 	 0.0000 	 0.1000 	 2.0000 
0.8000 	 0.1250 	 0.0000 	 0.1000 	 2.0000 
0.8100 	 0.1250 	 0.0000 	 0.1000 	 2.0000 
0.8200 	 0.1250 	 0.0000 	 0.1000 	 2.0000 
0.8300 	 0.1250 	 0.0000 	 0.1000 	 2.0000 
0.8400 	 0.1250 	 0.0000 	 0.1000 	 2.0000 
0.8500 	 0.1250 	 0.0000 	 0.1000 	 2.0000 
0.8600 	 0.1250 	 0.0000 	 0.1000 	 2.0000 
0.8700 	 0.1250 	 0.0000 	 0.1000 	 2.0000 
0.8800 	 0.1250 	 0.0000 	 0.1000 	 2.0000 
0.8900 	 0.1250 	 0.0000 	 0.1000 	 2.0000 
0.9000 	 0.1250 	 0.0000 	 0.1000 	 2.0000 
0.9100 	 0.1250 	 0.0000 	 0.1000 	 2.0000 
0.9200 	 0.1250 	 0.0000 	 0.1000 	 2.0000 
0.9300 	 0.1250 	 0.0000 	 0.1000 	 2.0000 
0.9400 	 0.1250 	 0.0000 	 0.1000 	 2.0000 
0.9500 	 0.1250 	 0.0000 	 0.1000 	 2.0000 
0.9600 	 0.1250 	 0.0000 	 0.1000 	 2.0000 
0.9700 	 0.1250 	 0.0000 	 0.1000 	 2.0000 
0.9800 	 0.1250 	 0.0000 	 0.1000 	 2.0000 
0.9900 	 0.1250 	 0.0000 	 0.1000 	 2.0000 
0.0000 	 0.1250 	 0.0000 	 0.1000 	 2.0000 
