0.0000 	 1.0000 	 0.0000 	 1.0000 	 2.5000 
0.0100 	 1.0000 	 0.0000 	 1.0000 	 2.5000 
0.0200 	 1.0000 	 0.0000 	 1.0000 	 2.5000 
0.0300 	 1.0000 	 0.0000 	 1.0000 	 2.5000 
0.0400 	 1.0000 	 0.0000 	 1.0000 	 2.5000 
0.0500 	 1.0000 	 0.0000 	 1.0000 	 2.5000 
0.0600 	 1.0000 	 0.0000 	 1.0000 	 2.5000 
0.0700 	 1.0000 	 0.0000 	 1.0000 	 2.5000 
0.0800 	 1.0000 	 0.0000 	 1.0000 	 2.5000 
0.0900 	 1.0000 	 0.0000 	 1.0000 	 2.5000 
0.1000 	 1.0000 	 0.0000 	 1.0000 	 2.5000 
0.1100 	 1.0000 	 0.0000 	 1.0000 	 2.5000 
0.1200 	 1.0000 	 0.0000 	 1.0000 	 2.5000 
0.1300 	 1.0000 	 0.0000 	 1.0000 	 2.5000 
0.1400 	 1.0000 	 0.0000 	 1.0000 	 2.5000 
0.1500 	 1.0000 	 0.0000 	 1.0000 	 2.5000 
0.1600 	 1.0000 	 0.0000 	 1.0000 	 2.5000 
0.1700 	 1.0000 	 0.0000 	 1.0000 	 2.5000 
0.1800 	 1.0000 	 0.0000 	 1.0000 	 2.5000 
0.1900 	 1.0000 	 0.0000 	 1.0000 	 2.5000 
0.2000 	 1.0000 	 0.0000 	 1.0000 	 2.5000 
0.2100 	 1.0000 	 0.0000 	 1.0000 	 2.5000 
0.2200 	 1.0000 	 0.0000 	 1.0000 	 2.5000 
0.2300 	 1.0000 	 0.0000 	 1.0000 	 2.5000 
0.2400 	 1.0000 	 0.0000 	 1.0000 	 2.5000 
0.2500 	 1.0000 	 0.0000 	 1.0000 	 2.5000 
0.2600 	 1.0000 	 0.0000 	 1.0000 	 2.5000 
0.2700 	 1.0000 	 0.0000 	 1.0000 	 2.5000 
0.2800 	 1.0000 	 0.0000 	 1.0000 	 2.5000 
0.2900 	 1.0000 	 0.0000 	 1.0000 	 2.5000 
0.3000 	 1.0000 	 0.0000 	 1.0000 	 2.5000 
0.3100 	 1.0000 	 0.0000 	 1.0000 	 2.5000 
0.3200 	 1.0000 	 0.0000 	 1.0000 	 2.5000 
0.3300 	 0.9998 	 0.0002 	 0.9998 	 2.4998 
0.3400 	 0.9993 	 0.0008 	 0.9991 	 2.4993 
0.3500 	 0.9977 	 0.0028 	 0.9967 	 2.4977 
0.3600 	 0.9932 	 0.0081 	 0.9904 	 2.4932 
0.3700 	 0.9831 	 0.0201 	 0.9765 	 2.4831 
0.3800 	 0.9646 	 0.0425 	 0.9509 	 2.4645 
0.3900 	 0.9358 	 0.0781 	 0.9115 	 2.4352 
0.4000 	 0.8971 	 0.1273 	 0.8593 	 2.3949 
0.4100 	 0.8505 	 0.1887 	 0.7978 	 2.3450 
0.4200 	 0.7987 	 0.2603 	 0.7308 	 2.2873 
0.4300 	 0.7446 	 0.3393 	 0.6625 	 2.2243 
0.4400 	 0.6926 	 0.4194 	 0.5988 	 2.1612 
0.4500 	 0.6439 	 0.4989 	 0.5408 	 2.0996 
0.4600 	 0.5989 	 0.5772 	 0.4884 	 2.0387 
0.4700 	 0.5568 	 0.6536 	 0.4416 	 1.9825 
0.4800 	 0.5188 	 0.7272 	 0.4001 	 1.9279 
0.4900 	 0.4860 	 0.7956 	 0.3646 	 1.8755 
0.5000 	 0.4584 	 0.8549 	 0.3359 	 1.8321 
0.5100 	 0.4377 	 0.8992 	 0.3158 	 1.8038 
0.5200 	 0.4270 	 0.9219 	 0.3060 	 1.7911 
0.5300 	 0.4252 	 0.9257 	 0.3044 	 1.7898 
0.5400 	 0.4253 	 0.9255 	 0.3046 	 1.7903 
0.5500 	 0.4246 	 0.9266 	 0.3042 	 1.7910 
0.5600 	 0.4223 	 0.9275 	 0.3039 	 1.7992 
0.5700 	 0.4150 	 0.9281 	 0.3038 	 1.8302 
0.5800 	 0.3967 	 0.9286 	 0.3037 	 1.9138 
0.5900 	 0.3613 	 0.9288 	 0.3037 	 2.1017 
0.6000 	 0.3153 	 0.9293 	 0.3037 	 2.4079 
0.6100 	 0.2875 	 0.9297 	 0.3037 	 2.6412 
0.6200 	 0.2744 	 0.9298 	 0.3039 	 2.7692 
0.6300 	 0.2690 	 0.9303 	 0.3040 	 2.8257 
0.6400 	 0.2668 	 0.9309 	 0.3040 	 2.8490 
0.6500 	 0.2663 	 0.9308 	 0.3043 	 2.8570 
0.6600 	 0.2660 	 0.9312 	 0.3041 	 2.8588 
0.6700 	 0.2608 	 0.9069 	 0.2962 	 2.8397 
0.6800 	 0.1857 	 0.5019 	 0.1850 	 2.4899 
0.6900 	 0.1283 	 0.0284 	 0.1038 	 2.0226 
0.7000 	 0.1251 	 0.0005 	 0.1001 	 2.0004 
0.7100 	 0.1250 	 0.0000 	 0.1000 	 2.0000 
0.7200 	 0.1250 	 0.0000 	 0.1000 	 2.0000 
0.7300 	 0.1250 	 0.0000 	 0.1000 	 2.0000 
0.7400 	 0.1250 	 0.0000 	 0.1000 	 2.0000 
0.7500 	 0.1250 	 0.0000 	 0.1000 	 2.0000 
0.7600 	 0.1250 	 0.0000 	 0.1000 	 2.0000 
0.7700 	 0.1250 	 0.0000 	 0.1000 	 2.0000 
0.7800 	 0.1250 	 0.0000 	 0.1000 	 2.0000 
0.7900 	 0.1250 	 0.0000 	 0.1000 	 2.0000 
0.8000 	 0.1250 	 0.0000 	 0.1000 	 2.0000 
0.8100 	 0.1250 	 0.0000 	 0.1000 	 2.0000 
0.8200 	 0.1250 	 0.0000 	 0.1000 	 2.0000 
0.8300 	 0.1250 	 0.0000 	 0.1000 	 2.0000 
0.8400 	 0.1250 	 0.0000 	 0.1000 	 2.0000 
0.8500 	 0.1250 	 0.0000 	 0.1000 	 2.0000 
0.8600 	 0.1250 	 0.0000 	 0.1000 	 2.0000 
0.8700 	 0.1250 	 0.0000 	 0.1000 	 2.0000 
0.8800 	 0.1250 	 0.0000 	 0.1000 	 2.0000 
0.8900 	 0.1250 	 0.0000 	 0.1000 	 2.0000 
0.9000 	 0.1250 	 0.0000 	 0.1000 	 2.0000 
0.9100 	 0.1250 	 0.0000 	 0.1000 	 2.0000 
0.9200 	 0.1250 	 0.0000 	 0.1000 	 2.0000 
0.9300 	 0.1250 	 0.0000 	 0.1000 	 2.0000 
0.9400 	 0.1250 	 0.0000 	 0.1000 	 2.0000 
0.9500 	 0.1250 	 0.0000 	 0.1000 	 2.0000 
0.9600 	 0.1250 	 0.0000 	 0.1000 	 2.0000 
0.9700 	 0.1250 	 0.0000 	 0.1000 	 2.0000 
0.9800 	 0.1250 	 0.0000 	 0.1000 	 2.0000 
0.9900 	 0.1250 	 0.0000 	 0.1000 	 2.0000 
0.0000 	 0.1250 	 0.0000 	 0.1000 	 2.0000 
