0.0000 	 1.0000 	 0.0000 	 1.0000 	 2.5000 
0.0100 	 1.0000 	 0.0000 	 1.0000 	 2.5000 
0.0200 	 1.0000 	 0.0000 	 1.0000 	 2.5000 
0.0300 	 1.0000 	 0.0000 	 1.0000 	 2.5000 
0.0400 	 1.0000 	 0.0000 	 1.0000 	 2.5000 
0.0500 	 1.0000 	 0.0000 	 1.0000 	 2.5000 
0.0600 	 1.0000 	 0.0000 	 1.0000 	 2.5000 
0.0700 	 1.0000 	 0.0000 	 1.0000 	 2.5000 
0.0800 	 1.0000 	 0.0000 	 1.0000 	 2.5000 
0.0900 	 1.0000 	 0.0000 	 1.0000 	 2.5000 
0.1000 	 1.0000 	 0.0000 	 1.0000 	 2.5000 
0.1100 	 1.0000 	 0.0000 	 1.0000 	 2.5000 
0.1200 	 1.0000 	 0.0000 	 1.0000 	 2.5000 
0.1300 	 1.0000 	 0.0000 	 1.0000 	 2.5000 
0.1400 	 1.0000 	 0.0000 	 1.0000 	 2.5000 
0.1500 	 1.0000 	 0.0000 	 1.0000 	 2.5000 
0.1600 	 1.0000 	 0.0000 	 1.0000 	 2.5000 
0.1700 	 1.0000 	 0.0000 	 1.0000 	 2.5000 
0.1800 	 1.0000 	 0.0000 	 1.0000 	 2.5000 
0.1900 	 1.0000 	 0.0000 	 1.0000 	 2.5000 
0.2000 	 1.0000 	 0.0000 	 1.0000 	 2.5000 
0.2100 	 1.0000 	 0.0000 	 1.0000 	 2.5000 
0.2200 	 1.0000 	 0.0000 	 1.0000 	 2.5000 
0.2300 	 1.0000 	 0.0000 	 1.0000 	 2.5000 
0.2400 	 1.0000 	 0.0000 	 1.0000 	 2.5000 
0.2500 	 1.0000 	 0.0000 	 1.0000 	 2.5000 
0.2600 	 1.0000 	 0.0000 	 1.0000 	 2.5000 
0.2700 	 1.0000 	 0.0000 	 1.0000 	 2.5000 
0.2800 	 1.0000 	 0.0000 	 1.0000 	 2.5000 
0.2900 	 1.0000 	 0.0000 	 1.0000 	 2.5000 
0.3000 	 1.0000 	 0.0000 	 1.0000 	 2.5000 
0.3100 	 1.0000 	 0.0000 	 1.0000 	 2.5000 
0.3200 	 1.0000 	 0.0000 	 1.0000 	 2.5000 
0.3300 	 1.0000 	 0.0000 	 1.0000 	 2.5000 
0.3400 	 1.0000 	 0.0000 	 1.0000 	 2.5000 
0.3500 	 1.0000 	 0.0000 	 1.0000 	 2.5000 
0.3600 	 1.0000 	 0.0000 	 1.0000 	 2.5000 
0.3700 	 1.0000 	 0.0000 	 1.0000 	 2.5000 
0.3800 	 1.0000 	 0.0000 	 1.0000 	 2.5000 
0.3900 	 1.0000 	 0.0000 	 1.0000 	 2.5000 
0.4000 	 1.0000 	 0.0000 	 1.0000 	 2.5000 
0.4100 	 1.0000 	 0.0000 	 1.0000 	 2.5000 
0.4200 	 1.0000 	 0.0000 	 1.0000 	 2.5000 
0.4300 	 1.0000 	 0.0000 	 1.0000 	 2.5000 
0.4400 	 0.9999 	 0.0001 	 0.9999 	 2.4999 
0.4500 	 0.9992 	 0.0009 	 0.9989 	 2.4992 
0.4600 	 0.9942 	 0.0068 	 0.9920 	 2.4943 
0.4700 	 0.9707 	 0.0353 	 0.9595 	 2.4711 
0.4800 	 0.8979 	 0.1274 	 0.8628 	 2.4021 
0.4900 	 0.7470 	 0.3381 	 0.6763 	 2.2634 
0.5000 	 0.5760 	 0.6221 	 0.4688 	 2.0347 
0.5100 	 0.4492 	 0.8399 	 0.3477 	 1.9353 
0.5200 	 0.3526 	 0.9320 	 0.3066 	 2.1742 
0.5300 	 0.2811 	 0.8943 	 0.2931 	 2.6066 
0.5400 	 0.2139 	 0.6420 	 0.2197 	 2.5669 
0.5500 	 0.1416 	 0.1438 	 0.1203 	 2.1245 
0.5600 	 0.1264 	 0.0123 	 0.1016 	 2.0094 
0.5700 	 0.1251 	 0.0008 	 0.1001 	 2.0006 
0.5800 	 0.1250 	 0.0000 	 0.1000 	 2.0000 
0.5900 	 0.1250 	 0.0000 	 0.1000 	 2.0000 
0.6000 	 0.1250 	 0.0000 	 0.1000 	 2.0000 
0.6100 	 0.1250 	 0.0000 	 0.1000 	 2.0000 
0.6200 	 0.1250 	 0.0000 	 0.1000 	 2.0000 
0.6300 	 0.1250 	 0.0000 	 0.1000 	 2.0000 
0.6400 	 0.1250 	 0.0000 	 0.1000 	 2.0000 
0.6500 	 0.1250 	 0.0000 	 0.1000 	 2.0000 
0.6600 	 0.1250 	 0.0000 	 0.1000 	 2.0000 
0.6700 	 0.1250 	 0.0000 	 0.1000 	 2.0000 
0.6800 	 0.1250 	 0.0000 	 0.1000 	 2.0000 
0.6900 	 0.1250 	 0.0000 	 0.1000 	 2.0000 
0.7000 	 0.1250 	 0.0000 	 0.1000 	 2.0000 
0.7100 	 0.1250 	 0.0000 	 0.1000 	 2.0000 
0.7200 	 0.1250 	 0.0000 	 0.1000 	 2.0000 
0.7300 	 0.1250 	 0.0000 	 0.1000 	 2.0000 
0.7400 	 0.1250 	 0.0000 	 0.1000 	 2.0000 
0.7500 	 0.1250 	 0.0000 	 0.1000 	 2.0000 
0.7600 	 0.1250 	 0.0000 	 0.1000 	 2.0000 
0.7700 	 0.1250 	 0.0000 	 0.1000 	 2.0000 
0.7800 	 0.1250 	 0.0000 	 0.1000 	 2.0000 
0.7900 	 0.1250 	 0.0000 	 0.1000 	 2.0000 
0.8000 	 0.1250 	 0.0000 	 0.1000 	 2.0000 
0.8100 	 0.1250 	 0.0000 	 0.1000 	 2.0000 
0.8200 	 0.1250 	 0.0000 	 0.1000 	 2.0000 
0.8300 	 0.1250 	 0.0000 	 0.1000 	 2.0000 
0.8400 	 0.1250 	 0.0000 	 0.1000 	 2.0000 
0.8500 	 0.1250 	 0.0000 	 0.1000 	 2.0000 
0.8600 	 0.1250 	 0.0000 	 0.1000 	 2.0000 
0.8700 	 0.1250 	 0.0000 	 0.1000 	 2.0000 
0.8800 	 0.1250 	 0.0000 	 0.1000 	 2.0000 
0.8900 	 0.1250 	 0.0000 	 0.1000 	 2.0000 
0.9000 	 0.1250 	 0.0000 	 0.1000 	 2.0000 
0.9100 	 0.1250 	 0.0000 	 0.1000 	 2.0000 
0.9200 	 0.1250 	 0.0000 	 0.1000 	 2.0000 
0.9300 	 0.1250 	 0.0000 	 0.1000 	 2.0000 
0.9400 	 0.1250 	 0.0000 	 0.1000 	 2.0000 
0.9500 	 0.1250 	 0.0000 	 0.1000 	 2.0000 
0.9600 	 0.1250 	 0.0000 	 0.1000 	 2.0000 
0.9700 	 0.1250 	 0.0000 	 0.1000 	 2.0000 
0.9800 	 0.1250 	 0.0000 	 0.1000 	 2.0000 
0.9900 	 0.1250 	 0.0000 	 0.1000 	 2.0000 
0.0000 	 0.1250 	 0.0000 	 0.1000 	 2.0000 
