0.0000 	 0.9995 	 -1.9996 	 0.3997 	 0.9998 
0.0100 	 0.9984 	 -1.9988 	 0.3991 	 0.9993 
0.0200 	 0.9958 	 -1.9969 	 0.3977 	 0.9983 
0.0300 	 0.9907 	 -1.9930 	 0.3948 	 0.9963 
0.0400 	 0.9818 	 -1.9863 	 0.3898 	 0.9927 
0.0500 	 0.9680 	 -1.9759 	 0.3823 	 0.9873 
0.0600 	 0.9490 	 -1.9613 	 0.3719 	 0.9797 
0.0700 	 0.9247 	 -1.9423 	 0.3587 	 0.9699 
0.0800 	 0.8956 	 -1.9193 	 0.3433 	 0.9582 
0.0900 	 0.8627 	 -1.8926 	 0.3261 	 0.9449 
0.1000 	 0.8268 	 -1.8626 	 0.3076 	 0.9302 
0.1100 	 0.7888 	 -1.8299 	 0.2885 	 0.9145 
0.1200 	 0.7493 	 -1.7948 	 0.2692 	 0.8981 
0.1300 	 0.7091 	 -1.7577 	 0.2500 	 0.8813 
0.1400 	 0.6686 	 -1.7189 	 0.2311 	 0.8643 
0.1500 	 0.6281 	 -1.6786 	 0.2129 	 0.8473 
0.1600 	 0.5881 	 -1.6370 	 0.1954 	 0.8305 
0.1700 	 0.5488 	 -1.5942 	 0.1787 	 0.8142 
0.1800 	 0.5103 	 -1.5504 	 0.1630 	 0.7984 
0.1900 	 0.4729 	 -1.5057 	 0.1481 	 0.7832 
0.2000 	 0.4367 	 -1.4600 	 0.1343 	 0.7687 
0.2100 	 0.4019 	 -1.4135 	 0.1214 	 0.7551 
0.2200 	 0.3686 	 -1.3661 	 0.1095 	 0.7424 
0.2300 	 0.3368 	 -1.3181 	 0.0984 	 0.7306 
0.2400 	 0.3068 	 -1.2692 	 0.0883 	 0.7198 
0.2500 	 0.2785 	 -1.2197 	 0.0791 	 0.7099 
0.2600 	 0.2520 	 -1.1696 	 0.0707 	 0.7011 
0.2700 	 0.2273 	 -1.1188 	 0.0630 	 0.6933 
0.2800 	 0.2045 	 -1.0674 	 0.0561 	 0.6865 
0.2900 	 0.1834 	 -1.0155 	 0.0499 	 0.6807 
0.3000 	 0.1641 	 -0.9631 	 0.0444 	 0.6760 
0.3100 	 0.1466 	 -0.9103 	 0.0394 	 0.6724 
0.3200 	 0.1306 	 -0.8571 	 0.0350 	 0.6699 
0.3300 	 0.1162 	 -0.8037 	 0.0311 	 0.6685 
0.3400 	 0.1033 	 -0.7502 	 0.0276 	 0.6684 
0.3500 	 0.0917 	 -0.6966 	 0.0246 	 0.6695 
0.3600 	 0.0814 	 -0.6431 	 0.0219 	 0.6720 
0.3700 	 0.0723 	 -0.5897 	 0.0196 	 0.6760 
0.3800 	 0.0643 	 -0.5366 	 0.0175 	 0.6817 
0.3900 	 0.0572 	 -0.4840 	 0.0158 	 0.6893 
0.4000 	 0.0509 	 -0.4321 	 0.0142 	 0.6988 
0.4100 	 0.0455 	 -0.3812 	 0.0129 	 0.7106 
0.4200 	 0.0407 	 -0.3315 	 0.0118 	 0.7249 
0.4300 	 0.0366 	 -0.2833 	 0.0109 	 0.7419 
0.4400 	 0.0330 	 -0.2370 	 0.0101 	 0.7619 
0.4500 	 0.0299 	 -0.1930 	 0.0094 	 0.7854 
0.4600 	 0.0273 	 -0.1517 	 0.0089 	 0.8125 
0.4700 	 0.0251 	 -0.1135 	 0.0085 	 0.8439 
0.4800 	 0.0233 	 -0.0785 	 0.0082 	 0.8804 
0.4900 	 0.0216 	 -0.0463 	 0.0080 	 0.9239 
0.5000 	 0.0201 	 -0.0158 	 0.0079 	 0.9831 
0.5100 	 0.0215 	 0.0138 	 0.0079 	 0.9182 
0.5200 	 0.0224 	 0.0440 	 0.0080 	 0.8917 
0.5300 	 0.0237 	 0.0763 	 0.0082 	 0.8633 
0.5400 	 0.0254 	 0.1115 	 0.0085 	 0.8356 
0.5500 	 0.0274 	 0.1498 	 0.0089 	 0.8095 
0.5600 	 0.0299 	 0.1912 	 0.0094 	 0.7853 
0.5700 	 0.0329 	 0.2354 	 0.0101 	 0.7636 
0.5800 	 0.0365 	 0.2820 	 0.0109 	 0.7443 
0.5900 	 0.0406 	 0.3304 	 0.0118 	 0.7275 
0.6000 	 0.0453 	 0.3803 	 0.0129 	 0.7132 
0.6100 	 0.0508 	 0.4314 	 0.0142 	 0.7013 
0.6200 	 0.0570 	 0.4834 	 0.0158 	 0.6914 
0.6300 	 0.0641 	 0.5360 	 0.0175 	 0.6836 
0.6400 	 0.0722 	 0.5892 	 0.0196 	 0.6776 
0.6500 	 0.0813 	 0.6427 	 0.0219 	 0.6733 
0.6600 	 0.0916 	 0.6963 	 0.0246 	 0.6706 
0.6700 	 0.1032 	 0.7499 	 0.0276 	 0.6693 
0.6800 	 0.1161 	 0.8035 	 0.0311 	 0.6693 
0.6900 	 0.1305 	 0.8570 	 0.0350 	 0.6705 
0.7000 	 0.1464 	 0.9102 	 0.0394 	 0.6729 
0.7100 	 0.1640 	 0.9630 	 0.0444 	 0.6765 
0.7200 	 0.1833 	 1.0155 	 0.0499 	 0.6811 
0.7300 	 0.2044 	 1.0674 	 0.0562 	 0.6868 
0.7400 	 0.2273 	 1.1188 	 0.0630 	 0.6935 
0.7500 	 0.2520 	 1.1696 	 0.0707 	 0.7013 
0.7600 	 0.2785 	 1.2198 	 0.0791 	 0.7101 
0.7700 	 0.3068 	 1.2693 	 0.0883 	 0.7199 
0.7800 	 0.3369 	 1.3182 	 0.0985 	 0.7307 
0.7900 	 0.3686 	 1.3662 	 0.1095 	 0.7425 
0.8000 	 0.4020 	 1.4136 	 0.1214 	 0.7552 
0.8100 	 0.4368 	 1.4601 	 0.1343 	 0.7688 
0.8200 	 0.4730 	 1.5058 	 0.1482 	 0.7832 
0.8300 	 0.5104 	 1.5505 	 0.1630 	 0.7984 
0.8400 	 0.5488 	 1.5943 	 0.1788 	 0.8142 
0.8500 	 0.5882 	 1.6371 	 0.1954 	 0.8306 
0.8600 	 0.6282 	 1.6787 	 0.2129 	 0.8473 
0.8700 	 0.6686 	 1.7189 	 0.2312 	 0.8643 
0.8800 	 0.7092 	 1.7577 	 0.2500 	 0.8813 
0.8900 	 0.7494 	 1.7948 	 0.2692 	 0.8981 
0.9000 	 0.7888 	 1.8299 	 0.2885 	 0.9145 
0.9100 	 0.8268 	 1.8626 	 0.3077 	 0.9302 
0.9200 	 0.8627 	 1.8926 	 0.3261 	 0.9449 
0.9300 	 0.8957 	 1.9193 	 0.3433 	 0.9582 
0.9400 	 0.9247 	 1.9424 	 0.3587 	 0.9699 
0.9500 	 0.9490 	 1.9613 	 0.3719 	 0.9797 
0.9600 	 0.9680 	 1.9759 	 0.3823 	 0.9873 
0.9700 	 0.9818 	 1.9863 	 0.3899 	 0.9927 
0.9800 	 0.9907 	 1.9930 	 0.3948 	 0.9963 
0.9900 	 0.9958 	 1.9969 	 0.3977 	 0.9983 
