0.0000 	 1.0000 	 -2.0000 	 0.4000 	 1.0000 
0.0100 	 1.0000 	 -2.0000 	 0.4000 	 1.0000 
0.0200 	 1.0000 	 -2.0000 	 0.4000 	 1.0000 
0.0300 	 1.0000 	 -2.0000 	 0.4000 	 1.0000 
0.0400 	 1.0000 	 -2.0000 	 0.4000 	 1.0000 
0.0500 	 0.9999 	 -1.9999 	 0.3999 	 1.0000 
0.0600 	 0.9995 	 -1.9996 	 0.3997 	 0.9998 
0.0700 	 0.9984 	 -1.9988 	 0.3991 	 0.9994 
0.0800 	 0.9957 	 -1.9967 	 0.3976 	 0.9983 
0.0900 	 0.9898 	 -1.9924 	 0.3943 	 0.9959 
0.1000 	 0.9794 	 -1.9845 	 0.3886 	 0.9918 
0.1100 	 0.9631 	 -1.9721 	 0.3796 	 0.9853 
0.1200 	 0.9404 	 -1.9547 	 0.3672 	 0.9763 
0.1300 	 0.9114 	 -1.9320 	 0.3517 	 0.9648 
0.1400 	 0.8771 	 -1.9045 	 0.3337 	 0.9511 
0.1500 	 0.8384 	 -1.8728 	 0.3138 	 0.9356 
0.1600 	 0.7966 	 -1.8373 	 0.2928 	 0.9188 
0.1700 	 0.7526 	 -1.7987 	 0.2713 	 0.9011 
0.1800 	 0.7074 	 -1.7575 	 0.2498 	 0.8829 
0.1900 	 0.6616 	 -1.7140 	 0.2288 	 0.8646 
0.2000 	 0.6158 	 -1.6685 	 0.2085 	 0.8465 
0.2100 	 0.5704 	 -1.6214 	 0.1891 	 0.8288 
0.2200 	 0.5260 	 -1.5727 	 0.1708 	 0.8118 
0.2300 	 0.4827 	 -1.5226 	 0.1536 	 0.7957 
0.2400 	 0.4409 	 -1.4713 	 0.1377 	 0.7805 
0.2500 	 0.4009 	 -1.4187 	 0.1229 	 0.7665 
0.2600 	 0.3628 	 -1.3651 	 0.1094 	 0.7536 
0.2700 	 0.3269 	 -1.3104 	 0.0970 	 0.7419 
0.2800 	 0.2932 	 -1.2547 	 0.0858 	 0.7316 
0.2900 	 0.2619 	 -1.1981 	 0.0757 	 0.7225 
0.3000 	 0.2330 	 -1.1406 	 0.0666 	 0.7147 
0.3100 	 0.2065 	 -1.0823 	 0.0585 	 0.7082 
0.3200 	 0.1824 	 -1.0233 	 0.0513 	 0.7032 
0.3300 	 0.1606 	 -0.9636 	 0.0449 	 0.6994 
0.3400 	 0.1411 	 -0.9033 	 0.0394 	 0.6971 
0.3500 	 0.1237 	 -0.8427 	 0.0345 	 0.6963 
0.3600 	 0.1083 	 -0.7818 	 0.0302 	 0.6971 
0.3700 	 0.0947 	 -0.7208 	 0.0265 	 0.6995 
0.3800 	 0.0828 	 -0.6599 	 0.0233 	 0.7038 
0.3900 	 0.0724 	 -0.5991 	 0.0206 	 0.7101 
0.4000 	 0.0634 	 -0.5387 	 0.0182 	 0.7187 
0.4100 	 0.0556 	 -0.4790 	 0.0162 	 0.7298 
0.4200 	 0.0489 	 -0.4203 	 0.0146 	 0.7436 
0.4300 	 0.0432 	 -0.3628 	 0.0131 	 0.7604 
0.4400 	 0.0383 	 -0.3069 	 0.0120 	 0.7805 
0.4500 	 0.0341 	 -0.2530 	 0.0110 	 0.8040 
0.4600 	 0.0306 	 -0.2014 	 0.0102 	 0.8314 
0.4700 	 0.0277 	 -0.1526 	 0.0096 	 0.8631 
0.4800 	 0.0253 	 -0.1067 	 0.0091 	 0.9002 
0.4900 	 0.0233 	 -0.0635 	 0.0088 	 0.9450 
0.5000 	 0.0215 	 -0.0218 	 0.0087 	 1.0071 
0.5100 	 0.0230 	 0.0191 	 0.0087 	 0.9424 
0.5200 	 0.0241 	 0.0605 	 0.0088 	 0.9141 
0.5300 	 0.0257 	 0.1041 	 0.0091 	 0.8847 
0.5400 	 0.0279 	 0.1503 	 0.0096 	 0.8565 
0.5500 	 0.0307 	 0.1995 	 0.0102 	 0.8299 
0.5600 	 0.0341 	 0.2514 	 0.0110 	 0.8052 
0.5700 	 0.0382 	 0.3056 	 0.0120 	 0.7830 
0.5800 	 0.0430 	 0.3618 	 0.0131 	 0.7634 
0.5900 	 0.0488 	 0.4195 	 0.0146 	 0.7466 
0.6000 	 0.0554 	 0.4783 	 0.0162 	 0.7325 
0.6100 	 0.0632 	 0.5382 	 0.0182 	 0.7211 
0.6200 	 0.0722 	 0.5987 	 0.0206 	 0.7121 
0.6300 	 0.0826 	 0.6595 	 0.0233 	 0.7054 
0.6400 	 0.0945 	 0.7205 	 0.0265 	 0.7009 
0.6500 	 0.1081 	 0.7816 	 0.0302 	 0.6982 
0.6600 	 0.1236 	 0.8425 	 0.0345 	 0.6972 
0.6700 	 0.1410 	 0.9032 	 0.0394 	 0.6979 
0.6800 	 0.1605 	 0.9635 	 0.0449 	 0.7000 
0.6900 	 0.1823 	 1.0232 	 0.0513 	 0.7036 
0.7000 	 0.2064 	 1.0823 	 0.0585 	 0.7086 
0.7100 	 0.2329 	 1.1407 	 0.0666 	 0.7150 
0.7200 	 0.2618 	 1.1982 	 0.0757 	 0.7227 
0.7300 	 0.2932 	 1.2548 	 0.0858 	 0.7318 
0.7400 	 0.3269 	 1.3105 	 0.0970 	 0.7421 
0.7500 	 0.3629 	 1.3652 	 0.1094 	 0.7537 
0.7600 	 0.4010 	 1.4189 	 0.1229 	 0.7666 
0.7700 	 0.4410 	 1.4714 	 0.1377 	 0.7806 
0.7800 	 0.4828 	 1.5227 	 0.1537 	 0.7958 
0.7900 	 0.5261 	 1.5728 	 0.1708 	 0.8119 
0.8000 	 0.5705 	 1.6215 	 0.1892 	 0.8289 
0.8100 	 0.6159 	 1.6686 	 0.2085 	 0.8465 
0.8200 	 0.6617 	 1.7141 	 0.2288 	 0.8646 
0.8300 	 0.7075 	 1.7575 	 0.2499 	 0.8829 
0.8400 	 0.7527 	 1.7988 	 0.2713 	 0.9011 
0.8500 	 0.7967 	 1.8374 	 0.2928 	 0.9188 
0.8600 	 0.8385 	 1.8728 	 0.3138 	 0.9356 
0.8700 	 0.8771 	 1.9046 	 0.3337 	 0.9511 
0.8800 	 0.9114 	 1.9320 	 0.3517 	 0.9648 
0.8900 	 0.9404 	 1.9547 	 0.3672 	 0.9763 
0.9000 	 0.9631 	 1.9721 	 0.3796 	 0.9853 
0.9100 	 0.9794 	 1.9845 	 0.3886 	 0.9918 
0.9200 	 0.9898 	 1.9924 	 0.3943 	 0.9959 
0.9300 	 0.9957 	 1.9967 	 0.3976 	 0.9983 
0.9400 	 0.9984 	 1.9988 	 0.3991 	 0.9994 
0.9500 	 0.9995 	 1.9996 	 0.3997 	 0.9998 
0.9600 	 0.9999 	 1.9999 	 0.3999 	 1.0000 
0.9700 	 1.0000 	 2.0000 	 0.4000 	 1.0000 
0.9800 	 1.0000 	 2.0000 	 0.4000 	 1.0000 
0.9900 	 1.0000 	 2.0000 	 0.4000 	 1.0000 
