0.0000 	 1.0000 	 -2.0000 	 0.4000 	 1.0000 
0.0100 	 1.0000 	 -2.0000 	 0.4000 	 1.0000 
0.0200 	 1.0000 	 -2.0000 	 0.4000 	 1.0000 
0.0300 	 1.0000 	 -2.0000 	 0.4000 	 1.0000 
0.0400 	 1.0000 	 -2.0000 	 0.4000 	 1.0000 
0.0500 	 1.0000 	 -2.0000 	 0.4000 	 1.0000 
0.0600 	 1.0000 	 -2.0000 	 0.4000 	 1.0000 
0.0700 	 1.0000 	 -2.0000 	 0.4000 	 1.0000 
0.0800 	 1.0000 	 -2.0000 	 0.4000 	 1.0000 
0.0900 	 1.0000 	 -2.0000 	 0.4000 	 1.0000 
0.1000 	 1.0000 	 -2.0000 	 0.4000 	 1.0000 
0.1100 	 1.0000 	 -2.0000 	 0.4000 	 1.0000 
0.1200 	 1.0000 	 -2.0000 	 0.4000 	 1.0000 
0.1300 	 1.0000 	 -2.0000 	 0.4000 	 1.0000 
0.1400 	 1.0000 	 -2.0000 	 0.4000 	 1.0000 
0.1500 	 1.0000 	 -2.0000 	 0.4000 	 1.0000 
0.1600 	 1.0000 	 -2.0000 	 0.4000 	 1.0000 
0.1700 	 1.0000 	 -2.0000 	 0.4000 	 1.0000 
0.1800 	 1.0000 	 -2.0000 	 0.4000 	 1.0000 
0.1900 	 1.0000 	 -2.0000 	 0.4000 	 1.0000 
0.2000 	 1.0000 	 -2.0000 	 0.4000 	 1.0000 
0.2100 	 1.0000 	 -2.0000 	 0.4000 	 1.0000 
0.2200 	 1.0000 	 -2.0000 	 0.4000 	 1.0000 
0.2300 	 1.0000 	 -2.0000 	 0.4000 	 1.0000 
0.2400 	 1.0000 	 -2.0000 	 0.4000 	 1.0000 
0.2500 	 1.0000 	 -2.0000 	 0.4000 	 1.0000 
0.2600 	 1.0000 	 -2.0000 	 0.4000 	 1.0000 
0.2700 	 1.0000 	 -2.0000 	 0.4000 	 1.0000 
0.2800 	 1.0000 	 -2.0000 	 0.4000 	 1.0000 
0.2900 	 1.0000 	 -2.0000 	 0.4000 	 1.0000 
0.3000 	 1.0000 	 -2.0000 	 0.4000 	 1.0000 
0.3100 	 1.0000 	 -2.0000 	 0.4000 	 1.0000 
0.3200 	 1.0000 	 -2.0000 	 0.4000 	 1.0000 
0.3300 	 1.0000 	 -2.0000 	 0.4000 	 1.0000 
0.3400 	 1.0000 	 -2.0000 	 0.4000 	 1.0000 
0.3500 	 1.0000 	 -2.0000 	 0.4000 	 1.0000 
0.3600 	 0.9996 	 -1.9997 	 0.3998 	 0.9999 
0.3700 	 0.9976 	 -1.9983 	 0.3987 	 0.9992 
0.3800 	 0.9895 	 -1.9927 	 0.3946 	 0.9968 
0.3900 	 0.9656 	 -1.9765 	 0.3827 	 0.9908 
0.4000 	 0.9126 	 -1.9410 	 0.3577 	 0.9800 
0.4100 	 0.8225 	 -1.8798 	 0.3179 	 0.9664 
0.4200 	 0.7004 	 -1.7915 	 0.2674 	 0.9545 
0.4300 	 0.5622 	 -1.6779 	 0.2134 	 0.9487 
0.4400 	 0.4268 	 -1.5415 	 0.1626 	 0.9523 
0.4500 	 0.3085 	 -1.3842 	 0.1194 	 0.9674 
0.4600 	 0.2149 	 -1.2080 	 0.0856 	 0.9962 
0.4700 	 0.1470 	 -1.0152 	 0.0613 	 1.0416 
0.4800 	 0.1031 	 -0.8000 	 0.0460 	 1.1139 
0.4900 	 0.0826 	 -0.5075 	 0.0415 	 1.2577 
0.5000 	 0.0712 	 -0.1666 	 0.0422 	 1.4828 
0.5100 	 0.0733 	 0.1689 	 0.0420 	 1.4327 
0.5200 	 0.0833 	 0.4994 	 0.0421 	 1.2622 
0.5300 	 0.1029 	 0.7972 	 0.0462 	 1.1237 
0.5400 	 0.1465 	 1.0154 	 0.0614 	 1.0474 
0.5500 	 0.2145 	 1.2086 	 0.0858 	 0.9995 
0.5600 	 0.3084 	 1.3849 	 0.1196 	 0.9691 
0.5700 	 0.4269 	 1.5420 	 0.1627 	 0.9531 
0.5800 	 0.5624 	 1.6782 	 0.2135 	 0.9490 
0.5900 	 0.7004 	 1.7917 	 0.2675 	 0.9546 
0.6000 	 0.8225 	 1.8799 	 0.3180 	 0.9664 
0.6100 	 0.9126 	 1.9410 	 0.3577 	 0.9800 
0.6200 	 0.9656 	 1.9765 	 0.3827 	 0.9908 
0.6300 	 0.9895 	 1.9927 	 0.3946 	 0.9968 
0.6400 	 0.9976 	 1.9983 	 0.3987 	 0.9992 
0.6500 	 0.9996 	 1.9997 	 0.3998 	 0.9999 
0.6600 	 1.0000 	 2.0000 	 0.4000 	 1.0000 
0.6700 	 1.0000 	 2.0000 	 0.4000 	 1.0000 
0.6800 	 1.0000 	 2.0000 	 0.4000 	 1.0000 
0.6900 	 1.0000 	 2.0000 	 0.4000 	 1.0000 
0.7000 	 1.0000 	 2.0000 	 0.4000 	 1.0000 
0.7100 	 1.0000 	 2.0000 	 0.4000 	 1.0000 
0.7200 	 1.0000 	 2.0000 	 0.4000 	 1.0000 
0.7300 	 1.0000 	 2.0000 	 0.4000 	 1.0000 
0.7400 	 1.0000 	 2.0000 	 0.4000 	 1.0000 
0.7500 	 1.0000 	 2.0000 	 0.4000 	 1.0000 
0.7600 	 1.0000 	 2.0000 	 0.4000 	 1.0000 
0.7700 	 1.0000 	 2.0000 	 0.4000 	 1.0000 
0.7800 	 1.0000 	 2.0000 	 0.4000 	 1.0000 
0.7900 	 1.0000 	 2.0000 	 0.4000 	 1.0000 
0.8000 	 1.0000 	 2.0000 	 0.4000 	 1.0000 
0.8100 	 1.0000 	 2.0000 	 0.4000 	 1.0000 
0.8200 	 1.0000 	 2.0000 	 0.4000 	 1.0000 
0.8300 	 1.0000 	 2.0000 	 0.4000 	 1.0000 
0.8400 	 1.0000 	 2.0000 	 0.4000 	 1.0000 
0.8500 	 1.0000 	 2.0000 	 0.4000 	 1.0000 
0.8600 	 1.0000 	 2.0000 	 0.4000 	 1.0000 
0.8700 	 1.0000 	 2.0000 	 0.4000 	 1.0000 
0.8800 	 1.0000 	 2.0000 	 0.4000 	 1.0000 
0.8900 	 1.0000 	 2.0000 	 0.4000 	 1.0000 
0.9000 	 1.0000 	 2.0000 	 0.4000 	 1.0000 
0.9100 	 1.0000 	 2.0000 	 0.4000 	 1.0000 
0.9200 	 1.0000 	 2.0000 	 0.4000 	 1.0000 
0.9300 	 1.0000 	 2.0000 	 0.4000 	 1.0000 
0.9400 	 1.0000 	 2.0000 	 0.4000 	 1.0000 
0.9500 	 1.0000 	 2.0000 	 0.4000 	 1.0000 
0.9600 	 1.0000 	 2.0000 	 0.4000 	 1.0000 
0.9700 	 1.0000 	 2.0000 	 0.4000 	 1.0000 
0.9800 	 1.0000 	 2.0000 	 0.4000 	 1.0000 
0.9900 	 1.0000 	 2.0000 	 0.4000 	 1.0000 
