0.0000 	 1.0000 	 -2.0000 	 0.4000 	 1.0000 
0.0100 	 1.0000 	 -2.0000 	 0.4000 	 1.0000 
0.0200 	 1.0000 	 -2.0000 	 0.4000 	 1.0000 
0.0300 	 1.0000 	 -2.0000 	 0.4000 	 1.0000 
0.0400 	 1.0000 	 -2.0000 	 0.4000 	 1.0000 
0.0500 	 1.0000 	 -2.0000 	 0.4000 	 1.0000 
0.0600 	 1.0000 	 -2.0000 	 0.4000 	 1.0000 
0.0700 	 1.0000 	 -2.0000 	 0.4000 	 1.0000 
0.0800 	 1.0000 	 -2.0000 	 0.4000 	 1.0000 
0.0900 	 1.0000 	 -2.0000 	 0.4000 	 1.0000 
0.1000 	 0.9999 	 -1.9999 	 0.4000 	 1.0000 
0.1100 	 0.9997 	 -1.9997 	 0.3998 	 0.9999 
0.1200 	 0.9987 	 -1.9991 	 0.3993 	 0.9995 
0.1300 	 0.9962 	 -1.9971 	 0.3979 	 0.9985 
0.1400 	 0.9903 	 -1.9928 	 0.3946 	 0.9961 
0.1500 	 0.9792 	 -1.9844 	 0.3885 	 0.9918 
0.1600 	 0.9612 	 -1.9707 	 0.3786 	 0.9846 
0.1700 	 0.9355 	 -1.9509 	 0.3647 	 0.9745 
0.1800 	 0.9023 	 -1.9250 	 0.3470 	 0.9615 
0.1900 	 0.8628 	 -1.8933 	 0.3265 	 0.9460 
0.2000 	 0.8183 	 -1.8565 	 0.3040 	 0.9286 
0.2100 	 0.7703 	 -1.8154 	 0.2804 	 0.9100 
0.2200 	 0.7199 	 -1.7707 	 0.2565 	 0.8907 
0.2300 	 0.6684 	 -1.7229 	 0.2329 	 0.8713 
0.2400 	 0.6165 	 -1.6724 	 0.2101 	 0.8521 
0.2500 	 0.5650 	 -1.6196 	 0.1884 	 0.8337 
0.2600 	 0.5146 	 -1.5647 	 0.1680 	 0.8162 
0.2700 	 0.4657 	 -1.5080 	 0.1490 	 0.8000 
0.2800 	 0.4189 	 -1.4497 	 0.1315 	 0.7851 
0.2900 	 0.3744 	 -1.3897 	 0.1156 	 0.7717 
0.3000 	 0.3327 	 -1.3283 	 0.1011 	 0.7599 
0.3100 	 0.2940 	 -1.2655 	 0.0882 	 0.7497 
0.3200 	 0.2584 	 -1.2014 	 0.0766 	 0.7412 
0.3300 	 0.2260 	 -1.1361 	 0.0664 	 0.7344 
0.3400 	 0.1967 	 -1.0698 	 0.0574 	 0.7293 
0.3500 	 0.1706 	 -1.0025 	 0.0495 	 0.7259 
0.3600 	 0.1474 	 -0.9344 	 0.0427 	 0.7244 
0.3700 	 0.1271 	 -0.8657 	 0.0368 	 0.7248 
0.3800 	 0.1093 	 -0.7966 	 0.0318 	 0.7273 
0.3900 	 0.0940 	 -0.7275 	 0.0275 	 0.7320 
0.4000 	 0.0808 	 -0.6584 	 0.0239 	 0.7392 
0.4100 	 0.0696 	 -0.5894 	 0.0208 	 0.7493 
0.4200 	 0.0600 	 -0.5212 	 0.0183 	 0.7624 
0.4300 	 0.0520 	 -0.4540 	 0.0162 	 0.7789 
0.4400 	 0.0452 	 -0.3880 	 0.0145 	 0.7991 
0.4500 	 0.0395 	 -0.3237 	 0.0130 	 0.8232 
0.4600 	 0.0349 	 -0.2613 	 0.0119 	 0.8514 
0.4700 	 0.0310 	 -0.2011 	 0.0110 	 0.8841 
0.4800 	 0.0279 	 -0.1429 	 0.0103 	 0.9224 
0.4900 	 0.0254 	 -0.0863 	 0.0098 	 0.9694 
0.5000 	 0.0232 	 -0.0297 	 0.0096 	 1.0355 
0.5100 	 0.0248 	 0.0262 	 0.0096 	 0.9713 
0.5200 	 0.0262 	 0.0823 	 0.0098 	 0.9403 
0.5300 	 0.0283 	 0.1399 	 0.0103 	 0.9091 
0.5400 	 0.0312 	 0.1988 	 0.0110 	 0.8794 
0.5500 	 0.0349 	 0.2595 	 0.0119 	 0.8515 
0.5600 	 0.0395 	 0.3223 	 0.0130 	 0.8256 
0.5700 	 0.0451 	 0.3870 	 0.0145 	 0.8024 
0.5800 	 0.0518 	 0.4532 	 0.0162 	 0.7823 
0.5900 	 0.0598 	 0.5206 	 0.0183 	 0.7654 
0.6000 	 0.0694 	 0.5890 	 0.0209 	 0.7518 
0.6100 	 0.0806 	 0.6580 	 0.0239 	 0.7413 
0.6200 	 0.0938 	 0.7272 	 0.0275 	 0.7337 
0.6300 	 0.1091 	 0.7964 	 0.0318 	 0.7287 
0.6400 	 0.1269 	 0.8655 	 0.0368 	 0.7259 
0.6500 	 0.1472 	 0.9343 	 0.0427 	 0.7253 
0.6600 	 0.1704 	 1.0024 	 0.0495 	 0.7266 
0.6700 	 0.1966 	 1.0698 	 0.0574 	 0.7298 
0.6800 	 0.2259 	 1.1362 	 0.0664 	 0.7348 
0.6900 	 0.2584 	 1.2015 	 0.0766 	 0.7415 
0.7000 	 0.2940 	 1.2656 	 0.0882 	 0.7500 
0.7100 	 0.3328 	 1.3284 	 0.1012 	 0.7601 
0.7200 	 0.3745 	 1.3899 	 0.1156 	 0.7719 
0.7300 	 0.4189 	 1.4498 	 0.1316 	 0.7852 
0.7400 	 0.4658 	 1.5082 	 0.1491 	 0.8001 
0.7500 	 0.5147 	 1.5649 	 0.1680 	 0.8163 
0.7600 	 0.5651 	 1.6197 	 0.1885 	 0.8337 
0.7700 	 0.6166 	 1.6725 	 0.2102 	 0.8522 
0.7800 	 0.6685 	 1.7229 	 0.2330 	 0.8713 
0.7900 	 0.7200 	 1.7708 	 0.2565 	 0.8907 
0.8000 	 0.7703 	 1.8155 	 0.2804 	 0.9100 
0.8100 	 0.8184 	 1.8566 	 0.3040 	 0.9286 
0.8200 	 0.8628 	 1.8933 	 0.3265 	 0.9460 
0.8300 	 0.9024 	 1.9250 	 0.3470 	 0.9615 
0.8400 	 0.9355 	 1.9510 	 0.3647 	 0.9745 
0.8500 	 0.9612 	 1.9707 	 0.3786 	 0.9846 
0.8600 	 0.9792 	 1.9844 	 0.3885 	 0.9918 
0.8700 	 0.9903 	 1.9928 	 0.3946 	 0.9961 
0.8800 	 0.9962 	 1.9971 	 0.3979 	 0.9985 
0.8900 	 0.9987 	 1.9991 	 0.3993 	 0.9995 
0.9000 	 0.9997 	 1.9997 	 0.3998 	 0.9999 
0.9100 	 0.9999 	 1.9999 	 0.4000 	 1.0000 
0.9200 	 1.0000 	 2.0000 	 0.4000 	 1.0000 
0.9300 	 1.0000 	 2.0000 	 0.4000 	 1.0000 
0.9400 	 1.0000 	 2.0000 	 0.4000 	 1.0000 
0.9500 	 1.0000 	 2.0000 	 0.4000 	 1.0000 
0.9600 	 1.0000 	 2.0000 	 0.4000 	 1.0000 
0.9700 	 1.0000 	 2.0000 	 0.4000 	 1.0000 
0.9800 	 1.0000 	 2.0000 	 0.4000 	 1.0000 
0.9900 	 1.0000 	 2.0000 	 0.4000 	 1.0000 
