0.0000 	 1.0000 	 0.0000 	 1.0000 	 2.5000 
0.0100 	 1.0000 	 0.0000 	 1.0000 	 2.5000 
0.0200 	 1.0000 	 0.0000 	 1.0000 	 2.5000 
0.0300 	 1.0000 	 0.0000 	 1.0000 	 2.5000 
0.0400 	 1.0000 	 0.0000 	 1.0000 	 2.5000 
0.0500 	 1.0000 	 0.0000 	 1.0000 	 2.5000 
0.0600 	 1.0000 	 0.0000 	 1.0000 	 2.5000 
0.0700 	 1.0000 	 0.0000 	 1.0000 	 2.5000 
0.0800 	 1.0000 	 0.0000 	 1.0000 	 2.5000 
0.0900 	 1.0000 	 0.0000 	 1.0000 	 2.5000 
0.1000 	 1.0000 	 0.0000 	 1.0000 	 2.5000 
0.1100 	 1.0000 	 0.0000 	 1.0000 	 2.5000 
0.1200 	 1.0000 	 0.0000 	 1.0000 	 2.5000 
0.1300 	 1.0000 	 0.0000 	 1.0000 	 2.5000 
0.1400 	 1.0000 	 0.0000 	 1.0000 	 2.5000 
0.1500 	 1.0000 	 0.0000 	 1.0000 	 2.5000 
0.1600 	 1.0000 	 0.0000 	 1.0000 	 2.5000 
0.1700 	 1.0000 	 0.0000 	 1.0000 	 2.5000 
0.1800 	 1.0000 	 0.0000 	 1.0000 	 2.5000 
0.1900 	 1.0000 	 0.0000 	 1.0000 	 2.5000 
0.2000 	 1.0000 	 0.0000 	 1.0000 	 2.5000 
0.2100 	 1.0000 	 0.0000 	 1.0000 	 2.5000 
0.2200 	 1.0000 	 0.0000 	 1.0000 	 2.5000 
0.2300 	 1.0000 	 0.0000 	 1.0000 	 2.5000 
0.2400 	 1.0000 	 0.0000 	 1.0000 	 2.5000 
0.2500 	 1.0000 	 0.0000 	 1.0000 	 2.5000 
0.2600 	 1.0000 	 0.0000 	 1.0000 	 2.5000 
0.2700 	 1.0000 	 0.0000 	 1.0000 	 2.5000 
0.2800 	 1.0000 	 0.0000 	 1.0000 	 2.5000 
0.2900 	 1.0000 	 0.0000 	 1.0000 	 2.5000 
0.3000 	 1.0000 	 0.0000 	 1.0000 	 2.5000 
0.3100 	 1.0000 	 0.0000 	 1.0000 	 2.5000 
0.3200 	 1.0000 	 0.0000 	 1.0000 	 2.5000 
0.3300 	 1.0000 	 0.0000 	 1.0000 	 2.5000 
0.3400 	 1.0000 	 0.0000 	 1.0000 	 2.5000 
0.3500 	 1.0000 	 0.0000 	 1.0000 	 2.5000 
0.3600 	 1.0000 	 0.0000 	 1.0000 	 2.5000 
0.3700 	 1.0000 	 0.0000 	 1.0000 	 2.5000 
0.3800 	 1.0000 	 0.0000 	 1.0000 	 2.5000 
0.3900 	 1.0000 	 0.0000 	 1.0000 	 2.5000 
0.4000 	 1.0000 	 0.0000 	 1.0000 	 2.5000 
0.4100 	 1.0000 	 0.0000 	 1.0000 	 2.5000 
0.4200 	 1.0000 	 0.0000 	 1.0000 	 2.5000 
0.4300 	 1.0000 	 0.0000 	 1.0000 	 2.5000 
0.4400 	 1.0000 	 0.0000 	 1.0000 	 2.5000 
0.4500 	 1.0000 	 0.0000 	 1.0000 	 2.5000 
0.4600 	 1.0000 	 0.0000 	 1.0000 	 2.5000 
0.4700 	 1.0000 	 0.0000 	 1.0000 	 2.5000 
0.4800 	 0.9995 	 0.0005 	 0.9994 	 2.4996 
0.4900 	 0.9863 	 0.0164 	 0.9814 	 2.4877 
0.5000 	 0.8404 	 0.2071 	 0.8152 	 2.4252 
0.5100 	 0.2797 	 0.5971 	 0.2516 	 2.2488 
0.5200 	 0.1435 	 0.1750 	 0.1236 	 2.1530 
0.5300 	 0.1256 	 0.0051 	 0.1007 	 2.0041 
0.5400 	 0.1250 	 0.0000 	 0.1000 	 2.0000 
0.5500 	 0.1250 	 0.0000 	 0.1000 	 2.0000 
0.5600 	 0.1250 	 0.0000 	 0.1000 	 2.0000 
0.5700 	 0.1250 	 0.0000 	 0.1000 	 2.0000 
0.5800 	 0.1250 	 0.0000 	 0.1000 	 2.0000 
0.5900 	 0.1250 	 0.0000 	 0.1000 	 2.0000 
0.6000 	 0.1250 	 0.0000 	 0.1000 	 2.0000 
0.6100 	 0.1250 	 0.0000 	 0.1000 	 2.0000 
0.6200 	 0.1250 	 0.0000 	 0.1000 	 2.0000 
0.6300 	 0.1250 	 0.0000 	 0.1000 	 2.0000 
0.6400 	 0.1250 	 0.0000 	 0.1000 	 2.0000 
0.6500 	 0.1250 	 0.0000 	 0.1000 	 2.0000 
0.6600 	 0.1250 	 0.0000 	 0.1000 	 2.0000 
0.6700 	 0.1250 	 0.0000 	 0.1000 	 2.0000 
0.6800 	 0.1250 	 0.0000 	 0.1000 	 2.0000 
0.6900 	 0.1250 	 0.0000 	 0.1000 	 2.0000 
0.7000 	 0.1250 	 0.0000 	 0.1000 	 2.0000 
0.7100 	 0.1250 	 0.0000 	 0.1000 	 2.0000 
0.7200 	 0.1250 	 0.0000 	 0.1000 	 2.0000 
0.7300 	 0.1250 	 0.0000 	 0.1000 	 2.0000 
0.7400 	 0.1250 	 0.0000 	 0.1000 	 2.0000 
0.7500 	 0.1250 	 0.0000 	 0.1000 	 2.0000 
0.7600 	 0.1250 	 0.0000 	 0.1000 	 2.0000 
0.7700 	 0.1250 	 0.0000 	 0.1000 	 2.0000 
0.7800 	 0.1250 	 0.0000 	 0.1000 	 2.0000 
0.7900 	 0.1250 	 0.0000 	 0.1000 	 2.0000 
0.8000 	 0.1250 	 0.0000 	 0.1000 	 2.0000 
0.8100 	 0.1250 	 0.0000 	 0.1000 	 2.0000 
0.8200 	 0.1250 	 0.0000 	 0.1000 	 2.0000 
0.8300 	 0.1250 	 0.0000 	 0.1000 	 2.0000 
0.8400 	 0.1250 	 0.0000 	 0.1000 	 2.0000 
0.8500 	 0.1250 	 0.0000 	 0.1000 	 2.0000 
0.8600 	 0.1250 	 0.0000 	 0.1000 	 2.0000 
0.8700 	 0.1250 	 0.0000 	 0.1000 	 2.0000 
0.8800 	 0.1250 	 0.0000 	 0.1000 	 2.0000 
0.8900 	 0.1250 	 0.0000 	 0.1000 	 2.0000 
0.9000 	 0.1250 	 0.0000 	 0.1000 	 2.0000 
0.9100 	 0.1250 	 0.0000 	 0.1000 	 2.0000 
0.9200 	 0.1250 	 0.0000 	 0.1000 	 2.0000 
0.9300 	 0.1250 	 0.0000 	 0.1000 	 2.0000 
0.9400 	 0.1250 	 0.0000 	 0.1000 	 2.0000 
0.9500 	 0.1250 	 0.0000 	 0.1000 	 2.0000 
0.9600 	 0.1250 	 0.0000 	 0.1000 	 2.0000 
0.9700 	 0.1250 	 0.0000 	 0.1000 	 2.0000 
0.9800 	 0.1250 	 0.0000 	 0.1000 	 2.0000 
0.9900 	 0.1250 	 0.0000 	 0.1000 	 2.0000 
0.0000 	 0.1250 	 0.0000 	 0.1000 	 2.0000 
