0.0000 	 1.0000 	 0.0000 	 1.0000 	 2.5000 
0.0100 	 1.0000 	 0.0000 	 1.0000 	 2.5000 
0.0200 	 1.0000 	 0.0000 	 1.0000 	 2.5000 
0.0300 	 1.0000 	 0.0000 	 1.0000 	 2.5000 
0.0400 	 1.0000 	 0.0000 	 1.0000 	 2.5000 
0.0500 	 1.0000 	 0.0000 	 1.0000 	 2.5000 
0.0600 	 1.0000 	 0.0000 	 1.0000 	 2.5000 
0.0700 	 1.0000 	 0.0000 	 1.0000 	 2.5000 
0.0800 	 1.0000 	 0.0000 	 1.0000 	 2.5000 
0.0900 	 1.0000 	 0.0000 	 1.0000 	 2.5000 
0.1000 	 1.0000 	 0.0000 	 1.0000 	 2.5000 
0.1100 	 1.0000 	 0.0000 	 1.0000 	 2.5000 
0.1200 	 1.0000 	 0.0000 	 1.0000 	 2.5000 
0.1300 	 1.0000 	 0.0000 	 1.0000 	 2.5000 
0.1400 	 1.0000 	 0.0000 	 1.0000 	 2.5000 
0.1500 	 1.0000 	 0.0000 	 1.0000 	 2.5000 
0.1600 	 1.0000 	 0.0000 	 1.0000 	 2.5000 
0.1700 	 1.0000 	 0.0000 	 1.0000 	 2.5000 
0.1800 	 1.0000 	 0.0000 	 1.0000 	 2.5000 
0.1900 	 1.0000 	 0.0000 	 1.0000 	 2.5000 
0.2000 	 1.0000 	 0.0000 	 1.0000 	 2.5000 
0.2100 	 1.0000 	 0.0000 	 1.0000 	 2.5000 
0.2200 	 1.0000 	 0.0000 	 1.0000 	 2.5000 
0.2300 	 1.0000 	 0.0000 	 1.0000 	 2.5000 
0.2400 	 1.0000 	 0.0000 	 1.0000 	 2.5000 
0.2500 	 1.0000 	 0.0000 	 1.0000 	 2.5000 
0.2600 	 1.0000 	 0.0000 	 1.0000 	 2.5000 
0.2700 	 1.0000 	 0.0000 	 1.0000 	 2.5000 
0.2800 	 0.9999 	 0.0001 	 0.9999 	 2.4999 
0.2900 	 0.9997 	 0.0003 	 0.9996 	 2.4997 
0.3000 	 0.9991 	 0.0011 	 0.9987 	 2.4991 
0.3100 	 0.9972 	 0.0033 	 0.9961 	 2.4972 
0.3200 	 0.9930 	 0.0083 	 0.9902 	 2.4930 
0.3300 	 0.9845 	 0.0185 	 0.9784 	 2.4845 
0.3400 	 0.9699 	 0.0361 	 0.9581 	 2.4697 
0.3500 	 0.9480 	 0.0629 	 0.9281 	 2.4476 
0.3600 	 0.9192 	 0.0989 	 0.8890 	 2.4178 
0.3700 	 0.8847 	 0.1433 	 0.8427 	 2.3813 
0.3800 	 0.8462 	 0.1944 	 0.7919 	 2.3396 
0.3900 	 0.8052 	 0.2510 	 0.7388 	 2.2938 
0.4000 	 0.7633 	 0.3114 	 0.6856 	 2.2454 
0.4100 	 0.7227 	 0.3723 	 0.6351 	 2.1970 
0.4200 	 0.6839 	 0.4332 	 0.5879 	 2.1491 
0.4300 	 0.6469 	 0.4937 	 0.5439 	 2.1021 
0.4400 	 0.6119 	 0.5538 	 0.5031 	 2.0556 
0.4500 	 0.5786 	 0.6132 	 0.4655 	 2.0110 
0.4600 	 0.5475 	 0.6716 	 0.4308 	 1.9668 
0.4700 	 0.5186 	 0.7285 	 0.3991 	 1.9239 
0.4800 	 0.4917 	 0.7830 	 0.3707 	 1.8845 
0.4900 	 0.4678 	 0.8332 	 0.3460 	 1.8490 
0.5000 	 0.4484 	 0.8760 	 0.3260 	 1.8178 
0.5100 	 0.4350 	 0.9071 	 0.3122 	 1.7942 
0.5200 	 0.4284 	 0.9226 	 0.3055 	 1.7829 
0.5300 	 0.4269 	 0.9254 	 0.3043 	 1.7822 
0.5400 	 0.4262 	 0.9254 	 0.3044 	 1.7853 
0.5500 	 0.4252 	 0.9264 	 0.3039 	 1.7871 
0.5600 	 0.4246 	 0.9271 	 0.3037 	 1.7881 
0.5700 	 0.4240 	 0.9276 	 0.3035 	 1.7892 
0.5800 	 0.4231 	 0.9279 	 0.3034 	 1.7927 
0.5900 	 0.4202 	 0.9281 	 0.3034 	 1.8048 
0.6000 	 0.4122 	 0.9284 	 0.3033 	 1.8395 
0.6100 	 0.3945 	 0.9285 	 0.3033 	 1.9225 
0.6200 	 0.3621 	 0.9286 	 0.3034 	 2.0948 
0.6300 	 0.3193 	 0.9288 	 0.3034 	 2.3759 
0.6400 	 0.2913 	 0.9289 	 0.3035 	 2.6050 
0.6500 	 0.2766 	 0.9290 	 0.3035 	 2.7435 
0.6600 	 0.2699 	 0.9292 	 0.3036 	 2.8120 
0.6700 	 0.2672 	 0.9292 	 0.3037 	 2.8421 
0.6800 	 0.2662 	 0.9295 	 0.3038 	 2.8532 
0.6900 	 0.2659 	 0.9301 	 0.3038 	 2.8565 
0.7000 	 0.2660 	 0.9301 	 0.3040 	 2.8579 
0.7100 	 0.2660 	 0.9305 	 0.3041 	 2.8581 
0.7200 	 0.2656 	 0.9300 	 0.3036 	 2.8576 
0.7300 	 0.2545 	 0.8714 	 0.2855 	 2.8046 
0.7400 	 0.1601 	 0.3137 	 0.1479 	 2.3094 
0.7500 	 0.1263 	 0.0112 	 0.1015 	 2.0087 
0.7600 	 0.1250 	 0.0002 	 0.1000 	 2.0002 
0.7700 	 0.1250 	 0.0000 	 0.1000 	 2.0000 
0.7800 	 0.1250 	 0.0000 	 0.1000 	 2.0000 
0.7900 	 0.1250 	 0.0000 	 0.1000 	 2.0000 
0.8000 	 0.1250 	 0.0000 	 0.1000 	 2.0000 
0.8100 	 0.1250 	 0.0000 	 0.1000 	 2.0000 
0.8200 	 0.1250 	 0.0000 	 0.1000 	 2.0000 
0.8300 	 0.1250 	 0.0000 	 0.1000 	 2.0000 
0.8400 	 0.1250 	 0.0000 	 0.1000 	 2.0000 
0.8500 	 0.1250 	 0.0000 	 0.1000 	 2.0000 
0.8600 	 0.1250 	 0.0000 	 0.1000 	 2.0000 
0.8700 	 0.1250 	 0.0000 	 0.1000 	 2.0000 
0.8800 	 0.1250 	 0.0000 	 0.1000 	 2.0000 
0.8900 	 0.1250 	 0.0000 	 0.1000 	 2.0000 
0.9000 	 0.1250 	 0.0000 	 0.1000 	 2.0000 
0.9100 	 0.1250 	 0.0000 	 0.1000 	 2.0000 
0.9200 	 0.1250 	 0.0000 	 0.1000 	 2.0000 
0.9300 	 0.1250 	 0.0000 	 0.1000 	 2.0000 
0.9400 	 0.1250 	 0.0000 	 0.1000 	 2.0000 
0.9500 	 0.1250 	 0.0000 	 0.1000 	 2.0000 
0.9600 	 0.1250 	 0.0000 	 0.1000 	 2.0000 
0.9700 	 0.1250 	 0.0000 	 0.1000 	 2.0000 
0.9800 	 0.1250 	 0.0000 	 0.1000 	 2.0000 
0.9900 	 0.1250 	 0.0000 	 0.1000 	 2.0000 
0.0000 	 0.1250 	 0.0000 	 0.1000 	 2.0000 
