0.0000 	 1.0000 	 -2.0000 	 0.4000 	 1.0000 
0.0100 	 1.0000 	 -2.0000 	 0.4000 	 1.0000 
0.0200 	 1.0000 	 -2.0000 	 0.4000 	 1.0000 
0.0300 	 1.0000 	 -2.0000 	 0.4000 	 1.0000 
0.0400 	 1.0000 	 -2.0000 	 0.4000 	 1.0000 
0.0500 	 1.0000 	 -2.0000 	 0.4000 	 1.0000 
0.0600 	 1.0000 	 -2.0000 	 0.4000 	 1.0000 
0.0700 	 1.0000 	 -2.0000 	 0.4000 	 1.0000 
0.0800 	 1.0000 	 -2.0000 	 0.4000 	 1.0000 
0.0900 	 1.0000 	 -2.0000 	 0.4000 	 1.0000 
0.1000 	 1.0000 	 -2.0000 	 0.4000 	 1.0000 
0.1100 	 1.0000 	 -2.0000 	 0.4000 	 1.0000 
0.1200 	 1.0000 	 -2.0000 	 0.4000 	 1.0000 
0.1300 	 1.0000 	 -2.0000 	 0.4000 	 1.0000 
0.1400 	 1.0000 	 -2.0000 	 0.4000 	 1.0000 
0.1500 	 1.0000 	 -2.0000 	 0.4000 	 1.0000 
0.1600 	 1.0000 	 -2.0000 	 0.4000 	 1.0000 
0.1700 	 1.0000 	 -2.0000 	 0.4000 	 1.0000 
0.1800 	 1.0000 	 -2.0000 	 0.4000 	 1.0000 
0.1900 	 1.0000 	 -2.0000 	 0.4000 	 1.0000 
0.2000 	 1.0000 	 -2.0000 	 0.4000 	 1.0000 
0.2100 	 1.0000 	 -2.0000 	 0.4000 	 1.0000 
0.2200 	 1.0000 	 -2.0000 	 0.4000 	 1.0000 
0.2300 	 1.0000 	 -2.0000 	 0.4000 	 1.0000 
0.2400 	 1.0000 	 -2.0000 	 0.4000 	 1.0000 
0.2500 	 1.0000 	 -2.0000 	 0.4000 	 1.0000 
0.2600 	 1.0000 	 -2.0000 	 0.4000 	 1.0000 
0.2700 	 0.9999 	 -1.9999 	 0.4000 	 1.0000 
0.2800 	 0.9996 	 -1.9997 	 0.3998 	 0.9998 
0.2900 	 0.9979 	 -1.9984 	 0.3988 	 0.9992 
0.3000 	 0.9922 	 -1.9942 	 0.3957 	 0.9970 
0.3100 	 0.9778 	 -1.9836 	 0.3879 	 0.9917 
0.3200 	 0.9490 	 -1.9624 	 0.3726 	 0.9815 
0.3300 	 0.9027 	 -1.9279 	 0.3489 	 0.9663 
0.3400 	 0.8390 	 -1.8796 	 0.3178 	 0.9470 
0.3500 	 0.7615 	 -1.8188 	 0.2820 	 0.9259 
0.3600 	 0.6750 	 -1.7470 	 0.2444 	 0.9052 
0.3700 	 0.5846 	 -1.6659 	 0.2073 	 0.8867 
0.3800 	 0.4952 	 -1.5767 	 0.1726 	 0.8715 
0.3900 	 0.4108 	 -1.4806 	 0.1414 	 0.8605 
0.4000 	 0.3343 	 -1.3781 	 0.1142 	 0.8542 
0.4100 	 0.2674 	 -1.2699 	 0.0912 	 0.8527 
0.4200 	 0.2109 	 -1.1567 	 0.0723 	 0.8565 
0.4300 	 0.1647 	 -1.0393 	 0.0570 	 0.8661 
0.4400 	 0.1278 	 -0.9188 	 0.0451 	 0.8821 
0.4500 	 0.0993 	 -0.7969 	 0.0360 	 0.9055 
0.4600 	 0.0778 	 -0.6734 	 0.0292 	 0.9381 
0.4700 	 0.0621 	 -0.5480 	 0.0244 	 0.9816 
0.4800 	 0.0513 	 -0.4130 	 0.0213 	 1.0405 
0.4900 	 0.0443 	 -0.2581 	 0.0199 	 1.1223 
0.5000 	 0.0392 	 -0.0878 	 0.0194 	 1.2369 
0.5100 	 0.0412 	 0.0843 	 0.0194 	 1.1800 
0.5200 	 0.0453 	 0.2520 	 0.0201 	 1.1089 
0.5300 	 0.0517 	 0.4091 	 0.0215 	 1.0421 
0.5400 	 0.0620 	 0.5466 	 0.0245 	 0.9871 
0.5500 	 0.0775 	 0.6728 	 0.0293 	 0.9434 
0.5600 	 0.0989 	 0.7966 	 0.0360 	 0.9096 
0.5700 	 0.1275 	 0.9187 	 0.0451 	 0.8850 
0.5800 	 0.1644 	 1.0393 	 0.0571 	 0.8682 
0.5900 	 0.2107 	 1.1569 	 0.0723 	 0.8580 
0.6000 	 0.2673 	 1.2702 	 0.0913 	 0.8537 
0.6100 	 0.3343 	 1.3784 	 0.1143 	 0.8548 
0.6200 	 0.4109 	 1.4809 	 0.1415 	 0.8609 
0.6300 	 0.4953 	 1.5770 	 0.1727 	 0.8718 
0.6400 	 0.5847 	 1.6660 	 0.2074 	 0.8868 
0.6500 	 0.6751 	 1.7471 	 0.2445 	 0.9053 
0.6600 	 0.7616 	 1.8188 	 0.2821 	 0.9260 
0.6700 	 0.8391 	 1.8797 	 0.3179 	 0.9470 
0.6800 	 0.9027 	 1.9279 	 0.3489 	 0.9663 
0.6900 	 0.9490 	 1.9624 	 0.3726 	 0.9815 
0.7000 	 0.9778 	 1.9836 	 0.3879 	 0.9917 
0.7100 	 0.9922 	 1.9942 	 0.3957 	 0.9970 
0.7200 	 0.9979 	 1.9984 	 0.3988 	 0.9992 
0.7300 	 0.9996 	 1.9997 	 0.3998 	 0.9998 
0.7400 	 0.9999 	 1.9999 	 0.4000 	 1.0000 
0.7500 	 1.0000 	 2.0000 	 0.4000 	 1.0000 
0.7600 	 1.0000 	 2.0000 	 0.4000 	 1.0000 
0.7700 	 1.0000 	 2.0000 	 0.4000 	 1.0000 
0.7800 	 1.0000 	 2.0000 	 0.4000 	 1.0000 
0.7900 	 1.0000 	 2.0000 	 0.4000 	 1.0000 
0.8000 	 1.0000 	 2.0000 	 0.4000 	 1.0000 
0.8100 	 1.0000 	 2.0000 	 0.4000 	 1.0000 
0.8200 	 1.0000 	 2.0000 	 0.4000 	 1.0000 
0.8300 	 1.0000 	 2.0000 	 0.4000 	 1.0000 
0.8400 	 1.0000 	 2.0000 	 0.4000 	 1.0000 
0.8500 	 1.0000 	 2.0000 	 0.4000 	 1.0000 
0.8600 	 1.0000 	 2.0000 	 0.4000 	 1.0000 
0.8700 	 1.0000 	 2.0000 	 0.4000 	 1.0000 
0.8800 	 1.0000 	 2.0000 	 0.4000 	 1.0000 
0.8900 	 1.0000 	 2.0000 	 0.4000 	 1.0000 
0.9000 	 1.0000 	 2.0000 	 0.4000 	 1.0000 
0.9100 	 1.0000 	 2.0000 	 0.4000 	 1.0000 
0.9200 	 1.0000 	 2.0000 	 0.4000 	 1.0000 
0.9300 	 1.0000 	 2.0000 	 0.4000 	 1.0000 
0.9400 	 1.0000 	 2.0000 	 0.4000 	 1.0000 
0.9500 	 1.0000 	 2.0000 	 0.4000 	 1.0000 
0.9600 	 1.0000 	 2.0000 	 0.4000 	 1.0000 
0.9700 	 1.0000 	 2.0000 	 0.4000 	 1.0000 
0.9800 	 1.0000 	 2.0000 	 0.4000 	 1.0000 
0.9900 	 1.0000 	 2.0000 	 0.4000 	 1.0000 
