0.0000 	 1.0000 	 -2.0000 	 0.4000 	 1.0000 
0.0100 	 1.0000 	 -2.0000 	 0.4000 	 1.0000 
0.0200 	 1.0000 	 -2.0000 	 0.4000 	 1.0000 
0.0300 	 1.0000 	 -2.0000 	 0.4000 	 1.0000 
0.0400 	 1.0000 	 -2.0000 	 0.4000 	 1.0000 
0.0500 	 1.0000 	 -2.0000 	 0.4000 	 1.0000 
0.0600 	 1.0000 	 -2.0000 	 0.4000 	 1.0000 
0.0700 	 0.9998 	 -1.9999 	 0.3999 	 0.9999 
0.0800 	 0.9993 	 -1.9995 	 0.3996 	 0.9997 
0.0900 	 0.9979 	 -1.9984 	 0.3988 	 0.9991 
0.1000 	 0.9943 	 -1.9957 	 0.3968 	 0.9977 
0.1100 	 0.9870 	 -1.9903 	 0.3928 	 0.9948 
0.1200 	 0.9744 	 -1.9808 	 0.3858 	 0.9898 
0.1300 	 0.9554 	 -1.9662 	 0.3754 	 0.9823 
0.1400 	 0.9294 	 -1.9462 	 0.3614 	 0.9720 
0.1500 	 0.8972 	 -1.9208 	 0.3442 	 0.9592 
0.1600 	 0.8596 	 -1.8904 	 0.3247 	 0.9443 
0.1700 	 0.8180 	 -1.8558 	 0.3035 	 0.9277 
0.1800 	 0.7734 	 -1.8175 	 0.2815 	 0.9100 
0.1900 	 0.7270 	 -1.7760 	 0.2593 	 0.8915 
0.2000 	 0.6796 	 -1.7319 	 0.2373 	 0.8729 
0.2100 	 0.6319 	 -1.6856 	 0.2159 	 0.8543 
0.2200 	 0.5845 	 -1.6373 	 0.1955 	 0.8361 
0.2300 	 0.5378 	 -1.5873 	 0.1761 	 0.8187 
0.2400 	 0.4924 	 -1.5357 	 0.1580 	 0.8021 
0.2500 	 0.4484 	 -1.4827 	 0.1411 	 0.7866 
0.2600 	 0.4063 	 -1.4283 	 0.1255 	 0.7723 
0.2700 	 0.3664 	 -1.3727 	 0.1113 	 0.7592 
0.2800 	 0.3287 	 -1.3159 	 0.0983 	 0.7475 
0.2900 	 0.2935 	 -1.2581 	 0.0865 	 0.7372 
0.3000 	 0.2608 	 -1.1992 	 0.0760 	 0.7282 
0.3100 	 0.2308 	 -1.1393 	 0.0665 	 0.7207 
0.3200 	 0.2035 	 -1.0785 	 0.0582 	 0.7146 
0.3300 	 0.1787 	 -1.0170 	 0.0508 	 0.7100 
0.3400 	 0.1565 	 -0.9547 	 0.0442 	 0.7069 
0.3500 	 0.1367 	 -0.8919 	 0.0386 	 0.7054 
0.3600 	 0.1191 	 -0.8287 	 0.0336 	 0.7055 
0.3700 	 0.1037 	 -0.7652 	 0.0293 	 0.7073 
0.3800 	 0.0902 	 -0.7017 	 0.0256 	 0.7111 
0.3900 	 0.0784 	 -0.6384 	 0.0225 	 0.7169 
0.4000 	 0.0683 	 -0.5752 	 0.0198 	 0.7251 
0.4100 	 0.0596 	 -0.5126 	 0.0175 	 0.7359 
0.4200 	 0.0521 	 -0.4510 	 0.0156 	 0.7496 
0.4300 	 0.0457 	 -0.3905 	 0.0140 	 0.7663 
0.4400 	 0.0403 	 -0.3314 	 0.0127 	 0.7864 
0.4500 	 0.0357 	 -0.2743 	 0.0116 	 0.8101 
0.4600 	 0.0319 	 -0.2193 	 0.0107 	 0.8377 
0.4700 	 0.0287 	 -0.1669 	 0.0100 	 0.8696 
0.4800 	 0.0261 	 -0.1173 	 0.0095 	 0.9070 
0.4900 	 0.0239 	 -0.0701 	 0.0091 	 0.9523 
0.5000 	 0.0220 	 -0.0241 	 0.0089 	 1.0155 
0.5100 	 0.0235 	 0.0211 	 0.0089 	 0.9510 
0.5200 	 0.0247 	 0.0668 	 0.0091 	 0.9219 
0.5300 	 0.0265 	 0.1146 	 0.0095 	 0.8921 
0.5400 	 0.0289 	 0.1647 	 0.0100 	 0.8636 
0.5500 	 0.0319 	 0.2174 	 0.0107 	 0.8366 
0.5600 	 0.0357 	 0.2727 	 0.0116 	 0.8117 
0.5700 	 0.0402 	 0.3302 	 0.0127 	 0.7891 
0.5800 	 0.0455 	 0.3895 	 0.0140 	 0.7694 
0.5900 	 0.0519 	 0.4502 	 0.0156 	 0.7526 
0.6000 	 0.0594 	 0.5120 	 0.0175 	 0.7386 
0.6100 	 0.0681 	 0.5747 	 0.0198 	 0.7274 
0.6200 	 0.0782 	 0.6380 	 0.0225 	 0.7188 
0.6300 	 0.0900 	 0.7014 	 0.0256 	 0.7126 
0.6400 	 0.1035 	 0.7650 	 0.0293 	 0.7086 
0.6500 	 0.1189 	 0.8285 	 0.0336 	 0.7065 
0.6600 	 0.1365 	 0.8918 	 0.0386 	 0.7062 
0.6700 	 0.1563 	 0.9546 	 0.0442 	 0.7076 
0.6800 	 0.1786 	 1.0169 	 0.0508 	 0.7105 
0.6900 	 0.2034 	 1.0785 	 0.0582 	 0.7151 
0.7000 	 0.2308 	 1.1393 	 0.0666 	 0.7210 
0.7100 	 0.2608 	 1.1992 	 0.0760 	 0.7285 
0.7200 	 0.2934 	 1.2582 	 0.0866 	 0.7374 
0.7300 	 0.3287 	 1.3161 	 0.0983 	 0.7477 
0.7400 	 0.3664 	 1.3728 	 0.1113 	 0.7594 
0.7500 	 0.4064 	 1.4284 	 0.1256 	 0.7724 
0.7600 	 0.4485 	 1.4828 	 0.1411 	 0.7867 
0.7700 	 0.4925 	 1.5358 	 0.1580 	 0.8022 
0.7800 	 0.5379 	 1.5874 	 0.1762 	 0.8188 
0.7900 	 0.5846 	 1.6374 	 0.1955 	 0.8362 
0.8000 	 0.6320 	 1.6857 	 0.2160 	 0.8543 
0.8100 	 0.6797 	 1.7320 	 0.2373 	 0.8729 
0.8200 	 0.7271 	 1.7761 	 0.2593 	 0.8916 
0.8300 	 0.7735 	 1.8175 	 0.2815 	 0.9100 
0.8400 	 0.8180 	 1.8558 	 0.3036 	 0.9277 
0.8500 	 0.8597 	 1.8905 	 0.3247 	 0.9443 
0.8600 	 0.8972 	 1.9208 	 0.3443 	 0.9592 
0.8700 	 0.9295 	 1.9462 	 0.3614 	 0.9720 
0.8800 	 0.9554 	 1.9662 	 0.3754 	 0.9823 
0.8900 	 0.9744 	 1.9808 	 0.3858 	 0.9898 
0.9000 	 0.9870 	 1.9903 	 0.3928 	 0.9948 
0.9100 	 0.9943 	 1.9957 	 0.3968 	 0.9977 
0.9200 	 0.9979 	 1.9984 	 0.3988 	 0.9991 
0.9300 	 0.9993 	 1.9995 	 0.3996 	 0.9997 
0.9400 	 0.9998 	 1.9999 	 0.3999 	 0.9999 
0.9500 	 1.0000 	 2.0000 	 0.4000 	 1.0000 
0.9600 	 1.0000 	 2.0000 	 0.4000 	 1.0000 
0.9700 	 1.0000 	 2.0000 	 0.4000 	 1.0000 
0.9800 	 1.0000 	 2.0000 	 0.4000 	 1.0000 
0.9900 	 1.0000 	 2.0000 	 0.4000 	 1.0000 
