0.0000 	 1.0000 	 -2.0000 	 0.4000 	 1.0000 
0.0100 	 1.0000 	 -2.0000 	 0.4000 	 1.0000 
0.0200 	 1.0000 	 -2.0000 	 0.4000 	 1.0000 
0.0300 	 1.0000 	 -2.0000 	 0.4000 	 1.0000 
0.0400 	 0.9999 	 -1.9999 	 0.3999 	 1.0000 
0.0500 	 0.9996 	 -1.9997 	 0.3998 	 0.9998 
0.0600 	 0.9986 	 -1.9990 	 0.3992 	 0.9995 
0.0700 	 0.9962 	 -1.9972 	 0.3979 	 0.9985 
0.0800 	 0.9910 	 -1.9933 	 0.3950 	 0.9964 
0.0900 	 0.9815 	 -1.9861 	 0.3897 	 0.9927 
0.1000 	 0.9665 	 -1.9747 	 0.3815 	 0.9867 
0.1100 	 0.9453 	 -1.9584 	 0.3699 	 0.9782 
0.1200 	 0.9179 	 -1.9371 	 0.3552 	 0.9673 
0.1300 	 0.8851 	 -1.9110 	 0.3378 	 0.9542 
0.1400 	 0.8479 	 -1.8806 	 0.3186 	 0.9393 
0.1500 	 0.8074 	 -1.8465 	 0.2981 	 0.9230 
0.1600 	 0.7646 	 -1.8092 	 0.2770 	 0.9057 
0.1700 	 0.7205 	 -1.7693 	 0.2558 	 0.8878 
0.1800 	 0.6756 	 -1.7272 	 0.2350 	 0.8697 
0.1900 	 0.6306 	 -1.6830 	 0.2148 	 0.8516 
0.2000 	 0.5859 	 -1.6372 	 0.1955 	 0.8340 
0.2100 	 0.5420 	 -1.5899 	 0.1771 	 0.8168 
0.2200 	 0.4991 	 -1.5412 	 0.1598 	 0.8005 
0.2300 	 0.4576 	 -1.4912 	 0.1437 	 0.7850 
0.2400 	 0.4177 	 -1.4401 	 0.1287 	 0.7705 
0.2500 	 0.3795 	 -1.3880 	 0.1149 	 0.7572 
0.2600 	 0.3433 	 -1.3348 	 0.1023 	 0.7449 
0.2700 	 0.3093 	 -1.2806 	 0.0908 	 0.7339 
0.2800 	 0.2774 	 -1.2255 	 0.0804 	 0.7242 
0.2900 	 0.2479 	 -1.1695 	 0.0710 	 0.7157 
0.3000 	 0.2207 	 -1.1127 	 0.0625 	 0.7084 
0.3100 	 0.1958 	 -1.0552 	 0.0550 	 0.7024 
0.3200 	 0.1731 	 -0.9970 	 0.0483 	 0.6978 
0.3300 	 0.1527 	 -0.9383 	 0.0424 	 0.6945 
0.3400 	 0.1344 	 -0.8790 	 0.0372 	 0.6926 
0.3500 	 0.1180 	 -0.8195 	 0.0327 	 0.6921 
0.3600 	 0.1035 	 -0.7597 	 0.0287 	 0.6931 
0.3700 	 0.0907 	 -0.6999 	 0.0252 	 0.6958 
0.3800 	 0.0795 	 -0.6402 	 0.0223 	 0.7003 
0.3900 	 0.0697 	 -0.5806 	 0.0197 	 0.7069 
0.4000 	 0.0612 	 -0.5216 	 0.0175 	 0.7156 
0.4100 	 0.0539 	 -0.4633 	 0.0157 	 0.7269 
0.4200 	 0.0475 	 -0.4060 	 0.0141 	 0.7407 
0.4300 	 0.0421 	 -0.3499 	 0.0127 	 0.7576 
0.4400 	 0.0374 	 -0.2955 	 0.0116 	 0.7776 
0.4500 	 0.0334 	 -0.2431 	 0.0107 	 0.8011 
0.4600 	 0.0301 	 -0.1931 	 0.0100 	 0.8285 
0.4700 	 0.0273 	 -0.1460 	 0.0094 	 0.8601 
0.4800 	 0.0250 	 -0.1019 	 0.0090 	 0.8970 
0.4900 	 0.0230 	 -0.0605 	 0.0087 	 0.9416 
0.5000 	 0.0213 	 -0.0207 	 0.0085 	 1.0031 
0.5100 	 0.0227 	 0.0182 	 0.0085 	 0.9384 
0.5200 	 0.0238 	 0.0576 	 0.0087 	 0.9104 
0.5300 	 0.0254 	 0.0993 	 0.0090 	 0.8812 
0.5400 	 0.0275 	 0.1438 	 0.0094 	 0.8532 
0.5500 	 0.0301 	 0.1912 	 0.0100 	 0.8266 
0.5600 	 0.0334 	 0.2415 	 0.0107 	 0.8021 
0.5700 	 0.0373 	 0.2941 	 0.0116 	 0.7800 
0.5800 	 0.0419 	 0.3488 	 0.0127 	 0.7605 
0.5900 	 0.0473 	 0.4051 	 0.0141 	 0.7437 
0.6000 	 0.0537 	 0.4626 	 0.0157 	 0.7296 
0.6100 	 0.0610 	 0.5210 	 0.0175 	 0.7180 
0.6200 	 0.0695 	 0.5802 	 0.0197 	 0.7089 
0.6300 	 0.0793 	 0.6398 	 0.0223 	 0.7020 
0.6400 	 0.0905 	 0.6996 	 0.0253 	 0.6972 
0.6500 	 0.1033 	 0.7594 	 0.0287 	 0.6943 
0.6600 	 0.1178 	 0.8193 	 0.0327 	 0.6930 
0.6700 	 0.1342 	 0.8789 	 0.0372 	 0.6933 
0.6800 	 0.1526 	 0.9382 	 0.0424 	 0.6951 
0.6900 	 0.1730 	 0.9970 	 0.0483 	 0.6983 
0.7000 	 0.1957 	 1.0552 	 0.0550 	 0.7029 
0.7100 	 0.2206 	 1.1128 	 0.0625 	 0.7087 
0.7200 	 0.2479 	 1.1696 	 0.0710 	 0.7159 
0.7300 	 0.2774 	 1.2256 	 0.0804 	 0.7244 
0.7400 	 0.3093 	 1.2807 	 0.0908 	 0.7341 
0.7500 	 0.3434 	 1.3349 	 0.1023 	 0.7451 
0.7600 	 0.3796 	 1.3881 	 0.1150 	 0.7573 
0.7700 	 0.4177 	 1.4403 	 0.1288 	 0.7706 
0.7800 	 0.4577 	 1.4914 	 0.1437 	 0.7851 
0.7900 	 0.4992 	 1.5413 	 0.1599 	 0.8005 
0.8000 	 0.5421 	 1.5900 	 0.1771 	 0.8169 
0.8100 	 0.5860 	 1.6373 	 0.1955 	 0.8340 
0.8200 	 0.6307 	 1.6831 	 0.2149 	 0.8517 
0.8300 	 0.6757 	 1.7272 	 0.2351 	 0.8697 
0.8400 	 0.7205 	 1.7694 	 0.2559 	 0.8878 
0.8500 	 0.7647 	 1.8093 	 0.2770 	 0.9057 
0.8600 	 0.8075 	 1.8465 	 0.2981 	 0.9230 
0.8700 	 0.8479 	 1.8806 	 0.3186 	 0.9393 
0.8800 	 0.8851 	 1.9110 	 0.3379 	 0.9542 
0.8900 	 0.9179 	 1.9371 	 0.3552 	 0.9673 
0.9000 	 0.9453 	 1.9585 	 0.3699 	 0.9782 
0.9100 	 0.9665 	 1.9747 	 0.3815 	 0.9867 
0.9200 	 0.9815 	 1.9861 	 0.3897 	 0.9927 
0.9300 	 0.9910 	 1.9933 	 0.3950 	 0.9964 
0.9400 	 0.9962 	 1.9972 	 0.3979 	 0.9985 
0.9500 	 0.9986 	 1.9990 	 0.3992 	 0.9995 
0.9600 	 0.9996 	 1.9997 	 0.3998 	 0.9998 
0.9700 	 0.9999 	 1.9999 	 0.3999 	 1.0000 
0.9800 	 1.0000 	 2.0000 	 0.4000 	 1.0000 
0.9900 	 1.0000 	 2.0000 	 0.4000 	 1.0000 
