0.0000 	 1.0000 	 -2.0000 	 0.4000 	 1.0000 
0.0100 	 1.0000 	 -2.0000 	 0.4000 	 1.0000 
0.0200 	 1.0000 	 -2.0000 	 0.4000 	 1.0000 
0.0300 	 1.0000 	 -2.0000 	 0.4000 	 1.0000 
0.0400 	 1.0000 	 -2.0000 	 0.4000 	 1.0000 
0.0500 	 1.0000 	 -2.0000 	 0.4000 	 1.0000 
0.0600 	 1.0000 	 -2.0000 	 0.4000 	 1.0000 
0.0700 	 1.0000 	 -2.0000 	 0.4000 	 1.0000 
0.0800 	 1.0000 	 -2.0000 	 0.4000 	 1.0000 
0.0900 	 1.0000 	 -2.0000 	 0.4000 	 1.0000 
0.1000 	 1.0000 	 -2.0000 	 0.4000 	 1.0000 
0.1100 	 1.0000 	 -2.0000 	 0.4000 	 1.0000 
0.1200 	 1.0000 	 -2.0000 	 0.4000 	 1.0000 
0.1300 	 1.0000 	 -2.0000 	 0.4000 	 1.0000 
0.1400 	 1.0000 	 -2.0000 	 0.4000 	 1.0000 
0.1500 	 1.0000 	 -2.0000 	 0.4000 	 1.0000 
0.1600 	 0.9998 	 -1.9998 	 0.3999 	 0.9999 
0.1700 	 0.9991 	 -1.9993 	 0.3995 	 0.9996 
0.1800 	 0.9968 	 -1.9976 	 0.3982 	 0.9987 
0.1900 	 0.9911 	 -1.9933 	 0.3950 	 0.9964 
0.2000 	 0.9793 	 -1.9845 	 0.3885 	 0.9918 
0.2100 	 0.9592 	 -1.9693 	 0.3775 	 0.9840 
0.2200 	 0.9297 	 -1.9466 	 0.3617 	 0.9726 
0.2300 	 0.8910 	 -1.9164 	 0.3413 	 0.9578 
0.2400 	 0.8445 	 -1.8791 	 0.3176 	 0.9402 
0.2500 	 0.7921 	 -1.8357 	 0.2918 	 0.9208 
0.2600 	 0.7356 	 -1.7870 	 0.2650 	 0.9005 
0.2700 	 0.6767 	 -1.7340 	 0.2382 	 0.8800 
0.2800 	 0.6168 	 -1.6772 	 0.2122 	 0.8600 
0.2900 	 0.5573 	 -1.6171 	 0.1875 	 0.8410 
0.3000 	 0.4990 	 -1.5542 	 0.1644 	 0.8235 
0.3100 	 0.4430 	 -1.4888 	 0.1431 	 0.8078 
0.3200 	 0.3900 	 -1.4209 	 0.1239 	 0.7940 
0.3300 	 0.3406 	 -1.3510 	 0.1066 	 0.7823 
0.3400 	 0.2951 	 -1.2790 	 0.0912 	 0.7727 
0.3500 	 0.2539 	 -1.2052 	 0.0777 	 0.7654 
0.3600 	 0.2171 	 -1.1296 	 0.0660 	 0.7603 
0.3700 	 0.1845 	 -1.0527 	 0.0559 	 0.7576 
0.3800 	 0.1562 	 -0.9744 	 0.0473 	 0.7573 
0.3900 	 0.1317 	 -0.8952 	 0.0400 	 0.7596 
0.4000 	 0.1108 	 -0.8154 	 0.0339 	 0.7647 
0.4100 	 0.0932 	 -0.7355 	 0.0288 	 0.7729 
0.4200 	 0.0785 	 -0.6556 	 0.0246 	 0.7846 
0.4300 	 0.0663 	 -0.5760 	 0.0212 	 0.8004 
0.4400 	 0.0562 	 -0.4974 	 0.0185 	 0.8206 
0.4500 	 0.0480 	 -0.4201 	 0.0162 	 0.8454 
0.4600 	 0.0413 	 -0.3443 	 0.0145 	 0.8750 
0.4700 	 0.0360 	 -0.2698 	 0.0131 	 0.9098 
0.4800 	 0.0317 	 -0.1953 	 0.0121 	 0.9511 
0.4900 	 0.0285 	 -0.1197 	 0.0114 	 1.0024 
0.5000 	 0.0258 	 -0.0413 	 0.0111 	 1.0754 
0.5100 	 0.0275 	 0.0371 	 0.0111 	 1.0122 
0.5200 	 0.0293 	 0.1148 	 0.0115 	 0.9761 
0.5300 	 0.0322 	 0.1919 	 0.0121 	 0.9408 
0.5400 	 0.0361 	 0.2675 	 0.0131 	 0.9078 
0.5500 	 0.0413 	 0.3428 	 0.0145 	 0.8770 
0.5600 	 0.0479 	 0.4191 	 0.0163 	 0.8490 
0.5700 	 0.0560 	 0.4967 	 0.0185 	 0.8244 
0.5800 	 0.0661 	 0.5755 	 0.0212 	 0.8038 
0.5900 	 0.0782 	 0.6552 	 0.0246 	 0.7874 
0.6000 	 0.0930 	 0.7352 	 0.0288 	 0.7751 
0.6100 	 0.1106 	 0.8152 	 0.0339 	 0.7664 
0.6200 	 0.1315 	 0.8951 	 0.0400 	 0.7609 
0.6300 	 0.1560 	 0.9743 	 0.0473 	 0.7583 
0.6400 	 0.1844 	 1.0527 	 0.0559 	 0.7584 
0.6500 	 0.2170 	 1.1297 	 0.0660 	 0.7609 
0.6600 	 0.2538 	 1.2053 	 0.0778 	 0.7659 
0.6700 	 0.2951 	 1.2791 	 0.0913 	 0.7731 
0.6800 	 0.3406 	 1.3511 	 0.1066 	 0.7826 
0.6900 	 0.3900 	 1.4211 	 0.1239 	 0.7942 
0.7000 	 0.4431 	 1.4889 	 0.1432 	 0.8079 
0.7100 	 0.4991 	 1.5544 	 0.1644 	 0.8236 
0.7200 	 0.5574 	 1.6173 	 0.1875 	 0.8411 
0.7300 	 0.6169 	 1.6773 	 0.2122 	 0.8600 
0.7400 	 0.6768 	 1.7341 	 0.2382 	 0.8800 
0.7500 	 0.7357 	 1.7871 	 0.2650 	 0.9005 
0.7600 	 0.7922 	 1.8357 	 0.2918 	 0.9209 
0.7700 	 0.8446 	 1.8792 	 0.3176 	 0.9402 
0.7800 	 0.8910 	 1.9164 	 0.3414 	 0.9578 
0.7900 	 0.9297 	 1.9467 	 0.3617 	 0.9726 
0.8000 	 0.9592 	 1.9693 	 0.3775 	 0.9840 
0.8100 	 0.9793 	 1.9845 	 0.3885 	 0.9918 
0.8200 	 0.9911 	 1.9933 	 0.3950 	 0.9964 
0.8300 	 0.9968 	 1.9976 	 0.3982 	 0.9987 
0.8400 	 0.9991 	 1.9993 	 0.3995 	 0.9996 
0.8500 	 0.9998 	 1.9998 	 0.3999 	 0.9999 
0.8600 	 1.0000 	 2.0000 	 0.4000 	 1.0000 
0.8700 	 1.0000 	 2.0000 	 0.4000 	 1.0000 
0.8800 	 1.0000 	 2.0000 	 0.4000 	 1.0000 
0.8900 	 1.0000 	 2.0000 	 0.4000 	 1.0000 
0.9000 	 1.0000 	 2.0000 	 0.4000 	 1.0000 
0.9100 	 1.0000 	 2.0000 	 0.4000 	 1.0000 
0.9200 	 1.0000 	 2.0000 	 0.4000 	 1.0000 
0.9300 	 1.0000 	 2.0000 	 0.4000 	 1.0000 
0.9400 	 1.0000 	 2.0000 	 0.4000 	 1.0000 
0.9500 	 1.0000 	 2.0000 	 0.4000 	 1.0000 
0.9600 	 1.0000 	 2.0000 	 0.4000 	 1.0000 
0.9700 	 1.0000 	 2.0000 	 0.4000 	 1.0000 
0.9800 	 1.0000 	 2.0000 	 0.4000 	 1.0000 
0.9900 	 1.0000 	 2.0000 	 0.4000 	 1.0000 
