0.0000 	 1.0000 	 0.0000 	 1.0000 	 2.5000 
0.0100 	 1.0000 	 0.0000 	 1.0000 	 2.5000 
0.0200 	 1.0000 	 0.0000 	 1.0000 	 2.5000 
0.0300 	 1.0000 	 0.0000 	 1.0000 	 2.5000 
0.0400 	 1.0000 	 0.0000 	 1.0000 	 2.5000 
0.0500 	 1.0000 	 0.0000 	 1.0000 	 2.5000 
0.0600 	 1.0000 	 0.0000 	 1.0000 	 2.5000 
0.0700 	 1.0000 	 0.0000 	 1.0000 	 2.5000 
0.0800 	 1.0000 	 0.0000 	 1.0000 	 2.5000 
0.0900 	 1.0000 	 0.0000 	 1.0000 	 2.5000 
0.1000 	 1.0000 	 0.0000 	 1.0000 	 2.5000 
0.1100 	 1.0000 	 0.0000 	 1.0000 	 2.5000 
0.1200 	 1.0000 	 0.0000 	 1.0000 	 2.5000 
0.1300 	 1.0000 	 0.0000 	 1.0000 	 2.5000 
0.1400 	 1.0000 	 0.0000 	 1.0000 	 2.5000 
0.1500 	 1.0000 	 0.0000 	 1.0000 	 2.5000 
0.1600 	 1.0000 	 0.0000 	 1.0000 	 2.5000 
0.1700 	 1.0000 	 0.0000 	 1.0000 	 2.5000 
0.1800 	 1.0000 	 0.0000 	 1.0000 	 2.5000 
0.1900 	 1.0000 	 0.0000 	 1.0000 	 2.5000 
0.2000 	 1.0000 	 0.0000 	 1.0000 	 2.5000 
0.2100 	 1.0000 	 0.0000 	 1.0000 	 2.5000 
0.2200 	 1.0000 	 0.0000 	 1.0000 	 2.5000 
0.2300 	 1.0000 	 0.0000 	 1.0000 	 2.5000 
0.2400 	 1.0000 	 0.0000 	 1.0000 	 2.5000 
0.2500 	 1.0000 	 0.0000 	 1.0000 	 2.5000 
0.2600 	 1.0000 	 0.0000 	 1.0000 	 2.5000 
0.2700 	 1.0000 	 0.0000 	 1.0000 	 2.5000 
0.2800 	 1.0000 	 0.0000 	 1.0000 	 2.5000 
0.2900 	 1.0000 	 0.0000 	 1.0000 	 2.5000 
0.3000 	 1.0000 	 0.0000 	 1.0000 	 2.5000 
0.3100 	 1.0000 	 0.0000 	 1.0000 	 2.5000 
0.3200 	 1.0000 	 0.0000 	 1.0000 	 2.5000 
0.3300 	 1.0000 	 0.0000 	 1.0000 	 2.5000 
0.3400 	 1.0000 	 0.0000 	 1.0000 	 2.5000 
0.3500 	 0.9999 	 0.0001 	 0.9999 	 2.4999 
0.3600 	 0.9995 	 0.0006 	 0.9993 	 2.4995 
0.3700 	 0.9980 	 0.0024 	 0.9972 	 2.4980 
0.3800 	 0.9934 	 0.0078 	 0.9908 	 2.4934 
0.3900 	 0.9825 	 0.0209 	 0.9756 	 2.4825 
0.4000 	 0.9611 	 0.0468 	 0.9462 	 2.4611 
0.4100 	 0.9270 	 0.0892 	 0.8996 	 2.4263 
0.4200 	 0.8804 	 0.1490 	 0.8373 	 2.3776 
0.4300 	 0.8242 	 0.2247 	 0.7638 	 2.3167 
0.4400 	 0.7618 	 0.3139 	 0.6843 	 2.2456 
0.4500 	 0.6995 	 0.4087 	 0.6074 	 2.1708 
0.4600 	 0.6418 	 0.5029 	 0.5384 	 2.0971 
0.4700 	 0.5884 	 0.5950 	 0.4775 	 2.0286 
0.4800 	 0.5415 	 0.6837 	 0.4245 	 1.9597 
0.4900 	 0.5001 	 0.7665 	 0.3795 	 1.8971 
0.5000 	 0.4646 	 0.8390 	 0.3436 	 1.8489 
0.5100 	 0.4391 	 0.8934 	 0.3186 	 1.8137 
0.5200 	 0.4270 	 0.9217 	 0.3063 	 1.7933 
0.5300 	 0.4253 	 0.9261 	 0.3045 	 1.7898 
0.5400 	 0.4251 	 0.9259 	 0.3048 	 1.7923 
0.5500 	 0.4213 	 0.9269 	 0.3044 	 1.8064 
0.5600 	 0.4095 	 0.9279 	 0.3041 	 1.8568 
0.5700 	 0.3825 	 0.9285 	 0.3041 	 1.9873 
0.5800 	 0.3358 	 0.9293 	 0.3040 	 2.2633 
0.5900 	 0.2967 	 0.9297 	 0.3041 	 2.5625 
0.6000 	 0.2780 	 0.9301 	 0.3042 	 2.7357 
0.6100 	 0.2703 	 0.9312 	 0.3041 	 2.8125 
0.6200 	 0.2675 	 0.9313 	 0.3044 	 2.8451 
0.6300 	 0.2666 	 0.9312 	 0.3045 	 2.8560 
0.6400 	 0.2628 	 0.9173 	 0.2996 	 2.8491 
0.6500 	 0.1987 	 0.5859 	 0.2041 	 2.5672 
0.6600 	 0.1300 	 0.0440 	 0.1059 	 2.0360 
0.6700 	 0.1251 	 0.0009 	 0.1001 	 2.0007 
0.6800 	 0.1250 	 0.0000 	 0.1000 	 2.0000 
0.6900 	 0.1250 	 0.0000 	 0.1000 	 2.0000 
0.7000 	 0.1250 	 0.0000 	 0.1000 	 2.0000 
0.7100 	 0.1250 	 0.0000 	 0.1000 	 2.0000 
0.7200 	 0.1250 	 0.0000 	 0.1000 	 2.0000 
0.7300 	 0.1250 	 0.0000 	 0.1000 	 2.0000 
0.7400 	 0.1250 	 0.0000 	 0.1000 	 2.0000 
0.7500 	 0.1250 	 0.0000 	 0.1000 	 2.0000 
0.7600 	 0.1250 	 0.0000 	 0.1000 	 2.0000 
0.7700 	 0.1250 	 0.0000 	 0.1000 	 2.0000 
0.7800 	 0.1250 	 0.0000 	 0.1000 	 2.0000 
0.7900 	 0.1250 	 0.0000 	 0.1000 	 2.0000 
0.8000 	 0.1250 	 0.0000 	 0.1000 	 2.0000 
0.8100 	 0.1250 	 0.0000 	 0.1000 	 2.0000 
0.8200 	 0.1250 	 0.0000 	 0.1000 	 2.0000 
0.8300 	 0.1250 	 0.0000 	 0.1000 	 2.0000 
0.8400 	 0.1250 	 0.0000 	 0.1000 	 2.0000 
0.8500 	 0.1250 	 0.0000 	 0.1000 	 2.0000 
0.8600 	 0.1250 	 0.0000 	 0.1000 	 2.0000 
0.8700 	 0.1250 	 0.0000 	 0.1000 	 2.0000 
0.8800 	 0.1250 	 0.0000 	 0.1000 	 2.0000 
0.8900 	 0.1250 	 0.0000 	 0.1000 	 2.0000 
0.9000 	 0.1250 	 0.0000 	 0.1000 	 2.0000 
0.9100 	 0.1250 	 0.0000 	 0.1000 	 2.0000 
0.9200 	 0.1250 	 0.0000 	 0.1000 	 2.0000 
0.9300 	 0.1250 	 0.0000 	 0.1000 	 2.0000 
0.9400 	 0.1250 	 0.0000 	 0.1000 	 2.0000 
0.9500 	 0.1250 	 0.0000 	 0.1000 	 2.0000 
0.9600 	 0.1250 	 0.0000 	 0.1000 	 2.0000 
0.9700 	 0.1250 	 0.0000 	 0.1000 	 2.0000 
0.9800 	 0.1250 	 0.0000 	 0.1000 	 2.0000 
0.9900 	 0.1250 	 0.0000 	 0.1000 	 2.0000 
0.0000 	 0.1250 	 0.0000 	 0.1000 	 2.0000 
