0.0000 	 1.0000 	 0.0000 	 1.0000 	 2.5000 
0.0100 	 1.0000 	 0.0000 	 1.0000 	 2.5000 
0.0200 	 1.0000 	 0.0000 	 1.0000 	 2.5000 
0.0300 	 1.0000 	 0.0000 	 1.0000 	 2.5000 
0.0400 	 1.0000 	 0.0000 	 1.0000 	 2.5000 
0.0500 	 1.0000 	 0.0000 	 1.0000 	 2.5000 
0.0600 	 1.0000 	 0.0000 	 1.0000 	 2.5000 
0.0700 	 1.0000 	 0.0000 	 1.0000 	 2.5000 
0.0800 	 1.0000 	 0.0000 	 1.0000 	 2.5000 
0.0900 	 1.0000 	 0.0000 	 1.0000 	 2.5000 
0.1000 	 1.0000 	 0.0000 	 1.0000 	 2.5000 
0.1100 	 1.0000 	 0.0000 	 1.0000 	 2.5000 
0.1200 	 1.0000 	 0.0000 	 1.0000 	 2.5000 
0.1300 	 1.0000 	 0.0000 	 1.0000 	 2.5000 
0.1400 	 1.0000 	 0.0000 	 1.0000 	 2.5000 
0.1500 	 1.0000 	 0.0000 	 1.0000 	 2.5000 
0.1600 	 1.0000 	 0.0000 	 1.0000 	 2.5000 
0.1700 	 1.0000 	 0.0000 	 1.0000 	 2.5000 
0.1800 	 1.0000 	 0.0000 	 1.0000 	 2.5000 
0.1900 	 1.0000 	 0.0000 	 1.0000 	 2.5000 
0.2000 	 1.0000 	 0.0000 	 1.0000 	 2.5000 
0.2100 	 1.0000 	 0.0000 	 1.0000 	 2.5000 
0.2200 	 1.0000 	 0.0000 	 1.0000 	 2.5000 
0.2300 	 1.0000 	 0.0000 	 1.0000 	 2.5000 
0.2400 	 1.0000 	 0.0000 	 1.0000 	 2.5000 
0.2500 	 0.9999 	 0.0001 	 0.9999 	 2.4999 
0.2600 	 0.9996 	 0.0004 	 0.9995 	 2.4996 
0.2700 	 0.9989 	 0.0013 	 0.9985 	 2.4989 
0.2800 	 0.9971 	 0.0035 	 0.9959 	 2.4971 
0.2900 	 0.9930 	 0.0083 	 0.9903 	 2.4930 
0.3000 	 0.9854 	 0.0174 	 0.9797 	 2.4854 
0.3100 	 0.9728 	 0.0325 	 0.9622 	 2.4727 
0.3200 	 0.9544 	 0.0550 	 0.9369 	 2.4540 
0.3300 	 0.9303 	 0.0849 	 0.9040 	 2.4293 
0.3400 	 0.9015 	 0.1214 	 0.8651 	 2.3991 
0.3500 	 0.8693 	 0.1635 	 0.8222 	 2.3646 
0.3600 	 0.8350 	 0.2097 	 0.7771 	 2.3269 
0.3700 	 0.7992 	 0.2594 	 0.7310 	 2.2867 
0.3800 	 0.7636 	 0.3109 	 0.6858 	 2.2454 
0.3900 	 0.7290 	 0.3625 	 0.6428 	 2.2043 
0.4000 	 0.6958 	 0.4141 	 0.6021 	 2.1635 
0.4100 	 0.6638 	 0.4656 	 0.5638 	 2.1233 
0.4200 	 0.6332 	 0.5169 	 0.5277 	 2.0836 
0.4300 	 0.6039 	 0.5678 	 0.4939 	 2.0447 
0.4400 	 0.5760 	 0.6182 	 0.4622 	 2.0062 
0.4500 	 0.5494 	 0.6681 	 0.4326 	 1.9688 
0.4600 	 0.5241 	 0.7171 	 0.4051 	 1.9326 
0.4700 	 0.5005 	 0.7647 	 0.3799 	 1.8973 
0.4800 	 0.4790 	 0.8100 	 0.3571 	 1.8637 
0.4900 	 0.4598 	 0.8515 	 0.3372 	 1.8336 
0.5000 	 0.4438 	 0.8865 	 0.3212 	 1.8094 
0.5100 	 0.4329 	 0.9112 	 0.3103 	 1.7920 
0.5200 	 0.4279 	 0.9230 	 0.3052 	 1.7834 
0.5300 	 0.4270 	 0.9253 	 0.3043 	 1.7815 
0.5400 	 0.4270 	 0.9254 	 0.3042 	 1.7813 
0.5500 	 0.4264 	 0.9265 	 0.3038 	 1.7812 
0.5600 	 0.4257 	 0.9271 	 0.3036 	 1.7829 
0.5700 	 0.4249 	 0.9275 	 0.3034 	 1.7853 
0.5800 	 0.4243 	 0.9278 	 0.3033 	 1.7870 
0.5900 	 0.4238 	 0.9279 	 0.3033 	 1.7890 
0.6000 	 0.4228 	 0.9281 	 0.3032 	 1.7928 
0.6100 	 0.4202 	 0.9282 	 0.3032 	 1.8038 
0.6200 	 0.4136 	 0.9282 	 0.3032 	 1.8331 
0.6300 	 0.3988 	 0.9283 	 0.3033 	 1.9009 
0.6400 	 0.3717 	 0.9283 	 0.3033 	 2.0398 
0.6500 	 0.3317 	 0.9284 	 0.3033 	 2.2861 
0.6600 	 0.2994 	 0.9284 	 0.3034 	 2.5336 
0.6700 	 0.2812 	 0.9285 	 0.3034 	 2.6974 
0.6800 	 0.2721 	 0.9287 	 0.3034 	 2.7876 
0.6900 	 0.2681 	 0.9288 	 0.3035 	 2.8303 
0.7000 	 0.2665 	 0.9289 	 0.3036 	 2.8481 
0.7100 	 0.2659 	 0.9291 	 0.3036 	 2.8544 
0.7200 	 0.2658 	 0.9290 	 0.3037 	 2.8567 
0.7300 	 0.2658 	 0.9293 	 0.3038 	 2.8571 
0.7400 	 0.2658 	 0.9301 	 0.3037 	 2.8565 
0.7500 	 0.2660 	 0.9300 	 0.3039 	 2.8572 
0.7600 	 0.2660 	 0.9297 	 0.3039 	 2.8570 
0.7700 	 0.2619 	 0.9118 	 0.2978 	 2.8429 
0.7800 	 0.1939 	 0.5551 	 0.1969 	 2.5385 
0.7900 	 0.1294 	 0.0380 	 0.1051 	 2.0308 
0.8000 	 0.1251 	 0.0007 	 0.1001 	 2.0006 
0.8100 	 0.1250 	 0.0000 	 0.1000 	 2.0000 
0.8200 	 0.1250 	 0.0000 	 0.1000 	 2.0000 
0.8300 	 0.1250 	 0.0000 	 0.1000 	 2.0000 
0.8400 	 0.1250 	 0.0000 	 0.1000 	 2.0000 
0.8500 	 0.1250 	 0.0000 	 0.1000 	 2.0000 
0.8600 	 0.1250 	 0.0000 	 0.1000 	 2.0000 
0.8700 	 0.1250 	 0.0000 	 0.1000 	 2.0000 
0.8800 	 0.1250 	 0.0000 	 0.1000 	 2.0000 
0.8900 	 0.1250 	 0.0000 	 0.1000 	 2.0000 
0.9000 	 0.1250 	 0.0000 	 0.1000 	 2.0000 
0.9100 	 0.1250 	 0.0000 	 0.1000 	 2.0000 
0.9200 	 0.1250 	 0.0000 	 0.1000 	 2.0000 
0.9300 	 0.1250 	 0.0000 	 0.1000 	 2.0000 
0.9400 	 0.1250 	 0.0000 	 0.1000 	 2.0000 
0.9500 	 0.1250 	 0.0000 	 0.1000 	 2.0000 
0.9600 	 0.1250 	 0.0000 	 0.1000 	 2.0000 
0.9700 	 0.1250 	 0.0000 	 0.1000 	 2.0000 
0.9800 	 0.1250 	 0.0000 	 0.1000 	 2.0000 
0.9900 	 0.1250 	 0.0000 	 0.1000 	 2.0000 
0.0000 	 0.1250 	 0.0000 	 0.1000 	 2.0000 
