0.0000 	 1.0000 	 0.0000 	 1.0000 	 2.5000 
0.0100 	 1.0000 	 0.0000 	 1.0000 	 2.5000 
0.0200 	 1.0000 	 0.0000 	 1.0000 	 2.5000 
0.0300 	 1.0000 	 0.0000 	 1.0000 	 2.5000 
0.0400 	 1.0000 	 0.0000 	 1.0000 	 2.5000 
0.0500 	 1.0000 	 0.0000 	 1.0000 	 2.5000 
0.0600 	 1.0000 	 0.0000 	 1.0000 	 2.5000 
0.0700 	 1.0000 	 0.0000 	 1.0000 	 2.5000 
0.0800 	 1.0000 	 0.0000 	 1.0000 	 2.5000 
0.0900 	 1.0000 	 0.0000 	 1.0000 	 2.5000 
0.1000 	 1.0000 	 0.0000 	 1.0000 	 2.5000 
0.1100 	 1.0000 	 0.0000 	 1.0000 	 2.5000 
0.1200 	 1.0000 	 0.0000 	 1.0000 	 2.5000 
0.1300 	 1.0000 	 0.0000 	 1.0000 	 2.5000 
0.1400 	 1.0000 	 0.0000 	 1.0000 	 2.5000 
0.1500 	 1.0000 	 0.0000 	 1.0000 	 2.5000 
0.1600 	 1.0000 	 0.0000 	 1.0000 	 2.5000 
0.1700 	 1.0000 	 0.0000 	 1.0000 	 2.5000 
0.1800 	 1.0000 	 0.0000 	 1.0000 	 2.5000 
0.1900 	 1.0000 	 0.0000 	 1.0000 	 2.5000 
0.2000 	 1.0000 	 0.0000 	 1.0000 	 2.5000 
0.2100 	 1.0000 	 0.0000 	 1.0000 	 2.5000 
0.2200 	 1.0000 	 0.0000 	 1.0000 	 2.5000 
0.2300 	 1.0000 	 0.0000 	 1.0000 	 2.5000 
0.2400 	 1.0000 	 0.0000 	 1.0000 	 2.5000 
0.2500 	 1.0000 	 0.0000 	 1.0000 	 2.5000 
0.2600 	 1.0000 	 0.0000 	 1.0000 	 2.5000 
0.2700 	 1.0000 	 0.0000 	 1.0000 	 2.5000 
0.2800 	 1.0000 	 0.0000 	 1.0000 	 2.5000 
0.2900 	 1.0000 	 0.0000 	 1.0000 	 2.5000 
0.3000 	 1.0000 	 0.0000 	 1.0000 	 2.5000 
0.3100 	 1.0000 	 0.0000 	 1.0000 	 2.5000 
0.3200 	 1.0000 	 0.0000 	 1.0000 	 2.5000 
0.3300 	 1.0000 	 0.0000 	 1.0000 	 2.5000 
0.3400 	 1.0000 	 0.0000 	 1.0000 	 2.5000 
0.3500 	 1.0000 	 0.0000 	 1.0000 	 2.5000 
0.3600 	 0.9999 	 0.0001 	 0.9999 	 2.4999 
0.3700 	 0.9996 	 0.0005 	 0.9994 	 2.4996 
0.3800 	 0.9982 	 0.0022 	 0.9974 	 2.4982 
0.3900 	 0.9936 	 0.0076 	 0.9911 	 2.4936 
0.4000 	 0.9822 	 0.0213 	 0.9752 	 2.4822 
0.4100 	 0.9591 	 0.0493 	 0.9434 	 2.4591 
0.4200 	 0.9215 	 0.0962 	 0.8922 	 2.4207 
0.4300 	 0.8697 	 0.1632 	 0.8232 	 2.3665 
0.4400 	 0.8071 	 0.2486 	 0.7419 	 2.2981 
0.4500 	 0.7379 	 0.3496 	 0.6547 	 2.2182 
0.4600 	 0.6714 	 0.4538 	 0.5737 	 2.1362 
0.4700 	 0.6102 	 0.5564 	 0.5025 	 2.0588 
0.4800 	 0.5567 	 0.6553 	 0.4411 	 1.9808 
0.4900 	 0.5092 	 0.7476 	 0.3897 	 1.9132 
0.5000 	 0.4686 	 0.8288 	 0.3487 	 1.8603 
0.5100 	 0.4406 	 0.8898 	 0.3203 	 1.8174 
0.5200 	 0.4273 	 0.9218 	 0.3065 	 1.7930 
0.5300 	 0.4255 	 0.9264 	 0.3046 	 1.7897 
0.5400 	 0.4236 	 0.9260 	 0.3049 	 1.7991 
0.5500 	 0.4147 	 0.9272 	 0.3045 	 1.8358 
0.5600 	 0.3920 	 0.9282 	 0.3043 	 1.9409 
0.5700 	 0.3480 	 0.9289 	 0.3043 	 2.1863 
0.5800 	 0.3030 	 0.9300 	 0.3042 	 2.5102 
0.5900 	 0.2802 	 0.9304 	 0.3043 	 2.7154 
0.6000 	 0.2713 	 0.9306 	 0.3045 	 2.8058 
0.6100 	 0.2678 	 0.9321 	 0.3044 	 2.8411 
0.6200 	 0.2663 	 0.9312 	 0.3042 	 2.8560 
0.6300 	 0.2500 	 0.8532 	 0.2793 	 2.7927 
0.6400 	 0.1539 	 0.2615 	 0.1388 	 2.2554 
0.6500 	 0.1259 	 0.0081 	 0.1011 	 2.0062 
0.6600 	 0.1250 	 0.0002 	 0.1000 	 2.0001 
0.6700 	 0.1250 	 0.0000 	 0.1000 	 2.0000 
0.6800 	 0.1250 	 0.0000 	 0.1000 	 2.0000 
0.6900 	 0.1250 	 0.0000 	 0.1000 	 2.0000 
0.7000 	 0.1250 	 0.0000 	 0.1000 	 2.0000 
0.7100 	 0.1250 	 0.0000 	 0.1000 	 2.0000 
0.7200 	 0.1250 	 0.0000 	 0.1000 	 2.0000 
0.7300 	 0.1250 	 0.0000 	 0.1000 	 2.0000 
0.7400 	 0.1250 	 0.0000 	 0.1000 	 2.0000 
0.7500 	 0.1250 	 0.0000 	 0.1000 	 2.0000 
0.7600 	 0.1250 	 0.0000 	 0.1000 	 2.0000 
0.7700 	 0.1250 	 0.0000 	 0.1000 	 2.0000 
0.7800 	 0.1250 	 0.0000 	 0.1000 	 2.0000 
0.7900 	 0.1250 	 0.0000 	 0.1000 	 2.0000 
0.8000 	 0.1250 	 0.0000 	 0.1000 	 2.0000 
0.8100 	 0.1250 	 0.0000 	 0.1000 	 2.0000 
0.8200 	 0.1250 	 0.0000 	 0.1000 	 2.0000 
0.8300 	 0.1250 	 0.0000 	 0.1000 	 2.0000 
0.8400 	 0.1250 	 0.0000 	 0.1000 	 2.0000 
0.8500 	 0.1250 	 0.0000 	 0.1000 	 2.0000 
0.8600 	 0.1250 	 0.0000 	 0.1000 	 2.0000 
0.8700 	 0.1250 	 0.0000 	 0.1000 	 2.0000 
0.8800 	 0.1250 	 0.0000 	 0.1000 	 2.0000 
0.8900 	 0.1250 	 0.0000 	 0.1000 	 2.0000 
0.9000 	 0.1250 	 0.0000 	 0.1000 	 2.0000 
0.9100 	 0.1250 	 0.0000 	 0.1000 	 2.0000 
0.9200 	 0.1250 	 0.0000 	 0.1000 	 2.0000 
0.9300 	 0.1250 	 0.0000 	 0.1000 	 2.0000 
0.9400 	 0.1250 	 0.0000 	 0.1000 	 2.0000 
0.9500 	 0.1250 	 0.0000 	 0.1000 	 2.0000 
0.9600 	 0.1250 	 0.0000 	 0.1000 	 2.0000 
0.9700 	 0.1250 	 0.0000 	 0.1000 	 2.0000 
0.9800 	 0.1250 	 0.0000 	 0.1000 	 2.0000 
0.9900 	 0.1250 	 0.0000 	 0.1000 	 2.0000 
0.0000 	 0.1250 	 0.0000 	 0.1000 	 2.0000 
