0.0000 	 1.0000 	 -2.0000 	 0.4000 	 1.0000 
0.0100 	 1.0000 	 -2.0000 	 0.4000 	 1.0000 
0.0200 	 1.0000 	 -2.0000 	 0.4000 	 1.0000 
0.0300 	 1.0000 	 -2.0000 	 0.4000 	 1.0000 
0.0400 	 1.0000 	 -2.0000 	 0.4000 	 1.0000 
0.0500 	 1.0000 	 -2.0000 	 0.4000 	 1.0000 
0.0600 	 1.0000 	 -2.0000 	 0.4000 	 1.0000 
0.0700 	 1.0000 	 -2.0000 	 0.4000 	 1.0000 
0.0800 	 1.0000 	 -2.0000 	 0.4000 	 1.0000 
0.0900 	 1.0000 	 -2.0000 	 0.4000 	 1.0000 
0.1000 	 1.0000 	 -2.0000 	 0.4000 	 1.0000 
0.1100 	 1.0000 	 -2.0000 	 0.4000 	 1.0000 
0.1200 	 1.0000 	 -2.0000 	 0.4000 	 1.0000 
0.1300 	 1.0000 	 -2.0000 	 0.4000 	 1.0000 
0.1400 	 1.0000 	 -2.0000 	 0.4000 	 1.0000 
0.1500 	 1.0000 	 -2.0000 	 0.4000 	 1.0000 
0.1600 	 1.0000 	 -2.0000 	 0.4000 	 1.0000 
0.1700 	 1.0000 	 -2.0000 	 0.4000 	 1.0000 
0.1800 	 1.0000 	 -2.0000 	 0.4000 	 1.0000 
0.1900 	 1.0000 	 -2.0000 	 0.4000 	 1.0000 
0.2000 	 1.0000 	 -2.0000 	 0.4000 	 1.0000 
0.2100 	 1.0000 	 -2.0000 	 0.4000 	 1.0000 
0.2200 	 0.9999 	 -1.9999 	 0.3999 	 0.9999 
0.2300 	 0.9993 	 -1.9994 	 0.3996 	 0.9997 
0.2400 	 0.9970 	 -1.9978 	 0.3984 	 0.9988 
0.2500 	 0.9908 	 -1.9931 	 0.3949 	 0.9964 
0.2600 	 0.9769 	 -1.9827 	 0.3872 	 0.9910 
0.2700 	 0.9519 	 -1.9639 	 0.3737 	 0.9816 
0.2800 	 0.9141 	 -1.9352 	 0.3538 	 0.9677 
0.2900 	 0.8641 	 -1.8964 	 0.3284 	 0.9500 
0.3000 	 0.8041 	 -1.8483 	 0.2990 	 0.9298 
0.3100 	 0.7368 	 -1.7924 	 0.2677 	 0.9084 
0.3200 	 0.6652 	 -1.7297 	 0.2361 	 0.8872 
0.3300 	 0.5920 	 -1.6613 	 0.2054 	 0.8673 
0.3400 	 0.5195 	 -1.5880 	 0.1765 	 0.8494 
0.3500 	 0.4498 	 -1.5103 	 0.1501 	 0.8341 
0.3600 	 0.3844 	 -1.4288 	 0.1263 	 0.8216 
0.3700 	 0.3246 	 -1.3437 	 0.1055 	 0.8123 
0.3800 	 0.2710 	 -1.2553 	 0.0874 	 0.8063 
0.3900 	 0.2241 	 -1.1640 	 0.0720 	 0.8035 
0.4000 	 0.1838 	 -1.0702 	 0.0591 	 0.8044 
0.4100 	 0.1499 	 -0.9744 	 0.0485 	 0.8090 
0.4200 	 0.1218 	 -0.8771 	 0.0398 	 0.8177 
0.4300 	 0.0988 	 -0.7792 	 0.0329 	 0.8311 
0.4400 	 0.0805 	 -0.6811 	 0.0274 	 0.8500 
0.4500 	 0.0659 	 -0.5830 	 0.0231 	 0.8752 
0.4600 	 0.0546 	 -0.4859 	 0.0198 	 0.9070 
0.4700 	 0.0458 	 -0.3889 	 0.0173 	 0.9460 
0.4800 	 0.0393 	 -0.2878 	 0.0156 	 0.9944 
0.4900 	 0.0346 	 -0.1788 	 0.0146 	 1.0567 
0.5000 	 0.0310 	 -0.0615 	 0.0142 	 1.1453 
0.5100 	 0.0328 	 0.0570 	 0.0142 	 1.0843 
0.5200 	 0.0356 	 0.1729 	 0.0147 	 1.0359 
0.5300 	 0.0397 	 0.2840 	 0.0157 	 0.9895 
0.5400 	 0.0459 	 0.3870 	 0.0174 	 0.9480 
0.5500 	 0.0544 	 0.4850 	 0.0198 	 0.9114 
0.5600 	 0.0657 	 0.5825 	 0.0231 	 0.8797 
0.5700 	 0.0802 	 0.6807 	 0.0274 	 0.8537 
0.5800 	 0.0986 	 0.7789 	 0.0329 	 0.8340 
0.5900 	 0.1215 	 0.8769 	 0.0398 	 0.8199 
0.6000 	 0.1497 	 0.9743 	 0.0485 	 0.8106 
0.6100 	 0.1836 	 1.0703 	 0.0592 	 0.8056 
0.6200 	 0.2240 	 1.1642 	 0.0721 	 0.8044 
0.6300 	 0.2709 	 1.2555 	 0.0874 	 0.8069 
0.6400 	 0.3246 	 1.3439 	 0.1055 	 0.8128 
0.6500 	 0.3844 	 1.4290 	 0.1264 	 0.8220 
0.6600 	 0.4499 	 1.5105 	 0.1501 	 0.8343 
0.6700 	 0.5196 	 1.5882 	 0.1766 	 0.8495 
0.6800 	 0.5921 	 1.6614 	 0.2054 	 0.8674 
0.6900 	 0.6653 	 1.7298 	 0.2361 	 0.8873 
0.7000 	 0.7369 	 1.7924 	 0.2678 	 0.9084 
0.7100 	 0.8041 	 1.8484 	 0.2991 	 0.9298 
0.7200 	 0.8641 	 1.8964 	 0.3284 	 0.9500 
0.7300 	 0.9141 	 1.9352 	 0.3538 	 0.9677 
0.7400 	 0.9519 	 1.9639 	 0.3737 	 0.9816 
0.7500 	 0.9769 	 1.9827 	 0.3872 	 0.9910 
0.7600 	 0.9908 	 1.9931 	 0.3949 	 0.9964 
0.7700 	 0.9970 	 1.9978 	 0.3984 	 0.9988 
0.7800 	 0.9993 	 1.9994 	 0.3996 	 0.9997 
0.7900 	 0.9999 	 1.9999 	 0.3999 	 0.9999 
0.8000 	 1.0000 	 2.0000 	 0.4000 	 1.0000 
0.8100 	 1.0000 	 2.0000 	 0.4000 	 1.0000 
0.8200 	 1.0000 	 2.0000 	 0.4000 	 1.0000 
0.8300 	 1.0000 	 2.0000 	 0.4000 	 1.0000 
0.8400 	 1.0000 	 2.0000 	 0.4000 	 1.0000 
0.8500 	 1.0000 	 2.0000 	 0.4000 	 1.0000 
0.8600 	 1.0000 	 2.0000 	 0.4000 	 1.0000 
0.8700 	 1.0000 	 2.0000 	 0.4000 	 1.0000 
0.8800 	 1.0000 	 2.0000 	 0.4000 	 1.0000 
0.8900 	 1.0000 	 2.0000 	 0.4000 	 1.0000 
0.9000 	 1.0000 	 2.0000 	 0.4000 	 1.0000 
0.9100 	 1.0000 	 2.0000 	 0.4000 	 1.0000 
0.9200 	 1.0000 	 2.0000 	 0.4000 	 1.0000 
0.9300 	 1.0000 	 2.0000 	 0.4000 	 1.0000 
0.9400 	 1.0000 	 2.0000 	 0.4000 	 1.0000 
0.9500 	 1.0000 	 2.0000 	 0.4000 	 1.0000 
0.9600 	 1.0000 	 2.0000 	 0.4000 	 1.0000 
0.9700 	 1.0000 	 2.0000 	 0.4000 	 1.0000 
0.9800 	 1.0000 	 2.0000 	 0.4000 	 1.0000 
0.9900 	 1.0000 	 2.0000 	 0.4000 	 1.0000 
