0.0000 	 1.0000 	 0.0000 	 1.0000 	 2.5000 
0.0100 	 1.0000 	 0.0000 	 1.0000 	 2.5000 
0.0200 	 1.0000 	 0.0000 	 1.0000 	 2.5000 
0.0300 	 1.0000 	 0.0000 	 1.0000 	 2.5000 
0.0400 	 1.0000 	 0.0000 	 1.0000 	 2.5000 
0.0500 	 1.0000 	 0.0000 	 1.0000 	 2.5000 
0.0600 	 1.0000 	 0.0000 	 1.0000 	 2.5000 
0.0700 	 1.0000 	 0.0000 	 1.0000 	 2.5000 
0.0800 	 1.0000 	 0.0000 	 1.0000 	 2.5000 
0.0900 	 1.0000 	 0.0000 	 1.0000 	 2.5000 
0.1000 	 1.0000 	 0.0000 	 1.0000 	 2.5000 
0.1100 	 1.0000 	 0.0000 	 1.0000 	 2.5000 
0.1200 	 1.0000 	 0.0000 	 1.0000 	 2.5000 
0.1300 	 1.0000 	 0.0000 	 1.0000 	 2.5000 
0.1400 	 1.0000 	 0.0000 	 1.0000 	 2.5000 
0.1500 	 1.0000 	 0.0000 	 1.0000 	 2.5000 
0.1600 	 1.0000 	 0.0000 	 1.0000 	 2.5000 
0.1700 	 1.0000 	 0.0000 	 1.0000 	 2.5000 
0.1800 	 1.0000 	 0.0000 	 1.0000 	 2.5000 
0.1900 	 1.0000 	 0.0000 	 1.0000 	 2.5000 
0.2000 	 1.0000 	 0.0000 	 1.0000 	 2.5000 
0.2100 	 1.0000 	 0.0000 	 1.0000 	 2.5000 
0.2200 	 1.0000 	 0.0000 	 1.0000 	 2.5000 
0.2300 	 1.0000 	 0.0000 	 1.0000 	 2.5000 
0.2400 	 1.0000 	 0.0000 	 1.0000 	 2.5000 
0.2500 	 1.0000 	 0.0000 	 1.0000 	 2.5000 
0.2600 	 0.9997 	 0.0004 	 0.9995 	 2.4997 
0.2700 	 0.9968 	 0.0038 	 0.9955 	 2.4968 
0.2800 	 0.9782 	 0.0262 	 0.9700 	 2.4790 
0.2900 	 0.9008 	 0.1274 	 0.8686 	 2.4106 
0.3000 	 0.7074 	 0.5072 	 0.6130 	 2.1662 
0.3100 	 0.3659 	 0.8347 	 0.3159 	 2.1587 
0.3200 	 0.2364 	 0.7332 	 0.2326 	 2.4595 
0.3300 	 0.1736 	 0.4074 	 0.1634 	 2.3533 
0.3400 	 0.1388 	 0.1222 	 0.1166 	 2.1014 
0.3500 	 0.1272 	 0.0192 	 0.1025 	 2.0148 
0.3600 	 0.1252 	 0.0020 	 0.1003 	 2.0015 
0.3700 	 0.1250 	 0.0001 	 0.1000 	 2.0001 
0.3800 	 0.1250 	 0.0000 	 0.1000 	 2.0000 
0.3900 	 0.1250 	 0.0000 	 0.1000 	 2.0000 
0.4000 	 0.1250 	 0.0000 	 0.1000 	 2.0000 
0.4100 	 0.1250 	 0.0000 	 0.1000 	 2.0000 
0.4200 	 0.1250 	 0.0000 	 0.1000 	 2.0000 
0.4300 	 0.1250 	 0.0000 	 0.1000 	 2.0000 
0.4400 	 0.1250 	 0.0000 	 0.1000 	 2.0000 
0.4500 	 0.1250 	 0.0000 	 0.1000 	 2.0000 
0.4600 	 0.1250 	 0.0000 	 0.1000 	 2.0000 
0.4700 	 0.1250 	 0.0000 	 0.1000 	 2.0000 
0.4800 	 0.1250 	 0.0000 	 0.1000 	 2.0000 
0.4900 	 0.1250 	 0.0000 	 0.1000 	 2.0000 
0.5000 	 0.1250 	 0.0000 	 0.1000 	 2.0000 
0.5100 	 0.1250 	 0.0000 	 0.1000 	 2.0000 
0.5200 	 0.1250 	 0.0000 	 0.1000 	 2.0000 
0.5300 	 0.1250 	 0.0000 	 0.1000 	 2.0000 
0.5400 	 0.1250 	 0.0000 	 0.1000 	 2.0000 
0.5500 	 0.1250 	 0.0000 	 0.1000 	 2.0000 
0.5600 	 0.1250 	 0.0000 	 0.1000 	 2.0000 
0.5700 	 0.1250 	 0.0000 	 0.1000 	 2.0000 
0.5800 	 0.1250 	 0.0000 	 0.1000 	 2.0000 
0.5900 	 0.1250 	 0.0000 	 0.1000 	 2.0000 
0.6000 	 0.1250 	 0.0000 	 0.1000 	 2.0000 
0.6100 	 0.1250 	 0.0000 	 0.1000 	 2.0000 
0.6200 	 0.1250 	 0.0000 	 0.1000 	 2.0000 
0.6300 	 0.1250 	 0.0000 	 0.1000 	 2.0000 
0.6400 	 0.1250 	 0.0000 	 0.1000 	 2.0000 
0.6500 	 0.1250 	 0.0000 	 0.1000 	 2.0000 
0.6600 	 0.1250 	 0.0000 	 0.1000 	 2.0000 
0.6700 	 0.1250 	 0.0000 	 0.1000 	 2.0000 
0.6800 	 0.1250 	 0.0000 	 0.1000 	 2.0000 
0.6900 	 0.1250 	 0.0000 	 0.1000 	 2.0000 
0.7000 	 0.1250 	 0.0000 	 0.1000 	 2.0000 
0.7100 	 0.1250 	 0.0000 	 0.1000 	 2.0000 
0.7200 	 0.1250 	 0.0000 	 0.1000 	 2.0000 
0.7300 	 0.1250 	 0.0000 	 0.1000 	 2.0000 
0.7400 	 0.1250 	 0.0000 	 0.1000 	 2.0000 
0.7500 	 0.1250 	 0.0000 	 0.1000 	 2.0000 
0.7600 	 0.1250 	 0.0000 	 0.1000 	 2.0000 
0.7700 	 0.1250 	 0.0000 	 0.1000 	 2.0000 
0.7800 	 0.1250 	 0.0000 	 0.1000 	 2.0000 
0.7900 	 0.1250 	 0.0000 	 0.1000 	 2.0000 
0.8000 	 0.1250 	 0.0000 	 0.1000 	 2.0000 
0.8100 	 0.1250 	 0.0000 	 0.1000 	 2.0000 
0.8200 	 0.1250 	 0.0000 	 0.1000 	 2.0000 
0.8300 	 0.1250 	 0.0000 	 0.1000 	 2.0000 
0.8400 	 0.1250 	 0.0000 	 0.1000 	 2.0000 
0.8500 	 0.1250 	 0.0000 	 0.1000 	 2.0000 
0.8600 	 0.1250 	 0.0000 	 0.1000 	 2.0000 
0.8700 	 0.1250 	 0.0000 	 0.1000 	 2.0000 
0.8800 	 0.1250 	 0.0000 	 0.1000 	 2.0000 
0.8900 	 0.1250 	 0.0000 	 0.1000 	 2.0000 
0.9000 	 -nan 	 -nan 	 -nan 	 -nan 
0.9100 	 -nan 	 -nan 	 -nan 	 -nan 
0.9200 	 -nan 	 -nan 	 -nan 	 -nan 
0.9300 	 -nan 	 -nan 	 -nan 	 -nan 
0.9400 	 -nan 	 -nan 	 -nan 	 -nan 
0.9500 	 -nan 	 -nan 	 -nan 	 -nan 
0.9600 	 -nan 	 -nan 	 -nan 	 -nan 
0.9700 	 -nan 	 -nan 	 -nan 	 -nan 
0.9800 	 -nan 	 -nan 	 -nan 	 -nan 
0.9900 	 -nan 	 -nan 	 -nan 	 -nan 
0.0000 	 0.0000 	 -nan 	 -nan 	 -nan 
