0.0000 	 1.0000 	 -2.0000 	 0.4000 	 1.0000 
0.0100 	 1.0000 	 -2.0000 	 0.4000 	 1.0000 
0.0200 	 1.0000 	 -2.0000 	 0.4000 	 1.0000 
0.0300 	 1.0000 	 -2.0000 	 0.4000 	 1.0000 
0.0400 	 1.0000 	 -2.0000 	 0.4000 	 1.0000 
0.0500 	 1.0000 	 -2.0000 	 0.4000 	 1.0000 
0.0600 	 1.0000 	 -2.0000 	 0.4000 	 1.0000 
0.0700 	 1.0000 	 -2.0000 	 0.4000 	 1.0000 
0.0800 	 1.0000 	 -2.0000 	 0.4000 	 1.0000 
0.0900 	 1.0000 	 -2.0000 	 0.4000 	 1.0000 
0.1000 	 1.0000 	 -2.0000 	 0.4000 	 1.0000 
0.1100 	 1.0000 	 -2.0000 	 0.4000 	 1.0000 
0.1200 	 1.0000 	 -2.0000 	 0.4000 	 1.0000 
0.1300 	 1.0000 	 -2.0000 	 0.4000 	 1.0000 
0.1400 	 1.0000 	 -2.0000 	 0.4000 	 1.0000 
0.1500 	 1.0000 	 -2.0000 	 0.4000 	 1.0000 
0.1600 	 1.0000 	 -2.0000 	 0.4000 	 1.0000 
0.1700 	 1.0000 	 -2.0000 	 0.4000 	 1.0000 
0.1800 	 1.0000 	 -2.0000 	 0.4000 	 1.0000 
0.1900 	 1.0000 	 -2.0000 	 0.4000 	 1.0000 
0.2000 	 1.0000 	 -2.0000 	 0.4000 	 1.0000 
0.2100 	 1.0000 	 -2.0000 	 0.4000 	 1.0000 
0.2200 	 1.0000 	 -2.0000 	 0.4000 	 1.0000 
0.2300 	 0.9998 	 -1.9999 	 0.3999 	 0.9999 
0.2400 	 0.9991 	 -1.9993 	 0.3995 	 0.9996 
0.2500 	 0.9965 	 -1.9974 	 0.3981 	 0.9986 
0.2600 	 0.9893 	 -1.9920 	 0.3941 	 0.9958 
0.2700 	 0.9736 	 -1.9803 	 0.3855 	 0.9898 
0.2800 	 0.9459 	 -1.9595 	 0.3706 	 0.9795 
0.2900 	 0.9047 	 -1.9281 	 0.3491 	 0.9646 
0.3000 	 0.8509 	 -1.8863 	 0.3220 	 0.9461 
0.3100 	 0.7870 	 -1.8350 	 0.2913 	 0.9253 
0.3200 	 0.7162 	 -1.7756 	 0.2589 	 0.9038 
0.3300 	 0.6415 	 -1.7094 	 0.2266 	 0.8829 
0.3400 	 0.5659 	 -1.6373 	 0.1955 	 0.8637 
0.3500 	 0.4918 	 -1.5602 	 0.1666 	 0.8470 
0.3600 	 0.4213 	 -1.4786 	 0.1404 	 0.8331 
0.3700 	 0.3561 	 -1.3929 	 0.1172 	 0.8225 
0.3800 	 0.2973 	 -1.3035 	 0.0969 	 0.8152 
0.3900 	 0.2455 	 -1.2107 	 0.0797 	 0.8114 
0.4000 	 0.2008 	 -1.1150 	 0.0652 	 0.8114 
0.4100 	 0.1630 	 -1.0168 	 0.0531 	 0.8152 
0.4200 	 0.1317 	 -0.9168 	 0.0434 	 0.8234 
0.4300 	 0.1062 	 -0.8157 	 0.0355 	 0.8363 
0.4400 	 0.0858 	 -0.7144 	 0.0293 	 0.8548 
0.4500 	 0.0698 	 -0.6127 	 0.0246 	 0.8799 
0.4600 	 0.0573 	 -0.5118 	 0.0209 	 0.9120 
0.4700 	 0.0478 	 -0.4108 	 0.0182 	 0.9516 
0.4800 	 0.0408 	 -0.3050 	 0.0164 	 1.0015 
0.4900 	 0.0359 	 -0.1897 	 0.0153 	 1.0663 
0.5000 	 0.0321 	 -0.0651 	 0.0149 	 1.1581 
0.5100 	 0.0339 	 0.0607 	 0.0149 	 1.0976 
0.5200 	 0.0368 	 0.1838 	 0.0154 	 1.0464 
0.5300 	 0.0412 	 0.3011 	 0.0165 	 0.9976 
0.5400 	 0.0479 	 0.4090 	 0.0183 	 0.9543 
0.5500 	 0.0572 	 0.5110 	 0.0210 	 0.9166 
0.5600 	 0.0696 	 0.6122 	 0.0246 	 0.8844 
0.5700 	 0.0855 	 0.7140 	 0.0294 	 0.8584 
0.5800 	 0.1059 	 0.8155 	 0.0356 	 0.8391 
0.5900 	 0.1314 	 0.9167 	 0.0434 	 0.8254 
0.6000 	 0.1628 	 1.0168 	 0.0532 	 0.8167 
0.6100 	 0.2006 	 1.1151 	 0.0652 	 0.8125 
0.6200 	 0.2454 	 1.2109 	 0.0797 	 0.8122 
0.6300 	 0.2973 	 1.3037 	 0.0970 	 0.8157 
0.6400 	 0.3562 	 1.3931 	 0.1172 	 0.8228 
0.6500 	 0.4214 	 1.4788 	 0.1405 	 0.8334 
0.6600 	 0.4919 	 1.5604 	 0.1667 	 0.8471 
0.6700 	 0.5660 	 1.6375 	 0.1956 	 0.8638 
0.6800 	 0.6416 	 1.7095 	 0.2266 	 0.8830 
0.6900 	 0.7163 	 1.7757 	 0.2590 	 0.9038 
0.7000 	 0.7871 	 1.8350 	 0.2913 	 0.9253 
0.7100 	 0.8509 	 1.8863 	 0.3220 	 0.9461 
0.7200 	 0.9047 	 1.9281 	 0.3491 	 0.9646 
0.7300 	 0.9459 	 1.9595 	 0.3706 	 0.9795 
0.7400 	 0.9736 	 1.9803 	 0.3855 	 0.9898 
0.7500 	 0.9893 	 1.9920 	 0.3941 	 0.9958 
0.7600 	 0.9965 	 1.9974 	 0.3981 	 0.9986 
0.7700 	 0.9991 	 1.9993 	 0.3995 	 0.9996 
0.7800 	 0.9998 	 1.9999 	 0.3999 	 0.9999 
0.7900 	 1.0000 	 2.0000 	 0.4000 	 1.0000 
0.8000 	 1.0000 	 2.0000 	 0.4000 	 1.0000 
0.8100 	 1.0000 	 2.0000 	 0.4000 	 1.0000 
0.8200 	 1.0000 	 2.0000 	 0.4000 	 1.0000 
0.8300 	 1.0000 	 2.0000 	 0.4000 	 1.0000 
0.8400 	 1.0000 	 2.0000 	 0.4000 	 1.0000 
0.8500 	 1.0000 	 2.0000 	 0.4000 	 1.0000 
0.8600 	 1.0000 	 2.0000 	 0.4000 	 1.0000 
0.8700 	 1.0000 	 2.0000 	 0.4000 	 1.0000 
0.8800 	 1.0000 	 2.0000 	 0.4000 	 1.0000 
0.8900 	 1.0000 	 2.0000 	 0.4000 	 1.0000 
0.9000 	 1.0000 	 2.0000 	 0.4000 	 1.0000 
0.9100 	 1.0000 	 2.0000 	 0.4000 	 1.0000 
0.9200 	 1.0000 	 2.0000 	 0.4000 	 1.0000 
0.9300 	 1.0000 	 2.0000 	 0.4000 	 1.0000 
0.9400 	 1.0000 	 2.0000 	 0.4000 	 1.0000 
0.9500 	 1.0000 	 2.0000 	 0.4000 	 1.0000 
0.9600 	 1.0000 	 2.0000 	 0.4000 	 1.0000 
0.9700 	 1.0000 	 2.0000 	 0.4000 	 1.0000 
0.9800 	 1.0000 	 2.0000 	 0.4000 	 1.0000 
0.9900 	 1.0000 	 2.0000 	 0.4000 	 1.0000 
