0.0000 	 1.0000 	 0.0000 	 1.0000 	 2.5000 
0.0100 	 1.0000 	 0.0000 	 1.0000 	 2.5000 
0.0200 	 1.0000 	 0.0000 	 1.0000 	 2.5000 
0.0300 	 1.0000 	 0.0000 	 1.0000 	 2.5000 
0.0400 	 1.0000 	 0.0000 	 1.0000 	 2.5000 
0.0500 	 1.0000 	 0.0000 	 1.0000 	 2.5000 
0.0600 	 1.0000 	 0.0000 	 1.0000 	 2.5000 
0.0700 	 1.0000 	 0.0000 	 1.0000 	 2.5000 
0.0800 	 1.0000 	 0.0000 	 1.0000 	 2.5000 
0.0900 	 1.0000 	 0.0000 	 1.0000 	 2.5000 
0.1000 	 1.0000 	 0.0000 	 1.0000 	 2.5000 
0.1100 	 1.0000 	 0.0000 	 1.0000 	 2.5000 
0.1200 	 1.0000 	 0.0000 	 1.0000 	 2.5000 
0.1300 	 1.0000 	 0.0000 	 1.0000 	 2.5000 
0.1400 	 1.0000 	 0.0000 	 1.0000 	 2.5000 
0.1500 	 1.0000 	 0.0000 	 1.0000 	 2.5000 
0.1600 	 1.0000 	 0.0000 	 1.0000 	 2.5000 
0.1700 	 1.0000 	 0.0000 	 1.0000 	 2.5000 
0.1800 	 1.0000 	 0.0000 	 1.0000 	 2.5000 
0.1900 	 1.0000 	 0.0000 	 1.0000 	 2.5000 
0.2000 	 1.0000 	 0.0000 	 1.0000 	 2.5000 
0.2100 	 1.0000 	 0.0000 	 1.0000 	 2.5000 
0.2200 	 1.0000 	 0.0000 	 1.0000 	 2.5000 
0.2300 	 1.0000 	 0.0000 	 1.0000 	 2.5000 
0.2400 	 1.0000 	 0.0000 	 1.0000 	 2.5000 
0.2500 	 1.0000 	 0.0000 	 1.0000 	 2.5000 
0.2600 	 1.0000 	 0.0000 	 1.0000 	 2.5000 
0.2700 	 1.0000 	 0.0000 	 1.0000 	 2.5000 
0.2800 	 1.0000 	 0.0000 	 1.0000 	 2.5000 
0.2900 	 0.9999 	 0.0001 	 0.9999 	 2.4999 
0.3000 	 0.9998 	 0.0003 	 0.9997 	 2.4998 
0.3100 	 0.9991 	 0.0010 	 0.9988 	 2.4991 
0.3200 	 0.9973 	 0.0032 	 0.9963 	 2.4973 
0.3300 	 0.9930 	 0.0083 	 0.9902 	 2.4930 
0.3400 	 0.9841 	 0.0189 	 0.9779 	 2.4841 
0.3500 	 0.9687 	 0.0375 	 0.9565 	 2.4686 
0.3600 	 0.9455 	 0.0660 	 0.9246 	 2.4450 
0.3700 	 0.9146 	 0.1047 	 0.8828 	 2.4131 
0.3800 	 0.8777 	 0.1524 	 0.8335 	 2.3740 
0.3900 	 0.8366 	 0.2075 	 0.7794 	 2.3291 
0.4000 	 0.7928 	 0.2686 	 0.7230 	 2.2799 
0.4100 	 0.7486 	 0.3332 	 0.6672 	 2.2282 
0.4200 	 0.7061 	 0.3980 	 0.6148 	 2.1769 
0.4300 	 0.6657 	 0.4626 	 0.5662 	 2.1264 
0.4400 	 0.6275 	 0.5268 	 0.5212 	 2.0766 
0.4500 	 0.5913 	 0.5902 	 0.4798 	 2.0287 
0.4600 	 0.5576 	 0.6526 	 0.4419 	 1.9811 
0.4700 	 0.5262 	 0.7134 	 0.4074 	 1.9355 
0.4800 	 0.4970 	 0.7717 	 0.3765 	 1.8935 
0.4900 	 0.4713 	 0.8255 	 0.3497 	 1.8549 
0.5000 	 0.4505 	 0.8717 	 0.3280 	 1.8204 
0.5100 	 0.4359 	 0.9055 	 0.3129 	 1.7949 
0.5200 	 0.4283 	 0.9224 	 0.3056 	 1.7837 
0.5300 	 0.4264 	 0.9255 	 0.3043 	 1.7844 
0.5400 	 0.4257 	 0.9254 	 0.3044 	 1.7876 
0.5500 	 0.4249 	 0.9264 	 0.3040 	 1.7884 
0.5600 	 0.4244 	 0.9271 	 0.3037 	 1.7890 
0.5700 	 0.4237 	 0.9276 	 0.3035 	 1.7910 
0.5800 	 0.4216 	 0.9280 	 0.3034 	 1.7992 
0.5900 	 0.4156 	 0.9282 	 0.3035 	 1.8256 
0.6000 	 0.4007 	 0.9286 	 0.3034 	 1.8930 
0.6100 	 0.3717 	 0.9287 	 0.3034 	 2.0410 
0.6200 	 0.3286 	 0.9288 	 0.3035 	 2.3093 
0.6300 	 0.2958 	 0.9290 	 0.3035 	 2.5650 
0.6400 	 0.2787 	 0.9291 	 0.3036 	 2.7233 
0.6500 	 0.2707 	 0.9293 	 0.3037 	 2.8039 
0.6600 	 0.2675 	 0.9296 	 0.3037 	 2.8385 
0.6700 	 0.2663 	 0.9297 	 0.3039 	 2.8527 
0.6800 	 0.2660 	 0.9299 	 0.3040 	 2.8570 
0.6900 	 0.2659 	 0.9309 	 0.3039 	 2.8577 
0.7000 	 0.2660 	 0.9306 	 0.3042 	 2.8583 
0.7100 	 0.2647 	 0.9237 	 0.3021 	 2.8528 
0.7200 	 0.2195 	 0.7050 	 0.2345 	 2.6707 
0.7300 	 0.1351 	 0.0909 	 0.1124 	 2.0798 
0.7400 	 0.1252 	 0.0019 	 0.1003 	 2.0015 
0.7500 	 0.1250 	 0.0000 	 0.1000 	 2.0000 
0.7600 	 0.1250 	 0.0000 	 0.1000 	 2.0000 
0.7700 	 0.1250 	 0.0000 	 0.1000 	 2.0000 
0.7800 	 0.1250 	 0.0000 	 0.1000 	 2.0000 
0.7900 	 0.1250 	 0.0000 	 0.1000 	 2.0000 
0.8000 	 0.1250 	 0.0000 	 0.1000 	 2.0000 
0.8100 	 0.1250 	 0.0000 	 0.1000 	 2.0000 
0.8200 	 0.1250 	 0.0000 	 0.1000 	 2.0000 
0.8300 	 0.1250 	 0.0000 	 0.1000 	 2.0000 
0.8400 	 0.1250 	 0.0000 	 0.1000 	 2.0000 
0.8500 	 0.1250 	 0.0000 	 0.1000 	 2.0000 
0.8600 	 0.1250 	 0.0000 	 0.1000 	 2.0000 
0.8700 	 0.1250 	 0.0000 	 0.1000 	 2.0000 
0.8800 	 0.1250 	 0.0000 	 0.1000 	 2.0000 
0.8900 	 0.1250 	 0.0000 	 0.1000 	 2.0000 
0.9000 	 0.1250 	 0.0000 	 0.1000 	 2.0000 
0.9100 	 0.1250 	 0.0000 	 0.1000 	 2.0000 
0.9200 	 0.1250 	 0.0000 	 0.1000 	 2.0000 
0.9300 	 0.1250 	 0.0000 	 0.1000 	 2.0000 
0.9400 	 0.1250 	 0.0000 	 0.1000 	 2.0000 
0.9500 	 0.1250 	 0.0000 	 0.1000 	 2.0000 
0.9600 	 0.1250 	 0.0000 	 0.1000 	 2.0000 
0.9700 	 0.1250 	 0.0000 	 0.1000 	 2.0000 
0.9800 	 0.1250 	 0.0000 	 0.1000 	 2.0000 
0.9900 	 0.1250 	 0.0000 	 0.1000 	 2.0000 
0.0000 	 0.1250 	 0.0000 	 0.1000 	 2.0000 
