0.0000 	 1.0000 	 0.0000 	 1.0000 	 2.5000 
0.0100 	 1.0000 	 0.0000 	 1.0000 	 2.5000 
0.0200 	 1.0000 	 0.0000 	 1.0000 	 2.5000 
0.0300 	 1.0000 	 0.0000 	 1.0000 	 2.5000 
0.0400 	 1.0000 	 0.0000 	 1.0000 	 2.5000 
0.0500 	 1.0000 	 0.0000 	 1.0000 	 2.5000 
0.0600 	 1.0000 	 0.0000 	 1.0000 	 2.5000 
0.0700 	 1.0000 	 0.0000 	 1.0000 	 2.5000 
0.0800 	 1.0000 	 0.0000 	 1.0000 	 2.5000 
0.0900 	 1.0000 	 0.0000 	 1.0000 	 2.5000 
0.1000 	 1.0000 	 0.0000 	 1.0000 	 2.5000 
0.1100 	 1.0000 	 0.0000 	 1.0000 	 2.5000 
0.1200 	 1.0000 	 0.0000 	 1.0000 	 2.5000 
0.1300 	 1.0000 	 0.0000 	 1.0000 	 2.5000 
0.1400 	 1.0000 	 0.0000 	 1.0000 	 2.5000 
0.1500 	 1.0000 	 0.0000 	 1.0000 	 2.5000 
0.1600 	 1.0000 	 0.0000 	 1.0000 	 2.5000 
0.1700 	 1.0000 	 0.0000 	 1.0000 	 2.5000 
0.1800 	 1.0000 	 0.0000 	 1.0000 	 2.5000 
0.1900 	 1.0000 	 0.0000 	 1.0000 	 2.5000 
0.2000 	 1.0000 	 0.0000 	 1.0000 	 2.5000 
0.2100 	 1.0000 	 0.0000 	 1.0000 	 2.5000 
0.2200 	 1.0000 	 0.0000 	 1.0000 	 2.5000 
0.2300 	 1.0000 	 0.0000 	 1.0000 	 2.5000 
0.2400 	 1.0000 	 0.0000 	 1.0000 	 2.5000 
0.2500 	 1.0000 	 0.0000 	 1.0000 	 2.5000 
0.2600 	 1.0000 	 0.0000 	 1.0000 	 2.5000 
0.2700 	 1.0000 	 0.0000 	 1.0000 	 2.5000 
0.2800 	 1.0000 	 0.0000 	 1.0000 	 2.5000 
0.2900 	 1.0000 	 0.0000 	 1.0000 	 2.5000 
0.3000 	 1.0000 	 0.0000 	 1.0000 	 2.5000 
0.3100 	 1.0000 	 0.0000 	 1.0000 	 2.5000 
0.3200 	 1.0000 	 0.0000 	 1.0000 	 2.5000 
0.3300 	 1.0000 	 0.0000 	 1.0000 	 2.5000 
0.3400 	 1.0000 	 0.0000 	 1.0000 	 2.5000 
0.3500 	 1.0000 	 0.0000 	 1.0000 	 2.5000 
0.3600 	 1.0000 	 0.0000 	 1.0000 	 2.5000 
0.3700 	 1.0000 	 0.0000 	 1.0000 	 2.5000 
0.3800 	 1.0000 	 0.0000 	 1.0000 	 2.5000 
0.3900 	 1.0000 	 0.0000 	 1.0000 	 2.5000 
0.4000 	 1.0000 	 0.0000 	 1.0000 	 2.5000 
0.4100 	 1.0000 	 0.0000 	 1.0000 	 2.5000 
0.4200 	 1.0000 	 0.0000 	 1.0000 	 2.5000 
0.4300 	 0.9998 	 0.0002 	 0.9998 	 2.4998 
0.4400 	 0.9987 	 0.0015 	 0.9982 	 2.4987 
0.4500 	 0.9923 	 0.0091 	 0.9893 	 2.4924 
0.4600 	 0.9684 	 0.0380 	 0.9563 	 2.4688 
0.4700 	 0.9078 	 0.1141 	 0.8749 	 2.4093 
0.4800 	 0.7980 	 0.2629 	 0.7338 	 2.2989 
0.4900 	 0.6536 	 0.4834 	 0.5602 	 2.1425 
0.5000 	 0.5376 	 0.6953 	 0.4225 	 1.9647 
0.5100 	 0.4549 	 0.8521 	 0.3394 	 1.8654 
0.5200 	 0.3969 	 0.9272 	 0.3068 	 1.9329 
0.5300 	 0.3360 	 0.9318 	 0.3064 	 2.2798 
0.5400 	 0.2869 	 0.9287 	 0.3061 	 2.6671 
0.5500 	 0.2535 	 0.8386 	 0.2765 	 2.7275 
0.5600 	 0.1622 	 0.3164 	 0.1487 	 2.2919 
0.5700 	 0.1281 	 0.0269 	 0.1036 	 2.0210 
0.5800 	 0.1252 	 0.0018 	 0.1002 	 2.0014 
0.5900 	 0.1250 	 0.0001 	 0.1000 	 2.0001 
0.6000 	 0.1250 	 0.0000 	 0.1000 	 2.0000 
0.6100 	 0.1250 	 0.0000 	 0.1000 	 2.0000 
0.6200 	 0.1250 	 0.0000 	 0.1000 	 2.0000 
0.6300 	 0.1250 	 0.0000 	 0.1000 	 2.0000 
0.6400 	 0.1250 	 0.0000 	 0.1000 	 2.0000 
0.6500 	 0.1250 	 0.0000 	 0.1000 	 2.0000 
0.6600 	 0.1250 	 0.0000 	 0.1000 	 2.0000 
0.6700 	 0.1250 	 0.0000 	 0.1000 	 2.0000 
0.6800 	 0.1250 	 0.0000 	 0.1000 	 2.0000 
0.6900 	 0.1250 	 0.0000 	 0.1000 	 2.0000 
0.7000 	 0.1250 	 0.0000 	 0.1000 	 2.0000 
0.7100 	 0.1250 	 0.0000 	 0.1000 	 2.0000 
0.7200 	 0.1250 	 0.0000 	 0.1000 	 2.0000 
0.7300 	 0.1250 	 0.0000 	 0.1000 	 2.0000 
0.7400 	 0.1250 	 0.0000 	 0.1000 	 2.0000 
0.7500 	 0.1250 	 0.0000 	 0.1000 	 2.0000 
0.7600 	 0.1250 	 0.0000 	 0.1000 	 2.0000 
0.7700 	 0.1250 	 0.0000 	 0.1000 	 2.0000 
0.7800 	 0.1250 	 0.0000 	 0.1000 	 2.0000 
0.7900 	 0.1250 	 0.0000 	 0.1000 	 2.0000 
0.8000 	 0.1250 	 0.0000 	 0.1000 	 2.0000 
0.8100 	 0.1250 	 0.0000 	 0.1000 	 2.0000 
0.8200 	 0.1250 	 0.0000 	 0.1000 	 2.0000 
0.8300 	 0.1250 	 0.0000 	 0.1000 	 2.0000 
0.8400 	 0.1250 	 0.0000 	 0.1000 	 2.0000 
0.8500 	 0.1250 	 0.0000 	 0.1000 	 2.0000 
0.8600 	 0.1250 	 0.0000 	 0.1000 	 2.0000 
0.8700 	 0.1250 	 0.0000 	 0.1000 	 2.0000 
0.8800 	 0.1250 	 0.0000 	 0.1000 	 2.0000 
0.8900 	 0.1250 	 0.0000 	 0.1000 	 2.0000 
0.9000 	 0.1250 	 0.0000 	 0.1000 	 2.0000 
0.9100 	 0.1250 	 0.0000 	 0.1000 	 2.0000 
0.9200 	 0.1250 	 0.0000 	 0.1000 	 2.0000 
0.9300 	 0.1250 	 0.0000 	 0.1000 	 2.0000 
0.9400 	 0.1250 	 0.0000 	 0.1000 	 2.0000 
0.9500 	 0.1250 	 0.0000 	 0.1000 	 2.0000 
0.9600 	 0.1250 	 0.0000 	 0.1000 	 2.0000 
0.9700 	 0.1250 	 0.0000 	 0.1000 	 2.0000 
0.9800 	 0.1250 	 0.0000 	 0.1000 	 2.0000 
0.9900 	 0.1250 	 0.0000 	 0.1000 	 2.0000 
0.0000 	 0.1250 	 0.0000 	 0.1000 	 2.0000 
