0.0000 	 1.0000 	 -2.0000 	 0.4000 	 1.0000 
0.0100 	 1.0000 	 -2.0000 	 0.4000 	 1.0000 
0.0200 	 1.0000 	 -2.0000 	 0.4000 	 1.0000 
0.0300 	 1.0000 	 -2.0000 	 0.4000 	 1.0000 
0.0400 	 1.0000 	 -2.0000 	 0.4000 	 1.0000 
0.0500 	 1.0000 	 -2.0000 	 0.4000 	 1.0000 
0.0600 	 1.0000 	 -2.0000 	 0.4000 	 1.0000 
0.0700 	 1.0000 	 -2.0000 	 0.4000 	 1.0000 
0.0800 	 1.0000 	 -2.0000 	 0.4000 	 1.0000 
0.0900 	 1.0000 	 -2.0000 	 0.4000 	 1.0000 
0.1000 	 1.0000 	 -2.0000 	 0.4000 	 1.0000 
0.1100 	 1.0000 	 -2.0000 	 0.4000 	 1.0000 
0.1200 	 1.0000 	 -2.0000 	 0.4000 	 1.0000 
0.1300 	 1.0000 	 -2.0000 	 0.4000 	 1.0000 
0.1400 	 1.0000 	 -2.0000 	 0.4000 	 1.0000 
0.1500 	 1.0000 	 -2.0000 	 0.4000 	 1.0000 
0.1600 	 1.0000 	 -2.0000 	 0.4000 	 1.0000 
0.1700 	 1.0000 	 -2.0000 	 0.4000 	 1.0000 
0.1800 	 1.0000 	 -2.0000 	 0.4000 	 1.0000 
0.1900 	 1.0000 	 -2.0000 	 0.4000 	 1.0000 
0.2000 	 1.0000 	 -2.0000 	 0.4000 	 1.0000 
0.2100 	 1.0000 	 -2.0000 	 0.4000 	 1.0000 
0.2200 	 1.0000 	 -2.0000 	 0.4000 	 1.0000 
0.2300 	 1.0000 	 -2.0000 	 0.4000 	 1.0000 
0.2400 	 1.0000 	 -2.0000 	 0.4000 	 1.0000 
0.2500 	 1.0000 	 -2.0000 	 0.4000 	 1.0000 
0.2600 	 1.0000 	 -2.0000 	 0.4000 	 1.0000 
0.2700 	 1.0000 	 -2.0000 	 0.4000 	 1.0000 
0.2800 	 1.0000 	 -2.0000 	 0.4000 	 1.0000 
0.2900 	 1.0000 	 -2.0000 	 0.4000 	 1.0000 
0.3000 	 1.0000 	 -2.0000 	 0.4000 	 1.0000 
0.3100 	 1.0000 	 -2.0000 	 0.4000 	 1.0000 
0.3200 	 1.0000 	 -2.0000 	 0.4000 	 1.0000 
0.3300 	 1.0000 	 -2.0000 	 0.4000 	 1.0000 
0.3400 	 1.0000 	 -2.0000 	 0.4000 	 1.0000 
0.3500 	 1.0000 	 -2.0000 	 0.4000 	 1.0000 
0.3600 	 1.0000 	 -2.0000 	 0.4000 	 1.0000 
0.3700 	 1.0000 	 -2.0000 	 0.4000 	 1.0000 
0.3800 	 1.0000 	 -2.0000 	 0.4000 	 1.0000 
0.3900 	 1.0000 	 -2.0000 	 0.4000 	 1.0000 
0.4000 	 1.0000 	 -2.0000 	 0.4000 	 1.0000 
0.4100 	 1.0000 	 -2.0000 	 0.4000 	 1.0000 
0.4200 	 1.0000 	 -2.0000 	 0.4000 	 1.0000 
0.4300 	 1.0000 	 -2.0000 	 0.4000 	 1.0000 
0.4400 	 1.0000 	 -2.0000 	 0.4000 	 1.0000 
0.4500 	 0.9994 	 -1.9997 	 0.3998 	 1.0000 
0.4600 	 0.9944 	 -1.9972 	 0.3980 	 1.0007 
0.4700 	 0.9663 	 -1.9841 	 0.3894 	 1.0075 
0.4800 	 0.8647 	 -1.9351 	 0.3613 	 1.0447 
0.4900 	 0.6329 	 -1.7813 	 0.3008 	 1.1882 
0.5000 	 0.3780 	 -1.0800 	 0.2764 	 1.8283 
0.5100 	 0.3780 	 1.0800 	 0.2764 	 1.8283 
0.5200 	 0.6329 	 1.7813 	 0.3008 	 1.1882 
0.5300 	 0.8647 	 1.9351 	 0.3613 	 1.0447 
0.5400 	 0.9663 	 1.9841 	 0.3894 	 1.0075 
0.5500 	 0.9944 	 1.9972 	 0.3980 	 1.0007 
0.5600 	 0.9994 	 1.9997 	 0.3998 	 1.0000 
0.5700 	 1.0000 	 2.0000 	 0.4000 	 1.0000 
0.5800 	 1.0000 	 2.0000 	 0.4000 	 1.0000 
0.5900 	 1.0000 	 2.0000 	 0.4000 	 1.0000 
0.6000 	 1.0000 	 2.0000 	 0.4000 	 1.0000 
0.6100 	 1.0000 	 2.0000 	 0.4000 	 1.0000 
0.6200 	 1.0000 	 2.0000 	 0.4000 	 1.0000 
0.6300 	 1.0000 	 2.0000 	 0.4000 	 1.0000 
0.6400 	 1.0000 	 2.0000 	 0.4000 	 1.0000 
0.6500 	 1.0000 	 2.0000 	 0.4000 	 1.0000 
0.6600 	 1.0000 	 2.0000 	 0.4000 	 1.0000 
0.6700 	 1.0000 	 2.0000 	 0.4000 	 1.0000 
0.6800 	 1.0000 	 2.0000 	 0.4000 	 1.0000 
0.6900 	 1.0000 	 2.0000 	 0.4000 	 1.0000 
0.7000 	 1.0000 	 2.0000 	 0.4000 	 1.0000 
0.7100 	 1.0000 	 2.0000 	 0.4000 	 1.0000 
0.7200 	 1.0000 	 2.0000 	 0.4000 	 1.0000 
0.7300 	 1.0000 	 2.0000 	 0.4000 	 1.0000 
0.7400 	 1.0000 	 2.0000 	 0.4000 	 1.0000 
0.7500 	 1.0000 	 2.0000 	 0.4000 	 1.0000 
0.7600 	 1.0000 	 2.0000 	 0.4000 	 1.0000 
0.7700 	 1.0000 	 2.0000 	 0.4000 	 1.0000 
0.7800 	 1.0000 	 2.0000 	 0.4000 	 1.0000 
0.7900 	 1.0000 	 2.0000 	 0.4000 	 1.0000 
0.8000 	 1.0000 	 2.0000 	 0.4000 	 1.0000 
0.8100 	 1.0000 	 2.0000 	 0.4000 	 1.0000 
0.8200 	 1.0000 	 2.0000 	 0.4000 	 1.0000 
0.8300 	 1.0000 	 2.0000 	 0.4000 	 1.0000 
0.8400 	 1.0000 	 2.0000 	 0.4000 	 1.0000 
0.8500 	 1.0000 	 2.0000 	 0.4000 	 1.0000 
0.8600 	 1.0000 	 2.0000 	 0.4000 	 1.0000 
0.8700 	 1.0000 	 2.0000 	 0.4000 	 1.0000 
0.8800 	 1.0000 	 2.0000 	 0.4000 	 1.0000 
0.8900 	 1.0000 	 2.0000 	 0.4000 	 1.0000 
0.9000 	 1.0000 	 2.0000 	 0.4000 	 1.0000 
0.9100 	 1.0000 	 2.0000 	 0.4000 	 1.0000 
0.9200 	 1.0000 	 2.0000 	 0.4000 	 1.0000 
0.9300 	 1.0000 	 2.0000 	 0.4000 	 1.0000 
0.9400 	 1.0000 	 2.0000 	 0.4000 	 1.0000 
0.9500 	 1.0000 	 2.0000 	 0.4000 	 1.0000 
0.9600 	 1.0000 	 2.0000 	 0.4000 	 1.0000 
0.9700 	 1.0000 	 2.0000 	 0.4000 	 1.0000 
0.9800 	 1.0000 	 2.0000 	 0.4000 	 1.0000 
0.9900 	 1.0000 	 2.0000 	 0.4000 	 1.0000 
