0.0000 	 1.0000 	 0.0000 	 1.0000 	 2.5000 
0.0100 	 1.0000 	 0.0000 	 1.0000 	 2.5000 
0.0200 	 1.0000 	 0.0000 	 1.0000 	 2.5000 
0.0300 	 1.0000 	 0.0000 	 1.0000 	 2.5000 
0.0400 	 1.0000 	 0.0000 	 1.0000 	 2.5000 
0.0500 	 1.0000 	 0.0000 	 1.0000 	 2.5000 
0.0600 	 1.0000 	 0.0000 	 1.0000 	 2.5000 
0.0700 	 1.0000 	 0.0000 	 1.0000 	 2.5000 
0.0800 	 1.0000 	 0.0000 	 1.0000 	 2.5000 
0.0900 	 1.0000 	 0.0000 	 1.0000 	 2.5000 
0.1000 	 1.0000 	 0.0000 	 1.0000 	 2.5000 
0.1100 	 1.0000 	 0.0000 	 1.0000 	 2.5000 
0.1200 	 1.0000 	 0.0000 	 1.0000 	 2.5000 
0.1300 	 1.0000 	 0.0000 	 1.0000 	 2.5000 
0.1400 	 1.0000 	 0.0000 	 1.0000 	 2.5000 
0.1500 	 1.0000 	 0.0000 	 1.0000 	 2.5000 
0.1600 	 1.0000 	 0.0000 	 1.0000 	 2.5000 
0.1700 	 1.0000 	 0.0000 	 1.0000 	 2.5000 
0.1800 	 1.0000 	 0.0000 	 1.0000 	 2.5000 
0.1900 	 1.0000 	 0.0000 	 1.0000 	 2.5000 
0.2000 	 1.0000 	 0.0000 	 1.0000 	 2.5000 
0.2100 	 1.0000 	 0.0000 	 1.0000 	 2.5000 
0.2200 	 1.0000 	 0.0000 	 1.0000 	 2.5000 
0.2300 	 1.0000 	 0.0000 	 1.0000 	 2.5000 
0.2400 	 1.0000 	 0.0000 	 1.0000 	 2.5000 
0.2500 	 1.0000 	 0.0000 	 1.0000 	 2.5000 
0.2600 	 1.0000 	 0.0000 	 1.0000 	 2.5000 
0.2700 	 1.0000 	 0.0000 	 1.0000 	 2.5000 
0.2800 	 1.0000 	 0.0000 	 1.0000 	 2.5000 
0.2900 	 1.0000 	 0.0000 	 1.0000 	 2.5000 
0.3000 	 1.0000 	 0.0000 	 1.0000 	 2.5000 
0.3100 	 1.0000 	 0.0000 	 1.0000 	 2.5000 
0.3200 	 1.0000 	 0.0000 	 1.0000 	 2.5000 
0.3300 	 1.0000 	 0.0000 	 1.0000 	 2.5000 
0.3400 	 0.9999 	 0.0002 	 0.9998 	 2.4999 
0.3500 	 0.9994 	 0.0007 	 0.9992 	 2.4994 
0.3600 	 0.9978 	 0.0026 	 0.9969 	 2.4978 
0.3700 	 0.9933 	 0.0080 	 0.9906 	 2.4933 
0.3800 	 0.9828 	 0.0205 	 0.9760 	 2.4828 
0.3900 	 0.9630 	 0.0445 	 0.9487 	 2.4629 
0.4000 	 0.9317 	 0.0832 	 0.9060 	 2.4310 
0.4100 	 0.8894 	 0.1373 	 0.8491 	 2.3869 
0.4200 	 0.8385 	 0.2051 	 0.7821 	 2.3320 
0.4300 	 0.7818 	 0.2846 	 0.7093 	 2.2683 
0.4400 	 0.7236 	 0.3711 	 0.6367 	 2.1997 
0.4500 	 0.6688 	 0.4577 	 0.5703 	 2.1319 
0.4600 	 0.6182 	 0.5433 	 0.5107 	 2.0652 
0.4700 	 0.5711 	 0.6269 	 0.4577 	 2.0036 
0.4800 	 0.5291 	 0.7074 	 0.4111 	 1.9425 
0.4900 	 0.4925 	 0.7823 	 0.3713 	 1.8849 
0.5000 	 0.4614 	 0.8475 	 0.3395 	 1.8394 
0.5100 	 0.4383 	 0.8965 	 0.3171 	 1.8088 
0.5200 	 0.4269 	 0.9218 	 0.3061 	 1.7928 
0.5300 	 0.4252 	 0.9259 	 0.3044 	 1.7900 
0.5400 	 0.4253 	 0.9256 	 0.3046 	 1.7907 
0.5500 	 0.4238 	 0.9268 	 0.3043 	 1.7949 
0.5600 	 0.4184 	 0.9277 	 0.3040 	 1.8167 
0.5700 	 0.4035 	 0.9282 	 0.3039 	 1.8827 
0.5800 	 0.3721 	 0.9289 	 0.3038 	 2.0409 
0.5900 	 0.3248 	 0.9291 	 0.3039 	 2.3388 
0.6000 	 0.2916 	 0.9296 	 0.3039 	 2.6053 
0.6100 	 0.2760 	 0.9304 	 0.3039 	 2.7527 
0.6200 	 0.2696 	 0.9305 	 0.3041 	 2.8205 
0.6300 	 0.2672 	 0.9308 	 0.3043 	 2.8466 
0.6400 	 0.2662 	 0.9318 	 0.3042 	 2.8570 
0.6500 	 0.2658 	 0.9290 	 0.3038 	 2.8574 
0.6600 	 0.2414 	 0.8145 	 0.2667 	 2.7617 
0.6700 	 0.1461 	 0.1921 	 0.1276 	 2.1831 
0.6800 	 0.1256 	 0.0050 	 0.1007 	 2.0038 
0.6900 	 0.1250 	 0.0001 	 0.1000 	 2.0001 
0.7000 	 0.1250 	 0.0000 	 0.1000 	 2.0000 
0.7100 	 0.1250 	 0.0000 	 0.1000 	 2.0000 
0.7200 	 0.1250 	 0.0000 	 0.1000 	 2.0000 
0.7300 	 0.1250 	 0.0000 	 0.1000 	 2.0000 
0.7400 	 0.1250 	 0.0000 	 0.1000 	 2.0000 
0.7500 	 0.1250 	 0.0000 	 0.1000 	 2.0000 
0.7600 	 0.1250 	 0.0000 	 0.1000 	 2.0000 
0.7700 	 0.1250 	 0.0000 	 0.1000 	 2.0000 
0.7800 	 0.1250 	 0.0000 	 0.1000 	 2.0000 
0.7900 	 0.1250 	 0.0000 	 0.1000 	 2.0000 
0.8000 	 0.1250 	 0.0000 	 0.1000 	 2.0000 
0.8100 	 0.1250 	 0.0000 	 0.1000 	 2.0000 
0.8200 	 0.1250 	 0.0000 	 0.1000 	 2.0000 
0.8300 	 0.1250 	 0.0000 	 0.1000 	 2.0000 
0.8400 	 0.1250 	 0.0000 	 0.1000 	 2.0000 
0.8500 	 0.1250 	 0.0000 	 0.1000 	 2.0000 
0.8600 	 0.1250 	 0.0000 	 0.1000 	 2.0000 
0.8700 	 0.1250 	 0.0000 	 0.1000 	 2.0000 
0.8800 	 0.1250 	 0.0000 	 0.1000 	 2.0000 
0.8900 	 0.1250 	 0.0000 	 0.1000 	 2.0000 
0.9000 	 0.1250 	 0.0000 	 0.1000 	 2.0000 
0.9100 	 0.1250 	 0.0000 	 0.1000 	 2.0000 
0.9200 	 0.1250 	 0.0000 	 0.1000 	 2.0000 
0.9300 	 0.1250 	 0.0000 	 0.1000 	 2.0000 
0.9400 	 0.1250 	 0.0000 	 0.1000 	 2.0000 
0.9500 	 0.1250 	 0.0000 	 0.1000 	 2.0000 
0.9600 	 0.1250 	 0.0000 	 0.1000 	 2.0000 
0.9700 	 0.1250 	 0.0000 	 0.1000 	 2.0000 
0.9800 	 0.1250 	 0.0000 	 0.1000 	 2.0000 
0.9900 	 0.1250 	 0.0000 	 0.1000 	 2.0000 
0.0000 	 0.1250 	 0.0000 	 0.1000 	 2.0000 
