0.0000 	 1.0000 	 0.0000 	 1.0000 	 2.5000 
0.0100 	 1.0000 	 0.0000 	 1.0000 	 2.5000 
0.0200 	 1.0000 	 0.0000 	 1.0000 	 2.5000 
0.0300 	 1.0000 	 0.0000 	 1.0000 	 2.5000 
0.0400 	 1.0000 	 0.0000 	 1.0000 	 2.5000 
0.0500 	 1.0000 	 0.0000 	 1.0000 	 2.5000 
0.0600 	 1.0000 	 0.0000 	 1.0000 	 2.5000 
0.0700 	 1.0000 	 0.0000 	 1.0000 	 2.5000 
0.0800 	 1.0000 	 0.0000 	 1.0000 	 2.5000 
0.0900 	 1.0000 	 0.0000 	 1.0000 	 2.5000 
0.1000 	 1.0000 	 0.0000 	 1.0000 	 2.5000 
0.1100 	 1.0000 	 0.0000 	 1.0000 	 2.5000 
0.1200 	 1.0000 	 0.0000 	 1.0000 	 2.5000 
0.1300 	 1.0000 	 0.0000 	 1.0000 	 2.5000 
0.1400 	 1.0000 	 0.0000 	 1.0000 	 2.5000 
0.1500 	 1.0000 	 0.0000 	 1.0000 	 2.5000 
0.1600 	 1.0000 	 0.0000 	 1.0000 	 2.5000 
0.1700 	 1.0000 	 0.0000 	 1.0000 	 2.5000 
0.1800 	 1.0000 	 0.0000 	 1.0000 	 2.5000 
0.1900 	 1.0000 	 0.0000 	 1.0000 	 2.5000 
0.2000 	 1.0000 	 0.0000 	 1.0000 	 2.5000 
0.2100 	 1.0000 	 0.0000 	 1.0000 	 2.5000 
0.2200 	 1.0000 	 0.0000 	 1.0000 	 2.5000 
0.2300 	 1.0000 	 0.0000 	 1.0000 	 2.5000 
0.2400 	 1.0000 	 0.0000 	 1.0000 	 2.5000 
0.2500 	 1.0000 	 0.0000 	 1.0000 	 2.5000 
0.2600 	 1.0000 	 0.0000 	 1.0000 	 2.5000 
0.2700 	 1.0000 	 0.0000 	 1.0000 	 2.5000 
0.2800 	 1.0000 	 0.0000 	 1.0000 	 2.5000 
0.2900 	 0.9999 	 0.0002 	 0.9998 	 2.4999 
0.3000 	 0.9995 	 0.0006 	 0.9993 	 2.4995 
0.3100 	 0.9984 	 0.0019 	 0.9978 	 2.4984 
0.3200 	 0.9956 	 0.0053 	 0.9938 	 2.4956 
0.3300 	 0.9893 	 0.0127 	 0.9851 	 2.4893 
0.3400 	 0.9777 	 0.0267 	 0.9690 	 2.4777 
0.3500 	 0.9590 	 0.0494 	 0.9432 	 2.4587 
0.3600 	 0.9327 	 0.0819 	 0.9073 	 2.4318 
0.3700 	 0.8998 	 0.1237 	 0.8629 	 2.3974 
0.3800 	 0.8618 	 0.1735 	 0.8125 	 2.3567 
0.3900 	 0.8207 	 0.2295 	 0.7587 	 2.3113 
0.4000 	 0.7775 	 0.2906 	 0.7036 	 2.2622 
0.4100 	 0.7351 	 0.3533 	 0.6505 	 2.2121 
0.4200 	 0.6946 	 0.4161 	 0.6008 	 2.1626 
0.4300 	 0.6559 	 0.4787 	 0.5546 	 2.1139 
0.4400 	 0.6194 	 0.5407 	 0.5118 	 2.0658 
0.4500 	 0.5847 	 0.6020 	 0.4724 	 2.0196 
0.4600 	 0.5524 	 0.6624 	 0.4361 	 1.9737 
0.4700 	 0.5222 	 0.7212 	 0.4031 	 1.9295 
0.4800 	 0.4943 	 0.7775 	 0.3735 	 1.8889 
0.4900 	 0.4695 	 0.8295 	 0.3478 	 1.8519 
0.5000 	 0.4494 	 0.8739 	 0.3270 	 1.8191 
0.5100 	 0.4354 	 0.9063 	 0.3126 	 1.7945 
0.5200 	 0.4284 	 0.9225 	 0.3055 	 1.7832 
0.5300 	 0.4267 	 0.9254 	 0.3043 	 1.7832 
0.5400 	 0.4259 	 0.9254 	 0.3044 	 1.7866 
0.5500 	 0.4250 	 0.9264 	 0.3039 	 1.7878 
0.5600 	 0.4245 	 0.9271 	 0.3037 	 1.7886 
0.5700 	 0.4239 	 0.9276 	 0.3035 	 1.7900 
0.5800 	 0.4225 	 0.9280 	 0.3034 	 1.7952 
0.5900 	 0.4183 	 0.9281 	 0.3034 	 1.8133 
0.6000 	 0.4073 	 0.9285 	 0.3033 	 1.8620 
0.6100 	 0.3844 	 0.9286 	 0.3034 	 1.9733 
0.6200 	 0.3454 	 0.9287 	 0.3035 	 2.1964 
0.6300 	 0.3064 	 0.9289 	 0.3035 	 2.4759 
0.6400 	 0.2841 	 0.9290 	 0.3035 	 2.6709 
0.6500 	 0.2732 	 0.9291 	 0.3036 	 2.7782 
0.6600 	 0.2685 	 0.9294 	 0.3036 	 2.8276 
0.6700 	 0.2666 	 0.9294 	 0.3038 	 2.8484 
0.6800 	 0.2661 	 0.9297 	 0.3039 	 2.8555 
0.6900 	 0.2659 	 0.9305 	 0.3039 	 2.8572 
0.7000 	 0.2660 	 0.9304 	 0.3041 	 2.8582 
0.7100 	 0.2660 	 0.9304 	 0.3040 	 2.8580 
0.7200 	 0.2614 	 0.9093 	 0.2970 	 2.8410 
0.7300 	 0.1899 	 0.5291 	 0.1910 	 2.5147 
0.7400 	 0.1288 	 0.0331 	 0.1044 	 2.0266 
0.7500 	 0.1251 	 0.0006 	 0.1001 	 2.0005 
0.7600 	 0.1250 	 0.0000 	 0.1000 	 2.0000 
0.7700 	 0.1250 	 0.0000 	 0.1000 	 2.0000 
0.7800 	 0.1250 	 0.0000 	 0.1000 	 2.0000 
0.7900 	 0.1250 	 0.0000 	 0.1000 	 2.0000 
0.8000 	 0.1250 	 0.0000 	 0.1000 	 2.0000 
0.8100 	 0.1250 	 0.0000 	 0.1000 	 2.0000 
0.8200 	 0.1250 	 0.0000 	 0.1000 	 2.0000 
0.8300 	 0.1250 	 0.0000 	 0.1000 	 2.0000 
0.8400 	 0.1250 	 0.0000 	 0.1000 	 2.0000 
0.8500 	 0.1250 	 0.0000 	 0.1000 	 2.0000 
0.8600 	 0.1250 	 0.0000 	 0.1000 	 2.0000 
0.8700 	 0.1250 	 0.0000 	 0.1000 	 2.0000 
0.8800 	 0.1250 	 0.0000 	 0.1000 	 2.0000 
0.8900 	 0.1250 	 0.0000 	 0.1000 	 2.0000 
0.9000 	 0.1250 	 0.0000 	 0.1000 	 2.0000 
0.9100 	 0.1250 	 0.0000 	 0.1000 	 2.0000 
0.9200 	 0.1250 	 0.0000 	 0.1000 	 2.0000 
0.9300 	 0.1250 	 0.0000 	 0.1000 	 2.0000 
0.9400 	 0.1250 	 0.0000 	 0.1000 	 2.0000 
0.9500 	 0.1250 	 0.0000 	 0.1000 	 2.0000 
0.9600 	 0.1250 	 0.0000 	 0.1000 	 2.0000 
0.9700 	 0.1250 	 0.0000 	 0.1000 	 2.0000 
0.9800 	 0.1250 	 0.0000 	 0.1000 	 2.0000 
0.9900 	 0.1250 	 0.0000 	 0.1000 	 2.0000 
0.0000 	 0.1250 	 0.0000 	 0.1000 	 2.0000 
