0.0000 	 1.0000 	 -2.0000 	 0.4000 	 1.0000 
0.0100 	 1.0000 	 -2.0000 	 0.4000 	 1.0000 
0.0200 	 1.0000 	 -2.0000 	 0.4000 	 1.0000 
0.0300 	 1.0000 	 -2.0000 	 0.4000 	 1.0000 
0.0400 	 1.0000 	 -2.0000 	 0.4000 	 1.0000 
0.0500 	 1.0000 	 -2.0000 	 0.4000 	 1.0000 
0.0600 	 1.0000 	 -2.0000 	 0.4000 	 1.0000 
0.0700 	 1.0000 	 -2.0000 	 0.4000 	 1.0000 
0.0800 	 1.0000 	 -2.0000 	 0.4000 	 1.0000 
0.0900 	 1.0000 	 -2.0000 	 0.4000 	 1.0000 
0.1000 	 1.0000 	 -2.0000 	 0.4000 	 1.0000 
0.1100 	 0.9999 	 -1.9999 	 0.4000 	 1.0000 
0.1200 	 0.9996 	 -1.9997 	 0.3998 	 0.9998 
0.1300 	 0.9985 	 -1.9989 	 0.3992 	 0.9994 
0.1400 	 0.9956 	 -1.9967 	 0.3975 	 0.9982 
0.1500 	 0.9890 	 -1.9917 	 0.3939 	 0.9956 
0.1600 	 0.9767 	 -1.9825 	 0.3871 	 0.9908 
0.1700 	 0.9570 	 -1.9676 	 0.3763 	 0.9830 
0.1800 	 0.9294 	 -1.9463 	 0.3614 	 0.9722 
0.1900 	 0.8943 	 -1.9187 	 0.3428 	 0.9584 
0.2000 	 0.8528 	 -1.8852 	 0.3214 	 0.9422 
0.2100 	 0.8065 	 -1.8467 	 0.2982 	 0.9243 
0.2200 	 0.7567 	 -1.8038 	 0.2740 	 0.9052 
0.2300 	 0.7048 	 -1.7573 	 0.2497 	 0.8856 
0.2400 	 0.6520 	 -1.7077 	 0.2259 	 0.8661 
0.2500 	 0.5989 	 -1.6554 	 0.2029 	 0.8470 
0.2600 	 0.5465 	 -1.6008 	 0.1812 	 0.8287 
0.2700 	 0.4954 	 -1.5441 	 0.1608 	 0.8116 
0.2800 	 0.4462 	 -1.4855 	 0.1420 	 0.7959 
0.2900 	 0.3992 	 -1.4252 	 0.1248 	 0.7816 
0.3000 	 0.3549 	 -1.3632 	 0.1092 	 0.7690 
0.3100 	 0.3136 	 -1.2998 	 0.0951 	 0.7580 
0.3200 	 0.2755 	 -1.2349 	 0.0825 	 0.7488 
0.3300 	 0.2408 	 -1.1688 	 0.0714 	 0.7413 
0.3400 	 0.2093 	 -1.1014 	 0.0616 	 0.7356 
0.3500 	 0.1812 	 -1.0330 	 0.0530 	 0.7317 
0.3600 	 0.1563 	 -0.9636 	 0.0456 	 0.7297 
0.3700 	 0.1344 	 -0.8936 	 0.0392 	 0.7297 
0.3800 	 0.1153 	 -0.8230 	 0.0338 	 0.7318 
0.3900 	 0.0988 	 -0.7523 	 0.0291 	 0.7362 
0.4000 	 0.0847 	 -0.6816 	 0.0252 	 0.7430 
0.4100 	 0.0726 	 -0.6110 	 0.0219 	 0.7528 
0.4200 	 0.0625 	 -0.5409 	 0.0191 	 0.7658 
0.4300 	 0.0539 	 -0.4718 	 0.0169 	 0.7823 
0.4400 	 0.0467 	 -0.4040 	 0.0150 	 0.8025 
0.4500 	 0.0407 	 -0.3377 	 0.0135 	 0.8267 
0.4600 	 0.0357 	 -0.2733 	 0.0122 	 0.8551 
0.4700 	 0.0317 	 -0.2110 	 0.0113 	 0.8880 
0.4800 	 0.0284 	 -0.1504 	 0.0105 	 0.9267 
0.4900 	 0.0258 	 -0.0910 	 0.0100 	 0.9742 
0.5000 	 0.0236 	 -0.0314 	 0.0098 	 1.0412 
0.5100 	 0.0251 	 0.0277 	 0.0098 	 0.9771 
0.5200 	 0.0266 	 0.0869 	 0.0101 	 0.9455 
0.5300 	 0.0288 	 0.1473 	 0.0105 	 0.9138 
0.5400 	 0.0319 	 0.2086 	 0.0113 	 0.8838 
0.5500 	 0.0358 	 0.2716 	 0.0122 	 0.8554 
0.5600 	 0.0406 	 0.3364 	 0.0135 	 0.8293 
0.5700 	 0.0465 	 0.4030 	 0.0150 	 0.8059 
0.5800 	 0.0537 	 0.4711 	 0.0169 	 0.7857 
0.5900 	 0.0623 	 0.5404 	 0.0191 	 0.7689 
0.6000 	 0.0724 	 0.6105 	 0.0219 	 0.7554 
0.6100 	 0.0845 	 0.6812 	 0.0252 	 0.7451 
0.6200 	 0.0986 	 0.7520 	 0.0291 	 0.7378 
0.6300 	 0.1151 	 0.8228 	 0.0338 	 0.7331 
0.6400 	 0.1342 	 0.8934 	 0.0392 	 0.7307 
0.6500 	 0.1561 	 0.9636 	 0.0456 	 0.7305 
0.6600 	 0.1811 	 1.0330 	 0.0530 	 0.7323 
0.6700 	 0.2092 	 1.1014 	 0.0616 	 0.7361 
0.6800 	 0.2407 	 1.1688 	 0.0714 	 0.7417 
0.6900 	 0.2755 	 1.2350 	 0.0826 	 0.7491 
0.7000 	 0.3136 	 1.2999 	 0.0951 	 0.7583 
0.7100 	 0.3550 	 1.3634 	 0.1092 	 0.7692 
0.7200 	 0.3993 	 1.4253 	 0.1249 	 0.7818 
0.7300 	 0.4463 	 1.4856 	 0.1421 	 0.7960 
0.7400 	 0.4955 	 1.5442 	 0.1609 	 0.8117 
0.7500 	 0.5466 	 1.6009 	 0.1812 	 0.8288 
0.7600 	 0.5990 	 1.6555 	 0.2030 	 0.8470 
0.7700 	 0.6520 	 1.7078 	 0.2259 	 0.8661 
0.7800 	 0.7049 	 1.7574 	 0.2497 	 0.8857 
0.7900 	 0.7568 	 1.8039 	 0.2740 	 0.9052 
0.8000 	 0.8065 	 1.8467 	 0.2982 	 0.9243 
0.8100 	 0.8528 	 1.8852 	 0.3214 	 0.9423 
0.8200 	 0.8943 	 1.9187 	 0.3429 	 0.9584 
0.8300 	 0.9294 	 1.9463 	 0.3614 	 0.9722 
0.8400 	 0.9570 	 1.9676 	 0.3763 	 0.9830 
0.8500 	 0.9767 	 1.9825 	 0.3871 	 0.9908 
0.8600 	 0.9890 	 1.9917 	 0.3939 	 0.9956 
0.8700 	 0.9956 	 1.9967 	 0.3975 	 0.9982 
0.8800 	 0.9985 	 1.9989 	 0.3992 	 0.9994 
0.8900 	 0.9996 	 1.9997 	 0.3998 	 0.9998 
0.9000 	 0.9999 	 1.9999 	 0.4000 	 1.0000 
0.9100 	 1.0000 	 2.0000 	 0.4000 	 1.0000 
0.9200 	 1.0000 	 2.0000 	 0.4000 	 1.0000 
0.9300 	 1.0000 	 2.0000 	 0.4000 	 1.0000 
0.9400 	 1.0000 	 2.0000 	 0.4000 	 1.0000 
0.9500 	 1.0000 	 2.0000 	 0.4000 	 1.0000 
0.9600 	 1.0000 	 2.0000 	 0.4000 	 1.0000 
0.9700 	 1.0000 	 2.0000 	 0.4000 	 1.0000 
0.9800 	 1.0000 	 2.0000 	 0.4000 	 1.0000 
0.9900 	 1.0000 	 2.0000 	 0.4000 	 1.0000 
