0.0000 	 1.0000 	 0.0000 	 1.0000 	 2.5000 
0.0100 	 1.0000 	 0.0000 	 1.0000 	 2.5000 
0.0200 	 1.0000 	 0.0000 	 1.0000 	 2.5000 
0.0300 	 1.0000 	 0.0000 	 1.0000 	 2.5000 
0.0400 	 1.0000 	 0.0000 	 1.0000 	 2.5000 
0.0500 	 1.0000 	 0.0000 	 1.0000 	 2.5000 
0.0600 	 1.0000 	 0.0000 	 1.0000 	 2.5000 
0.0700 	 1.0000 	 0.0000 	 1.0000 	 2.5000 
0.0800 	 1.0000 	 0.0000 	 1.0000 	 2.5000 
0.0900 	 1.0000 	 0.0000 	 1.0000 	 2.5000 
0.1000 	 1.0000 	 0.0000 	 1.0000 	 2.5000 
0.1100 	 1.0000 	 0.0000 	 1.0000 	 2.5000 
0.1200 	 1.0000 	 0.0000 	 1.0000 	 2.5000 
0.1300 	 1.0000 	 0.0000 	 1.0000 	 2.5000 
0.1400 	 1.0000 	 0.0000 	 1.0000 	 2.5000 
0.1500 	 1.0000 	 0.0000 	 1.0000 	 2.5000 
0.1600 	 1.0000 	 0.0000 	 1.0000 	 2.5000 
0.1700 	 1.0000 	 0.0000 	 1.0000 	 2.5000 
0.1800 	 1.0000 	 0.0000 	 1.0000 	 2.5000 
0.1900 	 1.0000 	 0.0000 	 1.0000 	 2.5000 
0.2000 	 1.0000 	 0.0000 	 1.0000 	 2.5000 
0.2100 	 1.0000 	 0.0000 	 1.0000 	 2.5000 
0.2200 	 1.0000 	 0.0000 	 1.0000 	 2.5000 
0.2300 	 1.0000 	 0.0000 	 1.0000 	 2.5000 
0.2400 	 1.0000 	 0.0000 	 1.0000 	 2.5000 
0.2500 	 1.0000 	 0.0000 	 1.0000 	 2.5000 
0.2600 	 1.0000 	 0.0000 	 1.0000 	 2.5000 
0.2700 	 1.0000 	 0.0000 	 1.0000 	 2.5000 
0.2800 	 1.0000 	 0.0000 	 1.0000 	 2.5000 
0.2900 	 1.0000 	 0.0000 	 1.0000 	 2.5000 
0.3000 	 1.0000 	 0.0000 	 1.0000 	 2.5000 
0.3100 	 1.0000 	 0.0000 	 1.0000 	 2.5000 
0.3200 	 0.9999 	 0.0001 	 0.9999 	 2.4999 
0.3300 	 0.9996 	 0.0004 	 0.9995 	 2.4996 
0.3400 	 0.9987 	 0.0016 	 0.9981 	 2.4987 
0.3500 	 0.9958 	 0.0049 	 0.9942 	 2.4958 
0.3600 	 0.9891 	 0.0130 	 0.9847 	 2.4891 
0.3700 	 0.9755 	 0.0293 	 0.9659 	 2.4755 
0.3800 	 0.9528 	 0.0570 	 0.9347 	 2.4525 
0.3900 	 0.9202 	 0.0977 	 0.8903 	 2.4190 
0.4000 	 0.8790 	 0.1508 	 0.8352 	 2.3756 
0.4100 	 0.8316 	 0.2145 	 0.7730 	 2.3240 
0.4200 	 0.7802 	 0.2869 	 0.7071 	 2.2659 
0.4300 	 0.7283 	 0.3638 	 0.6423 	 2.2047 
0.4400 	 0.6793 	 0.4408 	 0.5826 	 2.1442 
0.4500 	 0.6331 	 0.5171 	 0.5281 	 2.0854 
0.4600 	 0.5905 	 0.5922 	 0.4788 	 2.0271 
0.4700 	 0.5506 	 0.6655 	 0.4346 	 1.9731 
0.4800 	 0.5144 	 0.7361 	 0.3953 	 1.9214 
0.4900 	 0.4830 	 0.8016 	 0.3616 	 1.8715 
0.5000 	 0.4570 	 0.8582 	 0.3344 	 1.8292 
0.5100 	 0.4375 	 0.9004 	 0.3153 	 1.8015 
0.5200 	 0.4272 	 0.9220 	 0.3059 	 1.7899 
0.5300 	 0.4252 	 0.9256 	 0.3044 	 1.7894 
0.5400 	 0.4253 	 0.9255 	 0.3045 	 1.7901 
0.5500 	 0.4247 	 0.9266 	 0.3041 	 1.7903 
0.5600 	 0.4232 	 0.9274 	 0.3039 	 1.7950 
0.5700 	 0.4183 	 0.9280 	 0.3037 	 1.8154 
0.5800 	 0.4049 	 0.9285 	 0.3036 	 1.8749 
0.5900 	 0.3768 	 0.9287 	 0.3037 	 2.0150 
0.6000 	 0.3319 	 0.9291 	 0.3036 	 2.2874 
0.6100 	 0.2963 	 0.9295 	 0.3036 	 2.5619 
0.6200 	 0.2784 	 0.9295 	 0.3038 	 2.7279 
0.6300 	 0.2706 	 0.9300 	 0.3039 	 2.8076 
0.6400 	 0.2674 	 0.9305 	 0.3040 	 2.8417 
0.6500 	 0.2664 	 0.9305 	 0.3042 	 2.8544 
0.6600 	 0.2661 	 0.9312 	 0.3042 	 2.8581 
0.6700 	 0.2657 	 0.9304 	 0.3038 	 2.8589 
0.6800 	 0.2524 	 0.8628 	 0.2826 	 2.7987 
0.6900 	 0.1571 	 0.2889 	 0.1435 	 2.2840 
0.7000 	 0.1261 	 0.0096 	 0.1013 	 2.0074 
0.7100 	 0.1250 	 0.0002 	 0.1000 	 2.0001 
0.7200 	 0.1250 	 0.0000 	 0.1000 	 2.0000 
0.7300 	 0.1250 	 0.0000 	 0.1000 	 2.0000 
0.7400 	 0.1250 	 0.0000 	 0.1000 	 2.0000 
0.7500 	 0.1250 	 0.0000 	 0.1000 	 2.0000 
0.7600 	 0.1250 	 0.0000 	 0.1000 	 2.0000 
0.7700 	 0.1250 	 0.0000 	 0.1000 	 2.0000 
0.7800 	 0.1250 	 0.0000 	 0.1000 	 2.0000 
0.7900 	 0.1250 	 0.0000 	 0.1000 	 2.0000 
0.8000 	 0.1250 	 0.0000 	 0.1000 	 2.0000 
0.8100 	 0.1250 	 0.0000 	 0.1000 	 2.0000 
0.8200 	 0.1250 	 0.0000 	 0.1000 	 2.0000 
0.8300 	 0.1250 	 0.0000 	 0.1000 	 2.0000 
0.8400 	 0.1250 	 0.0000 	 0.1000 	 2.0000 
0.8500 	 0.1250 	 0.0000 	 0.1000 	 2.0000 
0.8600 	 0.1250 	 0.0000 	 0.1000 	 2.0000 
0.8700 	 0.1250 	 0.0000 	 0.1000 	 2.0000 
0.8800 	 0.1250 	 0.0000 	 0.1000 	 2.0000 
0.8900 	 0.1250 	 0.0000 	 0.1000 	 2.0000 
0.9000 	 0.1250 	 0.0000 	 0.1000 	 2.0000 
0.9100 	 0.1250 	 0.0000 	 0.1000 	 2.0000 
0.9200 	 0.1250 	 0.0000 	 0.1000 	 2.0000 
0.9300 	 0.1250 	 0.0000 	 0.1000 	 2.0000 
0.9400 	 0.1250 	 0.0000 	 0.1000 	 2.0000 
0.9500 	 0.1250 	 0.0000 	 0.1000 	 2.0000 
0.9600 	 0.1250 	 0.0000 	 0.1000 	 2.0000 
0.9700 	 0.1250 	 0.0000 	 0.1000 	 2.0000 
0.9800 	 0.1250 	 0.0000 	 0.1000 	 2.0000 
0.9900 	 0.1250 	 0.0000 	 0.1000 	 2.0000 
0.0000 	 0.1250 	 0.0000 	 0.1000 	 2.0000 
