0.0000 	 1.0000 	 -2.0000 	 0.4000 	 1.0000 
0.0100 	 1.0000 	 -2.0000 	 0.4000 	 1.0000 
0.0200 	 1.0000 	 -2.0000 	 0.4000 	 1.0000 
0.0300 	 1.0000 	 -2.0000 	 0.4000 	 1.0000 
0.0400 	 1.0000 	 -2.0000 	 0.4000 	 1.0000 
0.0500 	 1.0000 	 -2.0000 	 0.4000 	 1.0000 
0.0600 	 1.0000 	 -2.0000 	 0.4000 	 1.0000 
0.0700 	 1.0000 	 -2.0000 	 0.4000 	 1.0000 
0.0800 	 1.0000 	 -2.0000 	 0.4000 	 1.0000 
0.0900 	 1.0000 	 -2.0000 	 0.4000 	 1.0000 
0.1000 	 1.0000 	 -2.0000 	 0.4000 	 1.0000 
0.1100 	 1.0000 	 -2.0000 	 0.4000 	 1.0000 
0.1200 	 1.0000 	 -2.0000 	 0.4000 	 1.0000 
0.1300 	 1.0000 	 -2.0000 	 0.4000 	 1.0000 
0.1400 	 1.0000 	 -2.0000 	 0.4000 	 1.0000 
0.1500 	 0.9998 	 -1.9999 	 0.3999 	 0.9999 
0.1600 	 0.9992 	 -1.9994 	 0.3996 	 0.9997 
0.1700 	 0.9973 	 -1.9979 	 0.3985 	 0.9989 
0.1800 	 0.9922 	 -1.9942 	 0.3957 	 0.9969 
0.1900 	 0.9817 	 -1.9863 	 0.3898 	 0.9928 
0.2000 	 0.9635 	 -1.9725 	 0.3798 	 0.9856 
0.2100 	 0.9362 	 -1.9516 	 0.3651 	 0.9750 
0.2200 	 0.8999 	 -1.9234 	 0.3459 	 0.9610 
0.2300 	 0.8559 	 -1.8882 	 0.3233 	 0.9442 
0.2400 	 0.8059 	 -1.8470 	 0.2983 	 0.9254 
0.2500 	 0.7515 	 -1.8005 	 0.2722 	 0.9055 
0.2600 	 0.6945 	 -1.7497 	 0.2459 	 0.8851 
0.2700 	 0.6363 	 -1.6952 	 0.2202 	 0.8650 
0.2800 	 0.5780 	 -1.6375 	 0.1955 	 0.8457 
0.2900 	 0.5207 	 -1.5770 	 0.1724 	 0.8277 
0.3000 	 0.4652 	 -1.5139 	 0.1510 	 0.8112 
0.3100 	 0.4123 	 -1.4486 	 0.1314 	 0.7966 
0.3200 	 0.3626 	 -1.3812 	 0.1137 	 0.7838 
0.3300 	 0.3165 	 -1.3119 	 0.0979 	 0.7731 
0.3400 	 0.2743 	 -1.2407 	 0.0839 	 0.7644 
0.3500 	 0.2362 	 -1.1679 	 0.0716 	 0.7579 
0.3600 	 0.2022 	 -1.0936 	 0.0610 	 0.7535 
0.3700 	 0.1723 	 -1.0180 	 0.0518 	 0.7514 
0.3800 	 0.1462 	 -0.9413 	 0.0440 	 0.7517 
0.3900 	 0.1237 	 -0.8639 	 0.0373 	 0.7545 
0.4000 	 0.1045 	 -0.7860 	 0.0318 	 0.7600 
0.4100 	 0.0882 	 -0.7081 	 0.0271 	 0.7685 
0.4200 	 0.0746 	 -0.6302 	 0.0233 	 0.7806 
0.4300 	 0.0633 	 -0.5529 	 0.0202 	 0.7966 
0.4400 	 0.0540 	 -0.4767 	 0.0176 	 0.8168 
0.4500 	 0.0463 	 -0.4018 	 0.0156 	 0.8415 
0.4600 	 0.0400 	 -0.3285 	 0.0139 	 0.8708 
0.4700 	 0.0350 	 -0.2566 	 0.0127 	 0.9051 
0.4800 	 0.0310 	 -0.1852 	 0.0117 	 0.9458 
0.4900 	 0.0279 	 -0.1132 	 0.0111 	 0.9961 
0.5000 	 0.0253 	 -0.0391 	 0.0108 	 1.0677 
0.5100 	 0.0269 	 0.0349 	 0.0108 	 1.0043 
0.5200 	 0.0287 	 0.1085 	 0.0111 	 0.9693 
0.5300 	 0.0314 	 0.1818 	 0.0117 	 0.9349 
0.5400 	 0.0351 	 0.2543 	 0.0127 	 0.9027 
0.5500 	 0.0400 	 0.3269 	 0.0140 	 0.8725 
0.5600 	 0.0462 	 0.4007 	 0.0156 	 0.8449 
0.5700 	 0.0538 	 0.4759 	 0.0177 	 0.8205 
0.5800 	 0.0631 	 0.5524 	 0.0202 	 0.8000 
0.5900 	 0.0744 	 0.6298 	 0.0233 	 0.7835 
0.6000 	 0.0880 	 0.7078 	 0.0271 	 0.7708 
0.6100 	 0.1043 	 0.7857 	 0.0318 	 0.7618 
0.6200 	 0.1235 	 0.8637 	 0.0373 	 0.7559 
0.6300 	 0.1460 	 0.9412 	 0.0440 	 0.7528 
0.6400 	 0.1721 	 1.0180 	 0.0518 	 0.7523 
0.6500 	 0.2021 	 1.0936 	 0.0610 	 0.7542 
0.6600 	 0.2361 	 1.1680 	 0.0716 	 0.7584 
0.6700 	 0.2743 	 1.2408 	 0.0839 	 0.7648 
0.6800 	 0.3165 	 1.3120 	 0.0979 	 0.7734 
0.6900 	 0.3626 	 1.3814 	 0.1137 	 0.7840 
0.7000 	 0.4124 	 1.4488 	 0.1314 	 0.7967 
0.7100 	 0.4653 	 1.5141 	 0.1510 	 0.8114 
0.7200 	 0.5208 	 1.5771 	 0.1724 	 0.8278 
0.7300 	 0.5781 	 1.6376 	 0.1956 	 0.8458 
0.7400 	 0.6364 	 1.6953 	 0.2202 	 0.8651 
0.7500 	 0.6946 	 1.7498 	 0.2459 	 0.8851 
0.7600 	 0.7516 	 1.8006 	 0.2722 	 0.9055 
0.7700 	 0.8059 	 1.8470 	 0.2983 	 0.9255 
0.7800 	 0.8560 	 1.8882 	 0.3233 	 0.9443 
0.7900 	 0.9000 	 1.9234 	 0.3460 	 0.9610 
0.8000 	 0.9362 	 1.9516 	 0.3651 	 0.9750 
0.8100 	 0.9635 	 1.9725 	 0.3798 	 0.9856 
0.8200 	 0.9817 	 1.9863 	 0.3898 	 0.9928 
0.8300 	 0.9922 	 1.9942 	 0.3957 	 0.9969 
0.8400 	 0.9973 	 1.9979 	 0.3985 	 0.9989 
0.8500 	 0.9992 	 1.9994 	 0.3996 	 0.9997 
0.8600 	 0.9998 	 1.9999 	 0.3999 	 0.9999 
0.8700 	 1.0000 	 2.0000 	 0.4000 	 1.0000 
0.8800 	 1.0000 	 2.0000 	 0.4000 	 1.0000 
0.8900 	 1.0000 	 2.0000 	 0.4000 	 1.0000 
0.9000 	 1.0000 	 2.0000 	 0.4000 	 1.0000 
0.9100 	 1.0000 	 2.0000 	 0.4000 	 1.0000 
0.9200 	 1.0000 	 2.0000 	 0.4000 	 1.0000 
0.9300 	 1.0000 	 2.0000 	 0.4000 	 1.0000 
0.9400 	 1.0000 	 2.0000 	 0.4000 	 1.0000 
0.9500 	 1.0000 	 2.0000 	 0.4000 	 1.0000 
0.9600 	 1.0000 	 2.0000 	 0.4000 	 1.0000 
0.9700 	 1.0000 	 2.0000 	 0.4000 	 1.0000 
0.9800 	 1.0000 	 2.0000 	 0.4000 	 1.0000 
0.9900 	 1.0000 	 2.0000 	 0.4000 	 1.0000 
