0.0000 	 1.0000 	 -2.0000 	 0.4000 	 1.0000 
0.0100 	 0.9999 	 -2.0000 	 0.4000 	 1.0000 
0.0200 	 0.9997 	 -1.9998 	 0.3999 	 0.9999 
0.0300 	 0.9991 	 -1.9994 	 0.3995 	 0.9997 
0.0400 	 0.9975 	 -1.9981 	 0.3986 	 0.9990 
0.0500 	 0.9938 	 -1.9954 	 0.3966 	 0.9975 
0.0600 	 0.9868 	 -1.9901 	 0.3927 	 0.9947 
0.0700 	 0.9752 	 -1.9813 	 0.3862 	 0.9901 
0.0800 	 0.9580 	 -1.9682 	 0.3768 	 0.9833 
0.0900 	 0.9350 	 -1.9504 	 0.3643 	 0.9741 
0.1000 	 0.9066 	 -1.9281 	 0.3491 	 0.9627 
0.1100 	 0.8736 	 -1.9016 	 0.3318 	 0.9495 
0.1200 	 0.8370 	 -1.8713 	 0.3129 	 0.9346 
0.1300 	 0.7977 	 -1.8379 	 0.2931 	 0.9186 
0.1400 	 0.7566 	 -1.8017 	 0.2729 	 0.9017 
0.1500 	 0.7145 	 -1.7632 	 0.2528 	 0.8844 
0.1600 	 0.6719 	 -1.7228 	 0.2330 	 0.8668 
0.1700 	 0.6293 	 -1.6807 	 0.2138 	 0.8493 
0.1800 	 0.5871 	 -1.6371 	 0.1954 	 0.8321 
0.1900 	 0.5456 	 -1.5922 	 0.1780 	 0.8154 
0.2000 	 0.5051 	 -1.5461 	 0.1615 	 0.7992 
0.2100 	 0.4657 	 -1.4989 	 0.1460 	 0.7839 
0.2200 	 0.4277 	 -1.4506 	 0.1316 	 0.7694 
0.2300 	 0.3913 	 -1.4015 	 0.1183 	 0.7558 
0.2400 	 0.3566 	 -1.3514 	 0.1060 	 0.7433 
0.2500 	 0.3237 	 -1.3004 	 0.0948 	 0.7318 
0.2600 	 0.2927 	 -1.2487 	 0.0845 	 0.7215 
0.2700 	 0.2638 	 -1.1961 	 0.0751 	 0.7122 
0.2800 	 0.2369 	 -1.1429 	 0.0667 	 0.7040 
0.2900 	 0.2120 	 -1.0889 	 0.0591 	 0.6970 
0.3000 	 0.1892 	 -1.0343 	 0.0523 	 0.6912 
0.3100 	 0.1683 	 -0.9792 	 0.0462 	 0.6865 
0.3200 	 0.1494 	 -0.9235 	 0.0408 	 0.6830 
0.3300 	 0.1324 	 -0.8675 	 0.0360 	 0.6808 
0.3400 	 0.1171 	 -0.8112 	 0.0318 	 0.6798 
0.3500 	 0.1034 	 -0.7547 	 0.0281 	 0.6802 
0.3600 	 0.0912 	 -0.6982 	 0.0249 	 0.6820 
0.3700 	 0.0805 	 -0.6417 	 0.0221 	 0.6854 
0.3800 	 0.0711 	 -0.5854 	 0.0196 	 0.6906 
0.3900 	 0.0628 	 -0.5295 	 0.0175 	 0.6977 
0.4000 	 0.0556 	 -0.4742 	 0.0157 	 0.7069 
0.4100 	 0.0493 	 -0.4198 	 0.0142 	 0.7184 
0.4200 	 0.0438 	 -0.3664 	 0.0128 	 0.7325 
0.4300 	 0.0391 	 -0.3145 	 0.0117 	 0.7494 
0.4400 	 0.0350 	 -0.2643 	 0.0108 	 0.7695 
0.4500 	 0.0315 	 -0.2162 	 0.0100 	 0.7929 
0.4600 	 0.0286 	 -0.1708 	 0.0094 	 0.8201 
0.4700 	 0.0261 	 -0.1284 	 0.0089 	 0.8515 
0.4800 	 0.0240 	 -0.0891 	 0.0085 	 0.8882 
0.4900 	 0.0223 	 -0.0527 	 0.0083 	 0.9322 
0.5000 	 0.0206 	 -0.0180 	 0.0082 	 0.9924 
0.5100 	 0.0221 	 0.0158 	 0.0082 	 0.9276 
0.5200 	 0.0231 	 0.0501 	 0.0083 	 0.9004 
0.5300 	 0.0245 	 0.0867 	 0.0085 	 0.8717 
0.5400 	 0.0263 	 0.1262 	 0.0089 	 0.8439 
0.5500 	 0.0287 	 0.1689 	 0.0094 	 0.8176 
0.5600 	 0.0315 	 0.2145 	 0.0100 	 0.7934 
0.5700 	 0.0349 	 0.2628 	 0.0108 	 0.7714 
0.5800 	 0.0389 	 0.3132 	 0.0117 	 0.7521 
0.5900 	 0.0436 	 0.3654 	 0.0128 	 0.7353 
0.6000 	 0.0491 	 0.4189 	 0.0142 	 0.7211 
0.6100 	 0.0554 	 0.4735 	 0.0157 	 0.7093 
0.6200 	 0.0626 	 0.5290 	 0.0175 	 0.6998 
0.6300 	 0.0709 	 0.5850 	 0.0196 	 0.6924 
0.6400 	 0.0803 	 0.6414 	 0.0221 	 0.6869 
0.6500 	 0.0911 	 0.6979 	 0.0249 	 0.6833 
0.6600 	 0.1032 	 0.7545 	 0.0281 	 0.6812 
0.6700 	 0.1169 	 0.8110 	 0.0318 	 0.6806 
0.6800 	 0.1322 	 0.8674 	 0.0360 	 0.6815 
0.6900 	 0.1493 	 0.9234 	 0.0408 	 0.6836 
0.7000 	 0.1682 	 0.9791 	 0.0462 	 0.6870 
0.7100 	 0.1891 	 1.0343 	 0.0523 	 0.6916 
0.7200 	 0.2119 	 1.0889 	 0.0591 	 0.6973 
0.7300 	 0.2368 	 1.1429 	 0.0667 	 0.7043 
0.7400 	 0.2638 	 1.1962 	 0.0752 	 0.7124 
0.7500 	 0.2927 	 1.2487 	 0.0845 	 0.7216 
0.7600 	 0.3237 	 1.3005 	 0.0948 	 0.7320 
0.7700 	 0.3566 	 1.3515 	 0.1060 	 0.7434 
0.7800 	 0.3914 	 1.4016 	 0.1183 	 0.7559 
0.7900 	 0.4278 	 1.4508 	 0.1317 	 0.7695 
0.8000 	 0.4658 	 1.4990 	 0.1461 	 0.7840 
0.8100 	 0.5051 	 1.5462 	 0.1615 	 0.7993 
0.8200 	 0.5457 	 1.5923 	 0.1780 	 0.8154 
0.8300 	 0.5872 	 1.6372 	 0.1955 	 0.8322 
0.8400 	 0.6294 	 1.6808 	 0.2138 	 0.8494 
0.8500 	 0.6720 	 1.7229 	 0.2330 	 0.8669 
0.8600 	 0.7146 	 1.7633 	 0.2528 	 0.8844 
0.8700 	 0.7567 	 1.8018 	 0.2729 	 0.9017 
0.8800 	 0.7977 	 1.8379 	 0.2931 	 0.9186 
0.8900 	 0.8370 	 1.8713 	 0.3129 	 0.9346 
0.9000 	 0.8736 	 1.9016 	 0.3318 	 0.9495 
0.9100 	 0.9066 	 1.9281 	 0.3491 	 0.9627 
0.9200 	 0.9350 	 1.9504 	 0.3643 	 0.9741 
0.9300 	 0.9580 	 1.9682 	 0.3768 	 0.9833 
0.9400 	 0.9752 	 1.9813 	 0.3862 	 0.9901 
0.9500 	 0.9868 	 1.9901 	 0.3927 	 0.9947 
0.9600 	 0.9938 	 1.9954 	 0.3966 	 0.9975 
0.9700 	 0.9975 	 1.9981 	 0.3986 	 0.9990 
0.9800 	 0.9991 	 1.9994 	 0.3995 	 0.9997 
0.9900 	 0.9997 	 1.9998 	 0.3999 	 0.9999 
