0.0000 	 1.0000 	 -2.0000 	 0.4000 	 1.0000 
0.0100 	 1.0000 	 -2.0000 	 0.4000 	 1.0000 
0.0200 	 1.0000 	 -2.0000 	 0.4000 	 1.0000 
0.0300 	 1.0000 	 -2.0000 	 0.4000 	 1.0000 
0.0400 	 1.0000 	 -2.0000 	 0.4000 	 1.0000 
0.0500 	 1.0000 	 -2.0000 	 0.4000 	 1.0000 
0.0600 	 1.0000 	 -2.0000 	 0.4000 	 1.0000 
0.0700 	 1.0000 	 -2.0000 	 0.4000 	 1.0000 
0.0800 	 1.0000 	 -2.0000 	 0.4000 	 1.0000 
0.0900 	 1.0000 	 -2.0000 	 0.4000 	 1.0000 
0.1000 	 1.0000 	 -2.0000 	 0.4000 	 1.0000 
0.1100 	 1.0000 	 -2.0000 	 0.4000 	 1.0000 
0.1200 	 1.0000 	 -2.0000 	 0.4000 	 1.0000 
0.1300 	 1.0000 	 -2.0000 	 0.4000 	 1.0000 
0.1400 	 1.0000 	 -2.0000 	 0.4000 	 1.0000 
0.1500 	 1.0000 	 -2.0000 	 0.4000 	 1.0000 
0.1600 	 1.0000 	 -2.0000 	 0.4000 	 1.0000 
0.1700 	 1.0000 	 -2.0000 	 0.4000 	 1.0000 
0.1800 	 1.0000 	 -2.0000 	 0.4000 	 1.0000 
0.1900 	 1.0000 	 -2.0000 	 0.4000 	 1.0000 
0.2000 	 1.0000 	 -2.0000 	 0.4000 	 1.0000 
0.2100 	 1.0000 	 -2.0000 	 0.4000 	 1.0000 
0.2200 	 1.0000 	 -2.0000 	 0.4000 	 1.0000 
0.2300 	 1.0000 	 -2.0000 	 0.4000 	 1.0000 
0.2400 	 1.0000 	 -2.0000 	 0.4000 	 1.0000 
0.2500 	 1.0000 	 -2.0000 	 0.4000 	 1.0000 
0.2600 	 1.0000 	 -2.0000 	 0.4000 	 1.0000 
0.2700 	 1.0000 	 -2.0000 	 0.4000 	 1.0000 
0.2800 	 1.0000 	 -2.0000 	 0.4000 	 1.0000 
0.2900 	 1.0000 	 -2.0000 	 0.4000 	 1.0000 
0.3000 	 1.0000 	 -2.0000 	 0.4000 	 1.0000 
0.3100 	 1.0000 	 -2.0000 	 0.4000 	 1.0000 
0.3200 	 1.0000 	 -2.0000 	 0.4000 	 1.0000 
0.3300 	 1.0000 	 -2.0000 	 0.4000 	 1.0000 
0.3400 	 1.0000 	 -2.0000 	 0.4000 	 1.0000 
0.3500 	 1.0000 	 -2.0000 	 0.4000 	 1.0000 
0.3600 	 0.9999 	 -2.0000 	 0.4000 	 1.0000 
0.3700 	 0.9995 	 -1.9996 	 0.3997 	 0.9998 
0.3800 	 0.9971 	 -1.9979 	 0.3985 	 0.9991 
0.3900 	 0.9874 	 -1.9913 	 0.3936 	 0.9965 
0.4000 	 0.9589 	 -1.9725 	 0.3798 	 0.9902 
0.4100 	 0.8967 	 -1.9318 	 0.3515 	 0.9800 
0.4200 	 0.7932 	 -1.8623 	 0.3073 	 0.9687 
0.4300 	 0.6571 	 -1.7625 	 0.2527 	 0.9612 
0.4400 	 0.5092 	 -1.6342 	 0.1960 	 0.9624 
0.4500 	 0.3710 	 -1.4799 	 0.1448 	 0.9756 
0.4600 	 0.2569 	 -1.3013 	 0.1031 	 1.0033 
0.4700 	 0.1725 	 -1.1005 	 0.0724 	 1.0489 
0.4800 	 0.1170 	 -0.8742 	 0.0525 	 1.1214 
0.4900 	 0.0913 	 -0.5591 	 0.0465 	 1.2727 
0.5000 	 0.0785 	 -0.1821 	 0.0478 	 1.5235 
0.5100 	 0.0805 	 0.1849 	 0.0475 	 1.4741 
0.5200 	 0.0919 	 0.5506 	 0.0471 	 1.2802 
0.5300 	 0.1166 	 0.8722 	 0.0528 	 1.1311 
0.5400 	 0.1720 	 1.1009 	 0.0725 	 1.0542 
0.5500 	 0.2567 	 1.3021 	 0.1033 	 1.0061 
0.5600 	 0.3710 	 1.4805 	 0.1450 	 0.9769 
0.5700 	 0.5093 	 1.6346 	 0.1962 	 0.9629 
0.5800 	 0.6572 	 1.7627 	 0.2527 	 0.9614 
0.5900 	 0.7932 	 1.8623 	 0.3074 	 0.9687 
0.6000 	 0.8967 	 1.9318 	 0.3515 	 0.9800 
0.6100 	 0.9589 	 1.9725 	 0.3798 	 0.9902 
0.6200 	 0.9874 	 1.9913 	 0.3936 	 0.9965 
0.6300 	 0.9971 	 1.9979 	 0.3985 	 0.9991 
0.6400 	 0.9995 	 1.9996 	 0.3997 	 0.9998 
0.6500 	 0.9999 	 2.0000 	 0.4000 	 1.0000 
0.6600 	 1.0000 	 2.0000 	 0.4000 	 1.0000 
0.6700 	 1.0000 	 2.0000 	 0.4000 	 1.0000 
0.6800 	 1.0000 	 2.0000 	 0.4000 	 1.0000 
0.6900 	 1.0000 	 2.0000 	 0.4000 	 1.0000 
0.7000 	 1.0000 	 2.0000 	 0.4000 	 1.0000 
0.7100 	 1.0000 	 2.0000 	 0.4000 	 1.0000 
0.7200 	 1.0000 	 2.0000 	 0.4000 	 1.0000 
0.7300 	 1.0000 	 2.0000 	 0.4000 	 1.0000 
0.7400 	 1.0000 	 2.0000 	 0.4000 	 1.0000 
0.7500 	 1.0000 	 2.0000 	 0.4000 	 1.0000 
0.7600 	 1.0000 	 2.0000 	 0.4000 	 1.0000 
0.7700 	 1.0000 	 2.0000 	 0.4000 	 1.0000 
0.7800 	 1.0000 	 2.0000 	 0.4000 	 1.0000 
0.7900 	 1.0000 	 2.0000 	 0.4000 	 1.0000 
0.8000 	 1.0000 	 2.0000 	 0.4000 	 1.0000 
0.8100 	 1.0000 	 2.0000 	 0.4000 	 1.0000 
0.8200 	 1.0000 	 2.0000 	 0.4000 	 1.0000 
0.8300 	 1.0000 	 2.0000 	 0.4000 	 1.0000 
0.8400 	 1.0000 	 2.0000 	 0.4000 	 1.0000 
0.8500 	 1.0000 	 2.0000 	 0.4000 	 1.0000 
0.8600 	 1.0000 	 2.0000 	 0.4000 	 1.0000 
0.8700 	 1.0000 	 2.0000 	 0.4000 	 1.0000 
0.8800 	 1.0000 	 2.0000 	 0.4000 	 1.0000 
0.8900 	 1.0000 	 2.0000 	 0.4000 	 1.0000 
0.9000 	 1.0000 	 2.0000 	 0.4000 	 1.0000 
0.9100 	 1.0000 	 2.0000 	 0.4000 	 1.0000 
0.9200 	 1.0000 	 2.0000 	 0.4000 	 1.0000 
0.9300 	 1.0000 	 2.0000 	 0.4000 	 1.0000 
0.9400 	 1.0000 	 2.0000 	 0.4000 	 1.0000 
0.9500 	 1.0000 	 2.0000 	 0.4000 	 1.0000 
0.9600 	 1.0000 	 2.0000 	 0.4000 	 1.0000 
0.9700 	 1.0000 	 2.0000 	 0.4000 	 1.0000 
0.9800 	 1.0000 	 2.0000 	 0.4000 	 1.0000 
0.9900 	 1.0000 	 2.0000 	 0.4000 	 1.0000 
