0.0000 	 1.0000 	 -2.0000 	 0.4000 	 1.0000 
0.0100 	 1.0000 	 -2.0000 	 0.4000 	 1.0000 
0.0200 	 1.0000 	 -2.0000 	 0.4000 	 1.0000 
0.0300 	 1.0000 	 -2.0000 	 0.4000 	 1.0000 
0.0400 	 1.0000 	 -2.0000 	 0.4000 	 1.0000 
0.0500 	 1.0000 	 -2.0000 	 0.4000 	 1.0000 
0.0600 	 1.0000 	 -2.0000 	 0.4000 	 1.0000 
0.0700 	 1.0000 	 -2.0000 	 0.4000 	 1.0000 
0.0800 	 1.0000 	 -2.0000 	 0.4000 	 1.0000 
0.0900 	 1.0000 	 -2.0000 	 0.4000 	 1.0000 
0.1000 	 1.0000 	 -2.0000 	 0.4000 	 1.0000 
0.1100 	 1.0000 	 -2.0000 	 0.4000 	 1.0000 
0.1200 	 1.0000 	 -2.0000 	 0.4000 	 1.0000 
0.1300 	 1.0000 	 -2.0000 	 0.4000 	 1.0000 
0.1400 	 1.0000 	 -2.0000 	 0.4000 	 1.0000 
0.1500 	 1.0000 	 -2.0000 	 0.4000 	 1.0000 
0.1600 	 1.0000 	 -2.0000 	 0.4000 	 1.0000 
0.1700 	 1.0000 	 -2.0000 	 0.4000 	 1.0000 
0.1800 	 1.0000 	 -2.0000 	 0.4000 	 1.0000 
0.1900 	 1.0000 	 -2.0000 	 0.4000 	 1.0000 
0.2000 	 1.0000 	 -2.0000 	 0.4000 	 1.0000 
0.2100 	 1.0000 	 -2.0000 	 0.4000 	 1.0000 
0.2200 	 1.0000 	 -2.0000 	 0.4000 	 1.0000 
0.2300 	 1.0000 	 -2.0000 	 0.4000 	 1.0000 
0.2400 	 1.0000 	 -2.0000 	 0.4000 	 1.0000 
0.2500 	 1.0000 	 -2.0000 	 0.4000 	 1.0000 
0.2600 	 1.0000 	 -2.0000 	 0.4000 	 1.0000 
0.2700 	 1.0000 	 -2.0000 	 0.4000 	 1.0000 
0.2800 	 1.0000 	 -2.0000 	 0.4000 	 1.0000 
0.2900 	 1.0000 	 -2.0000 	 0.4000 	 1.0000 
0.3000 	 1.0000 	 -2.0000 	 0.4000 	 1.0000 
0.3100 	 0.9998 	 -1.9999 	 0.3999 	 0.9999 
0.3200 	 0.9991 	 -1.9993 	 0.3995 	 0.9996 
0.3300 	 0.9957 	 -1.9969 	 0.3977 	 0.9984 
0.3400 	 0.9852 	 -1.9892 	 0.3920 	 0.9947 
0.3500 	 0.9599 	 -1.9710 	 0.3787 	 0.9864 
0.3600 	 0.9131 	 -1.9373 	 0.3552 	 0.9726 
0.3700 	 0.8425 	 -1.8858 	 0.3217 	 0.9545 
0.3800 	 0.7518 	 -1.8172 	 0.2811 	 0.9349 
0.3900 	 0.6485 	 -1.7334 	 0.2378 	 0.9169 
0.4000 	 0.5412 	 -1.6365 	 0.1954 	 0.9028 
0.4100 	 0.4378 	 -1.5281 	 0.1566 	 0.8942 
0.4200 	 0.3442 	 -1.4095 	 0.1228 	 0.8919 
0.4300 	 0.2641 	 -1.2818 	 0.0947 	 0.8966 
0.4400 	 0.1989 	 -1.1462 	 0.0723 	 0.9090 
0.4500 	 0.1481 	 -1.0040 	 0.0551 	 0.9302 
0.4600 	 0.1101 	 -0.8578 	 0.0424 	 0.9617 
0.4700 	 0.0831 	 -0.7067 	 0.0335 	 1.0068 
0.4800 	 0.0656 	 -0.5402 	 0.0282 	 1.0742 
0.4900 	 0.0556 	 -0.3384 	 0.0262 	 1.1783 
0.5000 	 0.0487 	 -0.1137 	 0.0258 	 1.3235 
0.5100 	 0.0508 	 0.1123 	 0.0259 	 1.2719 
0.5200 	 0.0566 	 0.3321 	 0.0265 	 1.1714 
0.5300 	 0.0658 	 0.5360 	 0.0284 	 1.0805 
0.5400 	 0.0828 	 0.7057 	 0.0336 	 1.0135 
0.5500 	 0.1097 	 0.8576 	 0.0424 	 0.9666 
0.5600 	 0.1477 	 1.0041 	 0.0552 	 0.9336 
0.5700 	 0.1986 	 1.1464 	 0.0724 	 0.9112 
0.5800 	 0.2640 	 1.2822 	 0.0948 	 0.8980 
0.5900 	 0.3442 	 1.4099 	 0.1229 	 0.8927 
0.6000 	 0.4379 	 1.5284 	 0.1567 	 0.8946 
0.6100 	 0.5413 	 1.6367 	 0.1955 	 0.9030 
0.6200 	 0.6486 	 1.7335 	 0.2379 	 0.9170 
0.6300 	 0.7519 	 1.8173 	 0.2812 	 0.9349 
0.6400 	 0.8425 	 1.8859 	 0.3217 	 0.9545 
0.6500 	 0.9131 	 1.9373 	 0.3552 	 0.9726 
0.6600 	 0.9599 	 1.9710 	 0.3787 	 0.9864 
0.6700 	 0.9852 	 1.9892 	 0.3920 	 0.9947 
0.6800 	 0.9957 	 1.9969 	 0.3977 	 0.9984 
0.6900 	 0.9991 	 1.9993 	 0.3995 	 0.9996 
0.7000 	 0.9998 	 1.9999 	 0.3999 	 0.9999 
0.7100 	 1.0000 	 2.0000 	 0.4000 	 1.0000 
0.7200 	 1.0000 	 2.0000 	 0.4000 	 1.0000 
0.7300 	 1.0000 	 2.0000 	 0.4000 	 1.0000 
0.7400 	 1.0000 	 2.0000 	 0.4000 	 1.0000 
0.7500 	 1.0000 	 2.0000 	 0.4000 	 1.0000 
0.7600 	 1.0000 	 2.0000 	 0.4000 	 1.0000 
0.7700 	 1.0000 	 2.0000 	 0.4000 	 1.0000 
0.7800 	 1.0000 	 2.0000 	 0.4000 	 1.0000 
0.7900 	 1.0000 	 2.0000 	 0.4000 	 1.0000 
0.8000 	 1.0000 	 2.0000 	 0.4000 	 1.0000 
0.8100 	 1.0000 	 2.0000 	 0.4000 	 1.0000 
0.8200 	 1.0000 	 2.0000 	 0.4000 	 1.0000 
0.8300 	 1.0000 	 2.0000 	 0.4000 	 1.0000 
0.8400 	 1.0000 	 2.0000 	 0.4000 	 1.0000 
0.8500 	 1.0000 	 2.0000 	 0.4000 	 1.0000 
0.8600 	 1.0000 	 2.0000 	 0.4000 	 1.0000 
0.8700 	 1.0000 	 2.0000 	 0.4000 	 1.0000 
0.8800 	 1.0000 	 2.0000 	 0.4000 	 1.0000 
0.8900 	 1.0000 	 2.0000 	 0.4000 	 1.0000 
0.9000 	 1.0000 	 2.0000 	 0.4000 	 1.0000 
0.9100 	 1.0000 	 2.0000 	 0.4000 	 1.0000 
0.9200 	 1.0000 	 2.0000 	 0.4000 	 1.0000 
0.9300 	 1.0000 	 2.0000 	 0.4000 	 1.0000 
0.9400 	 1.0000 	 2.0000 	 0.4000 	 1.0000 
0.9500 	 1.0000 	 2.0000 	 0.4000 	 1.0000 
0.9600 	 1.0000 	 2.0000 	 0.4000 	 1.0000 
0.9700 	 1.0000 	 2.0000 	 0.4000 	 1.0000 
0.9800 	 1.0000 	 2.0000 	 0.4000 	 1.0000 
0.9900 	 1.0000 	 2.0000 	 0.4000 	 1.0000 
