0.0000 	 1.0000 	 -2.0000 	 0.4000 	 1.0000 
0.0100 	 1.0000 	 -2.0000 	 0.4000 	 1.0000 
0.0200 	 1.0000 	 -2.0000 	 0.4000 	 1.0000 
0.0300 	 1.0000 	 -2.0000 	 0.4000 	 1.0000 
0.0400 	 1.0000 	 -2.0000 	 0.4000 	 1.0000 
0.0500 	 1.0000 	 -2.0000 	 0.4000 	 1.0000 
0.0600 	 1.0000 	 -2.0000 	 0.4000 	 1.0000 
0.0700 	 1.0000 	 -2.0000 	 0.4000 	 1.0000 
0.0800 	 1.0000 	 -2.0000 	 0.4000 	 1.0000 
0.0900 	 1.0000 	 -2.0000 	 0.4000 	 1.0000 
0.1000 	 1.0000 	 -2.0000 	 0.4000 	 1.0000 
0.1100 	 1.0000 	 -2.0000 	 0.4000 	 1.0000 
0.1200 	 1.0000 	 -2.0000 	 0.4000 	 1.0000 
0.1300 	 1.0000 	 -2.0000 	 0.4000 	 1.0000 
0.1400 	 1.0000 	 -2.0000 	 0.4000 	 1.0000 
0.1500 	 1.0000 	 -2.0000 	 0.4000 	 1.0000 
0.1600 	 1.0000 	 -2.0000 	 0.4000 	 1.0000 
0.1700 	 1.0000 	 -2.0000 	 0.4000 	 1.0000 
0.1800 	 1.0000 	 -2.0000 	 0.4000 	 1.0000 
0.1900 	 1.0000 	 -2.0000 	 0.4000 	 1.0000 
0.2000 	 1.0000 	 -2.0000 	 0.4000 	 1.0000 
0.2100 	 1.0000 	 -2.0000 	 0.4000 	 1.0000 
0.2200 	 1.0000 	 -2.0000 	 0.4000 	 1.0000 
0.2300 	 1.0000 	 -2.0000 	 0.4000 	 1.0000 
0.2400 	 1.0000 	 -2.0000 	 0.4000 	 1.0000 
0.2500 	 1.0000 	 -2.0000 	 0.4000 	 1.0000 
0.2600 	 1.0000 	 -2.0000 	 0.4000 	 1.0000 
0.2700 	 1.0000 	 -2.0000 	 0.4000 	 1.0000 
0.2800 	 1.0000 	 -2.0000 	 0.4000 	 1.0000 
0.2900 	 1.0000 	 -2.0000 	 0.4000 	 1.0000 
0.3000 	 1.0000 	 -2.0000 	 0.4000 	 1.0000 
0.3100 	 1.0000 	 -2.0000 	 0.4000 	 1.0000 
0.3200 	 0.9998 	 -1.9999 	 0.3999 	 0.9999 
0.3300 	 0.9989 	 -1.9992 	 0.3994 	 0.9996 
0.3400 	 0.9949 	 -1.9963 	 0.3972 	 0.9981 
0.3500 	 0.9825 	 -1.9874 	 0.3906 	 0.9939 
0.3600 	 0.9534 	 -1.9666 	 0.3756 	 0.9849 
0.3700 	 0.9003 	 -1.9287 	 0.3494 	 0.9704 
0.3800 	 0.8216 	 -1.8717 	 0.3129 	 0.9522 
0.3900 	 0.7225 	 -1.7965 	 0.2698 	 0.9336 
0.4000 	 0.6121 	 -1.7051 	 0.2247 	 0.9177 
0.4100 	 0.5002 	 -1.5997 	 0.1814 	 0.9069 
0.4200 	 0.3953 	 -1.4820 	 0.1427 	 0.9025 
0.4300 	 0.3033 	 -1.3533 	 0.1099 	 0.9056 
0.4400 	 0.2272 	 -1.2147 	 0.0833 	 0.9167 
0.4500 	 0.1675 	 -1.0677 	 0.0628 	 0.9371 
0.4600 	 0.1227 	 -0.9148 	 0.0475 	 0.9683 
0.4700 	 0.0910 	 -0.7566 	 0.0369 	 1.0133 
0.4800 	 0.0707 	 -0.5807 	 0.0306 	 1.0826 
0.4900 	 0.0595 	 -0.3642 	 0.0284 	 1.1937 
0.5000 	 0.0519 	 -0.1219 	 0.0280 	 1.3504 
0.5100 	 0.0541 	 0.1212 	 0.0281 	 1.2989 
0.5200 	 0.0605 	 0.3577 	 0.0288 	 1.1887 
0.5300 	 0.0708 	 0.5765 	 0.0309 	 1.0899 
0.5400 	 0.0906 	 0.7557 	 0.0370 	 1.0200 
0.5500 	 0.1223 	 0.9147 	 0.0476 	 0.9729 
0.5600 	 0.1671 	 1.0679 	 0.0628 	 0.9402 
0.5700 	 0.2270 	 1.2150 	 0.0834 	 0.9187 
0.5800 	 0.3032 	 1.3537 	 0.1100 	 0.9067 
0.5900 	 0.3953 	 1.4824 	 0.1428 	 0.9032 
0.6000 	 0.5003 	 1.6000 	 0.1816 	 0.9072 
0.6100 	 0.6122 	 1.7053 	 0.2248 	 0.9179 
0.6200 	 0.7226 	 1.7966 	 0.2699 	 0.9336 
0.6300 	 0.8217 	 1.8718 	 0.3130 	 0.9522 
0.6400 	 0.9003 	 1.9287 	 0.3494 	 0.9704 
0.6500 	 0.9534 	 1.9666 	 0.3756 	 0.9849 
0.6600 	 0.9825 	 1.9874 	 0.3906 	 0.9939 
0.6700 	 0.9949 	 1.9963 	 0.3972 	 0.9981 
0.6800 	 0.9989 	 1.9992 	 0.3994 	 0.9996 
0.6900 	 0.9998 	 1.9999 	 0.3999 	 0.9999 
0.7000 	 1.0000 	 2.0000 	 0.4000 	 1.0000 
0.7100 	 1.0000 	 2.0000 	 0.4000 	 1.0000 
0.7200 	 1.0000 	 2.0000 	 0.4000 	 1.0000 
0.7300 	 1.0000 	 2.0000 	 0.4000 	 1.0000 
0.7400 	 1.0000 	 2.0000 	 0.4000 	 1.0000 
0.7500 	 1.0000 	 2.0000 	 0.4000 	 1.0000 
0.7600 	 1.0000 	 2.0000 	 0.4000 	 1.0000 
0.7700 	 1.0000 	 2.0000 	 0.4000 	 1.0000 
0.7800 	 1.0000 	 2.0000 	 0.4000 	 1.0000 
0.7900 	 1.0000 	 2.0000 	 0.4000 	 1.0000 
0.8000 	 1.0000 	 2.0000 	 0.4000 	 1.0000 
0.8100 	 1.0000 	 2.0000 	 0.4000 	 1.0000 
0.8200 	 1.0000 	 2.0000 	 0.4000 	 1.0000 
0.8300 	 1.0000 	 2.0000 	 0.4000 	 1.0000 
0.8400 	 1.0000 	 2.0000 	 0.4000 	 1.0000 
0.8500 	 1.0000 	 2.0000 	 0.4000 	 1.0000 
0.8600 	 1.0000 	 2.0000 	 0.4000 	 1.0000 
0.8700 	 1.0000 	 2.0000 	 0.4000 	 1.0000 
0.8800 	 1.0000 	 2.0000 	 0.4000 	 1.0000 
0.8900 	 1.0000 	 2.0000 	 0.4000 	 1.0000 
0.9000 	 1.0000 	 2.0000 	 0.4000 	 1.0000 
0.9100 	 1.0000 	 2.0000 	 0.4000 	 1.0000 
0.9200 	 1.0000 	 2.0000 	 0.4000 	 1.0000 
0.9300 	 1.0000 	 2.0000 	 0.4000 	 1.0000 
0.9400 	 1.0000 	 2.0000 	 0.4000 	 1.0000 
0.9500 	 1.0000 	 2.0000 	 0.4000 	 1.0000 
0.9600 	 1.0000 	 2.0000 	 0.4000 	 1.0000 
0.9700 	 1.0000 	 2.0000 	 0.4000 	 1.0000 
0.9800 	 1.0000 	 2.0000 	 0.4000 	 1.0000 
0.9900 	 1.0000 	 2.0000 	 0.4000 	 1.0000 
