0.0000 	 1.0000 	 -2.0000 	 0.4000 	 1.0000 
0.0100 	 1.0000 	 -2.0000 	 0.4000 	 1.0000 
0.0200 	 1.0000 	 -2.0000 	 0.4000 	 1.0000 
0.0300 	 1.0000 	 -2.0000 	 0.4000 	 1.0000 
0.0400 	 1.0000 	 -2.0000 	 0.4000 	 1.0000 
0.0500 	 1.0000 	 -2.0000 	 0.4000 	 1.0000 
0.0600 	 1.0000 	 -2.0000 	 0.4000 	 1.0000 
0.0700 	 1.0000 	 -2.0000 	 0.4000 	 1.0000 
0.0800 	 0.9999 	 -2.0000 	 0.4000 	 1.0000 
0.0900 	 0.9998 	 -1.9998 	 0.3999 	 0.9999 
0.1000 	 0.9991 	 -1.9993 	 0.3995 	 0.9996 
0.1100 	 0.9971 	 -1.9979 	 0.3984 	 0.9989 
0.1200 	 0.9926 	 -1.9944 	 0.3958 	 0.9970 
0.1300 	 0.9836 	 -1.9877 	 0.3908 	 0.9935 
0.1400 	 0.9684 	 -1.9762 	 0.3825 	 0.9875 
0.1500 	 0.9462 	 -1.9592 	 0.3704 	 0.9787 
0.1600 	 0.9168 	 -1.9364 	 0.3547 	 0.9671 
0.1700 	 0.8811 	 -1.9079 	 0.3359 	 0.9530 
0.1800 	 0.8401 	 -1.8745 	 0.3148 	 0.9368 
0.1900 	 0.7954 	 -1.8368 	 0.2924 	 0.9192 
0.2000 	 0.7480 	 -1.7953 	 0.2694 	 0.9006 
0.2100 	 0.6990 	 -1.7508 	 0.2465 	 0.8815 
0.2200 	 0.6494 	 -1.7037 	 0.2240 	 0.8625 
0.2300 	 0.5998 	 -1.6543 	 0.2025 	 0.8439 
0.2400 	 0.5508 	 -1.6029 	 0.1820 	 0.8260 
0.2500 	 0.5029 	 -1.5497 	 0.1627 	 0.8090 
0.2600 	 0.4567 	 -1.4949 	 0.1449 	 0.7931 
0.2700 	 0.4123 	 -1.4386 	 0.1284 	 0.7785 
0.2800 	 0.3702 	 -1.3809 	 0.1133 	 0.7653 
0.2900 	 0.3306 	 -1.3219 	 0.0996 	 0.7535 
0.3000 	 0.2937 	 -1.2616 	 0.0873 	 0.7432 
0.3100 	 0.2597 	 -1.2003 	 0.0763 	 0.7344 
0.3200 	 0.2285 	 -1.1378 	 0.0665 	 0.7272 
0.3300 	 0.2002 	 -1.0744 	 0.0578 	 0.7216 
0.3400 	 0.1748 	 -1.0101 	 0.0502 	 0.7176 
0.3500 	 0.1521 	 -0.9450 	 0.0435 	 0.7152 
0.3600 	 0.1320 	 -0.8794 	 0.0377 	 0.7145 
0.3700 	 0.1143 	 -0.8134 	 0.0327 	 0.7157 
0.3800 	 0.0989 	 -0.7472 	 0.0284 	 0.7189 
0.3900 	 0.0855 	 -0.6810 	 0.0248 	 0.7242 
0.4000 	 0.0740 	 -0.6149 	 0.0217 	 0.7319 
0.4100 	 0.0642 	 -0.5493 	 0.0191 	 0.7424 
0.4200 	 0.0557 	 -0.4845 	 0.0169 	 0.7558 
0.4300 	 0.0486 	 -0.4207 	 0.0150 	 0.7725 
0.4400 	 0.0426 	 -0.3584 	 0.0135 	 0.7926 
0.4500 	 0.0375 	 -0.2977 	 0.0122 	 0.8165 
0.4600 	 0.0333 	 -0.2392 	 0.0112 	 0.8443 
0.4700 	 0.0298 	 -0.1831 	 0.0104 	 0.8766 
0.4800 	 0.0269 	 -0.1293 	 0.0098 	 0.9144 
0.4900 	 0.0246 	 -0.0777 	 0.0094 	 0.9604 
0.5000 	 0.0226 	 -0.0267 	 0.0093 	 1.0250 
0.5100 	 0.0241 	 0.0235 	 0.0093 	 0.9606 
0.5200 	 0.0254 	 0.0740 	 0.0095 	 0.9306 
0.5300 	 0.0273 	 0.1264 	 0.0098 	 0.9002 
0.5400 	 0.0300 	 0.1807 	 0.0104 	 0.8712 
0.5500 	 0.0333 	 0.2373 	 0.0112 	 0.8438 
0.5600 	 0.0374 	 0.2963 	 0.0123 	 0.8184 
0.5700 	 0.0424 	 0.3572 	 0.0135 	 0.7956 
0.5800 	 0.0484 	 0.4198 	 0.0150 	 0.7757 
0.5900 	 0.0556 	 0.4838 	 0.0169 	 0.7589 
0.6000 	 0.0640 	 0.5488 	 0.0191 	 0.7451 
0.6100 	 0.0738 	 0.6145 	 0.0217 	 0.7341 
0.6200 	 0.0853 	 0.6807 	 0.0248 	 0.7260 
0.6300 	 0.0987 	 0.7469 	 0.0284 	 0.7203 
0.6400 	 0.1141 	 0.8132 	 0.0327 	 0.7169 
0.6500 	 0.1318 	 0.8793 	 0.0377 	 0.7155 
0.6600 	 0.1519 	 0.9449 	 0.0435 	 0.7160 
0.6700 	 0.1746 	 1.0100 	 0.0502 	 0.7182 
0.6800 	 0.2001 	 1.0744 	 0.0578 	 0.7221 
0.6900 	 0.2284 	 1.1379 	 0.0665 	 0.7276 
0.7000 	 0.2596 	 1.2003 	 0.0763 	 0.7347 
0.7100 	 0.2937 	 1.2618 	 0.0873 	 0.7434 
0.7200 	 0.3306 	 1.3220 	 0.0997 	 0.7537 
0.7300 	 0.3703 	 1.3810 	 0.1134 	 0.7654 
0.7400 	 0.4124 	 1.4387 	 0.1284 	 0.7786 
0.7500 	 0.4567 	 1.4950 	 0.1449 	 0.7932 
0.7600 	 0.5030 	 1.5498 	 0.1628 	 0.8090 
0.7700 	 0.5509 	 1.6030 	 0.1820 	 0.8260 
0.7800 	 0.5999 	 1.6544 	 0.2025 	 0.8440 
0.7900 	 0.6495 	 1.7038 	 0.2241 	 0.8626 
0.8000 	 0.6991 	 1.7509 	 0.2465 	 0.8816 
0.8100 	 0.7480 	 1.7954 	 0.2695 	 0.9006 
0.8200 	 0.7954 	 1.8368 	 0.2924 	 0.9192 
0.8300 	 0.8402 	 1.8745 	 0.3148 	 0.9368 
0.8400 	 0.8811 	 1.9080 	 0.3359 	 0.9530 
0.8500 	 0.9169 	 1.9364 	 0.3547 	 0.9671 
0.8600 	 0.9462 	 1.9592 	 0.3704 	 0.9787 
0.8700 	 0.9684 	 1.9762 	 0.3825 	 0.9875 
0.8800 	 0.9836 	 1.9877 	 0.3908 	 0.9935 
0.8900 	 0.9926 	 1.9944 	 0.3958 	 0.9970 
0.9000 	 0.9971 	 1.9979 	 0.3984 	 0.9989 
0.9100 	 0.9991 	 1.9993 	 0.3995 	 0.9996 
0.9200 	 0.9998 	 1.9998 	 0.3999 	 0.9999 
0.9300 	 0.9999 	 2.0000 	 0.4000 	 1.0000 
0.9400 	 1.0000 	 2.0000 	 0.4000 	 1.0000 
0.9500 	 1.0000 	 2.0000 	 0.4000 	 1.0000 
0.9600 	 1.0000 	 2.0000 	 0.4000 	 1.0000 
0.9700 	 1.0000 	 2.0000 	 0.4000 	 1.0000 
0.9800 	 1.0000 	 2.0000 	 0.4000 	 1.0000 
0.9900 	 1.0000 	 2.0000 	 0.4000 	 1.0000 
