0.0000 	 1.0000 	 -2.0000 	 0.4000 	 1.0000 
0.0100 	 1.0000 	 -2.0000 	 0.4000 	 1.0000 
0.0200 	 1.0000 	 -2.0000 	 0.4000 	 1.0000 
0.0300 	 1.0000 	 -2.0000 	 0.4000 	 1.0000 
0.0400 	 1.0000 	 -2.0000 	 0.4000 	 1.0000 
0.0500 	 1.0000 	 -2.0000 	 0.4000 	 1.0000 
0.0600 	 1.0000 	 -2.0000 	 0.4000 	 1.0000 
0.0700 	 1.0000 	 -2.0000 	 0.4000 	 1.0000 
0.0800 	 1.0000 	 -2.0000 	 0.4000 	 1.0000 
0.0900 	 1.0000 	 -2.0000 	 0.4000 	 1.0000 
0.1000 	 1.0000 	 -2.0000 	 0.4000 	 1.0000 
0.1100 	 1.0000 	 -2.0000 	 0.4000 	 1.0000 
0.1200 	 1.0000 	 -2.0000 	 0.4000 	 1.0000 
0.1300 	 1.0000 	 -2.0000 	 0.4000 	 1.0000 
0.1400 	 1.0000 	 -2.0000 	 0.4000 	 1.0000 
0.1500 	 1.0000 	 -2.0000 	 0.4000 	 1.0000 
0.1600 	 1.0000 	 -2.0000 	 0.4000 	 1.0000 
0.1700 	 1.0000 	 -2.0000 	 0.4000 	 1.0000 
0.1800 	 1.0000 	 -2.0000 	 0.4000 	 1.0000 
0.1900 	 1.0000 	 -2.0000 	 0.4000 	 1.0000 
0.2000 	 1.0000 	 -2.0000 	 0.4000 	 1.0000 
0.2100 	 1.0000 	 -2.0000 	 0.4000 	 1.0000 
0.2200 	 1.0000 	 -2.0000 	 0.4000 	 1.0000 
0.2300 	 1.0000 	 -2.0000 	 0.4000 	 1.0000 
0.2400 	 1.0000 	 -2.0000 	 0.4000 	 1.0000 
0.2500 	 1.0000 	 -2.0000 	 0.4000 	 1.0000 
0.2600 	 1.0000 	 -2.0000 	 0.4000 	 1.0000 
0.2700 	 1.0000 	 -2.0000 	 0.4000 	 1.0000 
0.2800 	 1.0000 	 -2.0000 	 0.4000 	 1.0000 
0.2900 	 1.0000 	 -2.0000 	 0.4000 	 1.0000 
0.3000 	 1.0000 	 -2.0000 	 0.4000 	 1.0000 
0.3100 	 1.0000 	 -2.0000 	 0.4000 	 1.0000 
0.3200 	 1.0000 	 -2.0000 	 0.4000 	 1.0000 
0.3300 	 1.0000 	 -2.0000 	 0.4000 	 1.0000 
0.3400 	 1.0000 	 -2.0000 	 0.4000 	 1.0000 
0.3500 	 1.0000 	 -2.0000 	 0.4000 	 1.0000 
0.3600 	 1.0000 	 -2.0000 	 0.4000 	 1.0000 
0.3700 	 0.9999 	 -1.9999 	 0.4000 	 1.0000 
0.3800 	 0.9994 	 -1.9996 	 0.3997 	 0.9998 
0.3900 	 0.9964 	 -1.9975 	 0.3982 	 0.9990 
0.4000 	 0.9847 	 -1.9898 	 0.3924 	 0.9962 
0.4100 	 0.9507 	 -1.9679 	 0.3765 	 0.9901 
0.4200 	 0.8773 	 -1.9210 	 0.3444 	 0.9813 
0.4300 	 0.7583 	 -1.8416 	 0.2953 	 0.9736 
0.4400 	 0.6072 	 -1.7277 	 0.2363 	 0.9728 
0.4500 	 0.4506 	 -1.5810 	 0.1773 	 0.9838 
0.4600 	 0.3127 	 -1.4035 	 0.1263 	 1.0102 
0.4700 	 0.2067 	 -1.1967 	 0.0873 	 1.0559 
0.4800 	 0.1354 	 -0.9590 	 0.0611 	 1.1289 
0.4900 	 0.1019 	 -0.6209 	 0.0524 	 1.2863 
0.5000 	 0.0874 	 -0.2001 	 0.0548 	 1.5676 
0.5100 	 0.0892 	 0.2033 	 0.0542 	 1.5195 
0.5200 	 0.1024 	 0.6123 	 0.0531 	 1.2971 
0.5300 	 0.1349 	 0.9579 	 0.0614 	 1.1381 
0.5400 	 0.2063 	 1.1974 	 0.0875 	 1.0605 
0.5500 	 0.3126 	 1.4043 	 0.1266 	 1.0123 
0.5600 	 0.4507 	 1.5815 	 0.1775 	 0.9846 
0.5700 	 0.6073 	 1.7279 	 0.2364 	 0.9731 
0.5800 	 0.7583 	 1.8416 	 0.2953 	 0.9737 
0.5900 	 0.8774 	 1.9210 	 0.3444 	 0.9813 
0.6000 	 0.9507 	 1.9679 	 0.3765 	 0.9901 
0.6100 	 0.9847 	 1.9898 	 0.3924 	 0.9962 
0.6200 	 0.9964 	 1.9975 	 0.3982 	 0.9990 
0.6300 	 0.9994 	 1.9996 	 0.3997 	 0.9998 
0.6400 	 0.9999 	 1.9999 	 0.4000 	 1.0000 
0.6500 	 1.0000 	 2.0000 	 0.4000 	 1.0000 
0.6600 	 1.0000 	 2.0000 	 0.4000 	 1.0000 
0.6700 	 1.0000 	 2.0000 	 0.4000 	 1.0000 
0.6800 	 1.0000 	 2.0000 	 0.4000 	 1.0000 
0.6900 	 1.0000 	 2.0000 	 0.4000 	 1.0000 
0.7000 	 1.0000 	 2.0000 	 0.4000 	 1.0000 
0.7100 	 1.0000 	 2.0000 	 0.4000 	 1.0000 
0.7200 	 1.0000 	 2.0000 	 0.4000 	 1.0000 
0.7300 	 1.0000 	 2.0000 	 0.4000 	 1.0000 
0.7400 	 1.0000 	 2.0000 	 0.4000 	 1.0000 
0.7500 	 1.0000 	 2.0000 	 0.4000 	 1.0000 
0.7600 	 1.0000 	 2.0000 	 0.4000 	 1.0000 
0.7700 	 1.0000 	 2.0000 	 0.4000 	 1.0000 
0.7800 	 1.0000 	 2.0000 	 0.4000 	 1.0000 
0.7900 	 1.0000 	 2.0000 	 0.4000 	 1.0000 
0.8000 	 1.0000 	 2.0000 	 0.4000 	 1.0000 
0.8100 	 1.0000 	 2.0000 	 0.4000 	 1.0000 
0.8200 	 1.0000 	 2.0000 	 0.4000 	 1.0000 
0.8300 	 1.0000 	 2.0000 	 0.4000 	 1.0000 
0.8400 	 1.0000 	 2.0000 	 0.4000 	 1.0000 
0.8500 	 1.0000 	 2.0000 	 0.4000 	 1.0000 
0.8600 	 1.0000 	 2.0000 	 0.4000 	 1.0000 
0.8700 	 1.0000 	 2.0000 	 0.4000 	 1.0000 
0.8800 	 1.0000 	 2.0000 	 0.4000 	 1.0000 
0.8900 	 1.0000 	 2.0000 	 0.4000 	 1.0000 
0.9000 	 1.0000 	 2.0000 	 0.4000 	 1.0000 
0.9100 	 1.0000 	 2.0000 	 0.4000 	 1.0000 
0.9200 	 1.0000 	 2.0000 	 0.4000 	 1.0000 
0.9300 	 1.0000 	 2.0000 	 0.4000 	 1.0000 
0.9400 	 1.0000 	 2.0000 	 0.4000 	 1.0000 
0.9500 	 1.0000 	 2.0000 	 0.4000 	 1.0000 
0.9600 	 1.0000 	 2.0000 	 0.4000 	 1.0000 
0.9700 	 1.0000 	 2.0000 	 0.4000 	 1.0000 
0.9800 	 1.0000 	 2.0000 	 0.4000 	 1.0000 
0.9900 	 1.0000 	 2.0000 	 0.4000 	 1.0000 
